,PERIODO,CODIGO_ENTIDAD,NOMBRE_ENTIDAD,CUENTA,NOMBRE_CUENTA,CUENTA_NIVEL_01,CUENTA_NIVEL_02,CUENTA_NIVEL_03,CUENTA_NIVEL_04,CUENTA_NIVEL_05,CUENTA_NIVEL_06,CUENTA_NIVEL_07,CUENTA_NIVEL_08,CUENTA_NIVEL_09,CUENTA_NIVEL_10,VIGENCIA_DEL_GASTO,SECCION_PRESUPUESTAL,PROGRAMATICO_MGA,BPIN,SECTOR,APROPIACION_INICIAL,APROPIACION_DEFINITIVA,VIGENCIA,TRIMESTRE,PRESUPUESTO_DEFINITIVO,PRESUPUESTO_INICIAL,TOTAL_RECAUDO,CPC,FUENTES_FINANCIACION,APLICA_DESTINACION_ESPECIFICA,TIPO_NORMA_DESTINACION,TIPO_NORMA,NUMERO_NORMA,TERCERO,POLITICA_PUBLICA,DETALLE_SECTORIAL,RECAUDO_VAC_SS,RECAUDO_VAC_CS,RECAUDO_VAN_SS,RECAUDO_VAN_CS,SITUACION_DE_FONDOS,TERCEROS,SECTORIAL,COMPROMISOS,OBLIGACIONES,PAGOS
1380,20230601,220115276,E.S.E. Centro de Salud - Floresta,2.4.1.01.01.001.06,PRIMA DE SERVICIO,GASTOS,GASTOS DE OPERACION COMERCIAL,GASTOS DE PERSONAL,PLANTA DE PERSONAL PERMANENTE,FACTORES CONSTITUTIVOS DE SALARIO,FACTORES SALARIALES COMUNES,PRIMA DE SERVICIO,No Aplica,No Aplica,No Aplica,VIGENCIA ACTUAL,ENTIDADES DIFERENTES A ENTIDADES TERRITORIALES - UNIDAD DE SALUD,NO DEFINIDO,NO DEFINIDO,NO APLICA,13199615.0,13199615.0,2023,Segundo Trimestre,,,,,,,,,,,,,,,,,,,,,,
16079,20210901,220115276,E.S.E. Centro de Salud - Floresta,2.1.8.03,TASAS Y DERECHOS ADMINISTRATIVOS,GASTOS,FUNCIONAMIENTO,"GASTOS POR TRIBUTOS, TASAS, CONTRIBUCIONES, MULTAS, SANCIONES E INTERESES DE MORA",TASAS Y DERECHOS ADMINISTRATIVOS,No Aplica,No Aplica,No Aplica,No Aplica,No Aplica,No Aplica,VIGENCIA ACTUAL,ENTIDADES TERRITORIALES - SALUD,NO DEFINIDO,NO DEFINIDO,NO APLICA,600000.0,600000.0,2021,Tercer Trimestre,,,,,,,,,,,,,,,,,,,,,,
17752,20230301,220115276,E.S.E. Centro de Salud - Floresta,2.4.1.01.01,FACTORES CONSTITUTIVOS DE SALARIO,GASTOS,GASTOS DE OPERACION COMERCIAL,GASTOS DE PERSONAL,PLANTA DE PERSONAL PERMANENTE,FACTORES CONSTITUTIVOS DE SALARIO,No Aplica,No Aplica,No Aplica,No Aplica,No Aplica,VIGENCIA ACTUAL,ENTIDADES TERRITORIALES - SALUD,NO DEFINIDO,NO DEFINIDO,NO DEFINIDO,161091670.0,162593670.0,2023,Primer Trimestre,,,,,,,,,,,,,,,,,,,,,,
17817,20230601,220115276,E.S.E. Centro de Salud - Floresta,2.4.1.01.02.004,APORTES A CAJAS DE COMPENSACION FAMILIAR,GASTOS,GASTOS DE OPERACION COMERCIAL,GASTOS DE PERSONAL,PLANTA DE PERSONAL PERMANENTE,CONTRIBUCIONES INHERENTES A LA NOMINA,APORTES A CAJAS DE COMPENSACION FAMILIAR,No Aplica,No Aplica,No Aplica,No Aplica,VIGENCIA ACTUAL,ENTIDADES DIFERENTES A ENTIDADES TERRITORIALES - UNIDAD DE SALUD,NO DEFINIDO,NO DEFINIDO,NO APLICA,7611438.0,7611438.0,2023,Segundo Trimestre,,,,,,,,,,,,,,,,,,,,,,
20031,20210901,220115276,E.S.E. Centro de Salud - Floresta,2.1.1.01.02.005,APORTES GENERALES AL SISTEMA DE RIESGOS LABORALES,GASTOS,FUNCIONAMIENTO,GASTOS DE PERSONAL,PLANTA DE PERSONAL PERMANENTE,CONTRIBUCIONES INHERENTES A LA NOMINA,APORTES GENERALES AL SISTEMA DE RIESGOS LABORALES,No Aplica,No Aplica,No Aplica,No Aplica,VIGENCIA ACTUAL,ENTIDADES TERRITORIALES - SALUD,NO DEFINIDO,NO DEFINIDO,NO APLICA,3800000.0,3800000.0,2021,Tercer Trimestre,,,,,,,,,,,,,,,,,,,,,,
22951,20221201,220115276,E.S.E. Centro de Salud - Floresta,2.4.1.01.02.003,APORTES DE CESANTIAS,GASTOS,GASTOS DE OPERACION COMERCIAL,GASTOS DE PERSONAL,PLANTA DE PERSONAL PERMANENTE,CONTRIBUCIONES INHERENTES A LA NOMINA,APORTES DE CESANTIAS,No Aplica,No Aplica,No Aplica,No Aplica,VIGENCIA ACTUAL,ENTIDADES DIFERENTES A ENTIDADES TERRITORIALES - GESTION GENERAL,NO DEFINIDO,NO DEFINIDO,NO APLICA,11480989.0,17851989.0,2022,Cuarto Trimestre,,,,,,,,,,,,,,,,,,,,,,
26950,20211201,220115276,E.S.E. Centro de Salud - Floresta,2.1.3,TRANSFERENCIAS CORRIENTES,GASTOS,FUNCIONAMIENTO,TRANSFERENCIAS CORRIENTES,No Aplica,No Aplica,No Aplica,No Aplica,No Aplica,No Aplica,No Aplica,VIGENCIA ACTUAL,ENTIDADES TERRITORIALES - SALUD,NO DEFINIDO,NO DEFINIDO,NO DEFINIDO,1400000.0,1400000.0,2021,Cuarto Trimestre,,,,,,,,,,,,,,,,,,,,,,
28564,20210601,220115276,E.S.E. Centro de Salud - Floresta,2.1.1.01.01.001.06,PRIMA DE SERVICIO,GASTOS,FUNCIONAMIENTO,GASTOS DE PERSONAL,PLANTA DE PERSONAL PERMANENTE,FACTORES CONSTITUTIVOS DE SALARIO,FACTORES SALARIALES COMUNES,PRIMA DE SERVICIO,No Aplica,No Aplica,No Aplica,VIGENCIA ACTUAL,ENTIDADES DIFERENTES A ENTIDADES TERRITORIALES - UNIDAD DE SALUD,NO DEFINIDO,NO DEFINIDO,SALUD Y PROTECCION SOCIAL,9190155.0,9190155.0,2021,Segundo Trimestre,,,,,,,,,,,,,,,,,,,,,,
30923,20220301,220115276,E.S.E. Centro de Salud - Floresta,2.1.2.01.01.003.06,"APARATOS MEDICOS, INSTRUMENTOS OPTICOS Y DE PRECISION, RELOJES",GASTOS,FUNCIONAMIENTO,ADQUISICION DE BIENES Y SERVICIOS,ADQUISICION DE ACTIVOS NO FINANCIEROS,ACTIVOS FIJOS,MAQUINARIA Y EQUIPO,"APARATOS MEDICOS, INSTRUMENTOS OPTICOS Y DE PRECISION, RELOJES",No Aplica,No Aplica,No Aplica,VIGENCIA ACTUAL,ENTIDADES DIFERENTES A ENTIDADES TERRITORIALES - GESTION GENERAL,NO DEFINIDO,NO DEFINIDO,NO DEFINIDO,5000000.0,8000000.0,2022,Primer Trimestre,,,,,,,,,,,,,,,,,,,,,,
31576,20220301,220115276,E.S.E. Centro de Salud - Floresta,2.4.1.01.03.001.01,VACACIONES,GASTOS,GASTOS DE OPERACION COMERCIAL,GASTOS DE PERSONAL,PLANTA DE PERSONAL PERMANENTE,REMUNERACIONES NO CONSTITUTIVAS DE FACTOR SALARIAL,PRESTACIONES SOCIALES,VACACIONES,No Aplica,No Aplica,No Aplica,VIGENCIA ACTUAL,ENTIDADES DIFERENTES A ENTIDADES TERRITORIALES - GESTION GENERAL,NO DEFINIDO,NO DEFINIDO,NO APLICA,3500000.0,3500000.0,2022,Primer Trimestre,,,,,,,,,,,,,,,,,,,,,,
35454,20230301,220115276,E.S.E. Centro de Salud - Floresta,2.1.3.13.01,FALLOS NACIONALES,GASTOS,FUNCIONAMIENTO,TRANSFERENCIAS CORRIENTES,SENTENCIAS Y CONCILIACIONES,FALLOS NACIONALES,No Aplica,No Aplica,No Aplica,No Aplica,No Aplica,VIGENCIA ACTUAL,ENTIDADES TERRITORIALES - SALUD,NO DEFINIDO,NO DEFINIDO,NO DEFINIDO,1000000.0,1000000.0,2023,Primer Trimestre,,,,,,,,,,,,,,,,,,,,,,
35660,20210901,220115276,E.S.E. Centro de Salud - Floresta,2.1.8,"GASTOS POR TRIBUTOS, TASAS, CONTRIBUCIONES, MULTAS, SANCIONES E INTERESES DE MORA",GASTOS,FUNCIONAMIENTO,"GASTOS POR TRIBUTOS, TASAS, CONTRIBUCIONES, MULTAS, SANCIONES E INTERESES DE MORA",No Aplica,No Aplica,No Aplica,No Aplica,No Aplica,No Aplica,No Aplica,VIGENCIA ACTUAL,ENTIDADES TERRITORIALES - SALUD,NO DEFINIDO,NO DEFINIDO,NO DEFINIDO,600000.0,600000.0,2021,Tercer Trimestre,,,,,,,,,,,,,,,,,,,,,,
36586,20221201,220115276,E.S.E. Centro de Salud - Floresta,2.1.8.04,CONTRIBUCIONES,GASTOS,FUNCIONAMIENTO,"GASTOS POR TRIBUTOS, TASAS, CONTRIBUCIONES, MULTAS, SANCIONES E INTERESES DE MORA",CONTRIBUCIONES,No Aplica,No Aplica,No Aplica,No Aplica,No Aplica,No Aplica,VIGENCIA ACTUAL,ENTIDADES DIFERENTES A ENTIDADES TERRITORIALES - GESTION GENERAL,NO DEFINIDO,NO DEFINIDO,NO DEFINIDO,850000.0,850000.0,2022,Cuarto Trimestre,,,,,,,,,,,,,,,,,,,,,,
38631,20220301,220115276,E.S.E. Centro de Salud - Floresta,2.4.1.01.01.001,FACTORES SALARIALES COMUNES,GASTOS,GASTOS DE OPERACION COMERCIAL,GASTOS DE PERSONAL,PLANTA DE PERSONAL PERMANENTE,FACTORES CONSTITUTIVOS DE SALARIO,FACTORES SALARIALES COMUNES,No Aplica,No Aplica,No Aplica,No Aplica,VIGENCIA ACTUAL,ENTIDADES DIFERENTES A ENTIDADES TERRITORIALES - GESTION GENERAL,NO DEFINIDO,NO DEFINIDO,NO DEFINIDO,134303371.0,134303371.0,2022,Primer Trimestre,,,,,,,,,,,,,,,,,,,,,,
42158,20221201,220115276,E.S.E. Centro de Salud - Floresta,2.4.1.01.02.001,APORTES A LA SEGURIDAD SOCIAL EN PENSIONES,GASTOS,GASTOS DE OPERACION COMERCIAL,GASTOS DE PERSONAL,PLANTA DE PERSONAL PERMANENTE,CONTRIBUCIONES INHERENTES A LA NOMINA,APORTES A LA SEGURIDAD SOCIAL EN PENSIONES,No Aplica,No Aplica,No Aplica,No Aplica,VIGENCIA ACTUAL,ENTIDADES DIFERENTES A ENTIDADES TERRITORIALES - GESTION GENERAL,NO DEFINIDO,NO DEFINIDO,NO APLICA,12462677.0,17591668.0,2022,Cuarto Trimestre,,,,,,,,,,,,,,,,,,,,,,
44545,20230601,220115276,E.S.E. Centro de Salud - Floresta,2.4.1.01.01.001.04,SUBSIDIO DE ALIMENTACION,GASTOS,GASTOS DE OPERACION COMERCIAL,GASTOS DE PERSONAL,PLANTA DE PERSONAL PERMANENTE,FACTORES CONSTITUTIVOS DE SALARIO,FACTORES SALARIALES COMUNES,SUBSIDIO DE ALIMENTACION,No Aplica,No Aplica,No Aplica,VIGENCIA ACTUAL,ENTIDADES DIFERENTES A ENTIDADES TERRITORIALES - UNIDAD DE SALUD,NO DEFINIDO,NO DEFINIDO,NO APLICA,2880864.0,2880864.0,2023,Segundo Trimestre,,,,,,,,,,,,,,,,,,,,,,
45178,20230601,220115276,E.S.E. Centro de Salud - Floresta,2.1.1.01.02.006,APORTES AL ICBF,GASTOS,FUNCIONAMIENTO,GASTOS DE PERSONAL,PLANTA DE PERSONAL PERMANENTE,CONTRIBUCIONES INHERENTES A LA NOMINA,APORTES AL ICBF,No Aplica,No Aplica,No Aplica,No Aplica,VIGENCIA ACTUAL,ENTIDADES DIFERENTES A ENTIDADES TERRITORIALES - UNIDAD DE SALUD,NO DEFINIDO,NO DEFINIDO,NO APLICA,3057489.0,3057489.0,2023,Segundo Trimestre,,,,,,,,,,,,,,,,,,,,,,
47583,20230601,220115276,E.S.E. Centro de Salud - Floresta,2.4.1.01.02.003,APORTES DE CESANTIAS,GASTOS,GASTOS DE OPERACION COMERCIAL,GASTOS DE PERSONAL,PLANTA DE PERSONAL PERMANENTE,CONTRIBUCIONES INHERENTES A LA NOMINA,APORTES DE CESANTIAS,No Aplica,No Aplica,No Aplica,No Aplica,VIGENCIA ACTUAL,ENTIDADES DIFERENTES A ENTIDADES TERRITORIALES - UNIDAD DE SALUD,NO DEFINIDO,NO DEFINIDO,NO APLICA,7160896.0,7160896.0,2023,Segundo Trimestre,,,,,,,,,,,,,,,,,,,,,,
50019,20220301,220115276,E.S.E. Centro de Salud - Floresta,2.4.1.01.02.005,APORTES GENERALES AL SISTEMA DE RIESGOS LABORALES,GASTOS,GASTOS DE OPERACION COMERCIAL,GASTOS DE PERSONAL,PLANTA DE PERSONAL PERMANENTE,CONTRIBUCIONES INHERENTES A LA NOMINA,APORTES GENERALES AL SISTEMA DE RIESGOS LABORALES,No Aplica,No Aplica,No Aplica,No Aplica,VIGENCIA ACTUAL,ENTIDADES DIFERENTES A ENTIDADES TERRITORIALES - GESTION GENERAL,NO DEFINIDO,NO DEFINIDO,NO APLICA,2910446.0,2910446.0,2022,Primer Trimestre,,,,,,,,,,,,,,,,,,,,,,
50535,20230601,220115276,E.S.E. Centro de Salud - Floresta,2.4.1.01.02.007,APORTES AL SENA,GASTOS,GASTOS DE OPERACION COMERCIAL,GASTOS DE PERSONAL,PLANTA DE PERSONAL PERMANENTE,CONTRIBUCIONES INHERENTES A LA NOMINA,APORTES AL SENA,No Aplica,No Aplica,No Aplica,No Aplica,VIGENCIA ACTUAL,ENTIDADES DIFERENTES A ENTIDADES TERRITORIALES - UNIDAD DE SALUD,NO DEFINIDO,NO DEFINIDO,NO APLICA,3805719.0,3805719.0,2023,Segundo Trimestre,,,,,,,,,,,,,,,,,,,,,,
58523,20230301,220115276,E.S.E. Centro de Salud - Floresta,2.1.3.13.01.001,SENTENCIAS,GASTOS,FUNCIONAMIENTO,TRANSFERENCIAS CORRIENTES,SENTENCIAS Y CONCILIACIONES,FALLOS NACIONALES,SENTENCIAS,No Aplica,No Aplica,No Aplica,No Aplica,VIGENCIA ACTUAL,ENTIDADES TERRITORIALES - SALUD,NO DEFINIDO,NO DEFINIDO,NO APLICA,1000000.0,1000000.0,2023,Primer Trimestre,,,,,,,,,,,,,,,,,,,,,,
58648,20220601,220115276,E.S.E. Centro de Salud - Floresta,2.1.2.01.01.003.06.01,APARATOS MEDICOS Y QUIRURGICOS Y APARATOS ORTESICOS Y PROTESICOS,GASTOS,FUNCIONAMIENTO,ADQUISICION DE BIENES Y SERVICIOS,ADQUISICION DE ACTIVOS NO FINANCIEROS,ACTIVOS FIJOS,MAQUINARIA Y EQUIPO,"APARATOS MEDICOS, INSTRUMENTOS OPTICOS Y DE PRECISION, RELOJES",APARATOS MEDICOS Y QUIRURGICOS Y APARATOS ORTESICOS Y PROTESICOS,No Aplica,No Aplica,VIGENCIA ACTUAL,ENTIDADES DIFERENTES A ENTIDADES TERRITORIALES - GESTION GENERAL,NO DEFINIDO,NO DEFINIDO,NO APLICA,5000000.0,12000000.0,2022,Segundo Trimestre,,,,,,,,,,,,,,,,,,,,,,
60500,20220901,220115276,E.S.E. Centro de Salud - Floresta,2.1.1.01.02.007,APORTES AL SENA,GASTOS,FUNCIONAMIENTO,GASTOS DE PERSONAL,PLANTA DE PERSONAL PERMANENTE,CONTRIBUCIONES INHERENTES A LA NOMINA,APORTES AL SENA,No Aplica,No Aplica,No Aplica,No Aplica,VIGENCIA ACTUAL,ENTIDADES DIFERENTES A ENTIDADES TERRITORIALES - GESTION GENERAL,NO DEFINIDO,NO DEFINIDO,NO APLICA,1461737.0,1461737.0,2022,Tercer Trimestre,,,,,,,,,,,,,,,,,,,,,,
60891,20221201,220115276,E.S.E. Centro de Salud - Floresta,2.4.5,GASTOS DE COMERCIALIZACION Y PRODUCCION,GASTOS,GASTOS DE OPERACION COMERCIAL,GASTOS DE COMERCIALIZACION Y PRODUCCION,No Aplica,No Aplica,No Aplica,No Aplica,No Aplica,No Aplica,No Aplica,VIGENCIA ACTUAL,ENTIDADES DIFERENTES A ENTIDADES TERRITORIALES - GESTION GENERAL,NO DEFINIDO,NO DEFINIDO,NO DEFINIDO,90300000.0,267562447.0,2022,Cuarto Trimestre,,,,,,,,,,,,,,,,,,,,,,
62831,20230601,220115276,E.S.E. Centro de Salud - Floresta,2.4.1.01.02.001,APORTES A LA SEGURIDAD SOCIAL EN PENSIONES,GASTOS,GASTOS DE OPERACION COMERCIAL,GASTOS DE PERSONAL,PLANTA DE PERSONAL PERMANENTE,CONTRIBUCIONES INHERENTES A LA NOMINA,APORTES A LA SEGURIDAD SOCIAL EN PENSIONES,No Aplica,No Aplica,No Aplica,No Aplica,VIGENCIA ACTUAL,ENTIDADES DIFERENTES A ENTIDADES TERRITORIALES - UNIDAD DE SALUD,NO DEFINIDO,NO DEFINIDO,NO APLICA,14264751.0,14264751.0,2023,Segundo Trimestre,,,,,,,,,,,,,,,,,,,,,,
63449,20230301,220115276,E.S.E. Centro de Salud - Floresta,2.1.8,"GASTOS POR TRIBUTOS, TASAS, CONTRIBUCIONES, MULTAS, SANCIONES E INTERESES DE MORA",GASTOS,FUNCIONAMIENTO,"GASTOS POR TRIBUTOS, TASAS, CONTRIBUCIONES, MULTAS, SANCIONES E INTERESES DE MORA",No Aplica,No Aplica,No Aplica,No Aplica,No Aplica,No Aplica,No Aplica,VIGENCIA ACTUAL,ENTIDADES TERRITORIALES - SALUD,NO DEFINIDO,NO DEFINIDO,NO DEFINIDO,850000.0,850000.0,2023,Primer Trimestre,,,,,,,,,,,,,,,,,,,,,,
66165,20220601,220115276,E.S.E. Centro de Salud - Floresta,2.1.3.13,SENTENCIAS Y CONCILIACIONES,GASTOS,FUNCIONAMIENTO,TRANSFERENCIAS CORRIENTES,SENTENCIAS Y CONCILIACIONES,No Aplica,No Aplica,No Aplica,No Aplica,No Aplica,No Aplica,VIGENCIA ACTUAL,ENTIDADES DIFERENTES A ENTIDADES TERRITORIALES - GESTION GENERAL,NO DEFINIDO,NO DEFINIDO,NO DEFINIDO,1000000.0,1000000.0,2022,Segundo Trimestre,,,,,,,,,,,,,,,,,,,,,,
70489,20221201,220115276,E.S.E. Centro de Salud - Floresta,2.1.1.01.03,REMUNERACIONES NO CONSTITUTIVAS DE FACTOR SALARIAL,GASTOS,FUNCIONAMIENTO,GASTOS DE PERSONAL,PLANTA DE PERSONAL PERMANENTE,REMUNERACIONES NO CONSTITUTIVAS DE FACTOR SALARIAL,No Aplica,No Aplica,No Aplica,No Aplica,No Aplica,VIGENCIA ACTUAL,ENTIDADES DIFERENTES A ENTIDADES TERRITORIALES - GESTION GENERAL,NO DEFINIDO,NO DEFINIDO,NO DEFINIDO,4911477.0,6086477.0,2022,Cuarto Trimestre,,,,,,,,,,,,,,,,,,,,,,
75579,20210901,220115276,E.S.E. Centro de Salud - Floresta,2.1.1.01.01.001.06,PRIMA DE SERVICIO,GASTOS,FUNCIONAMIENTO,GASTOS DE PERSONAL,PLANTA DE PERSONAL PERMANENTE,FACTORES CONSTITUTIVOS DE SALARIO,FACTORES SALARIALES COMUNES,PRIMA DE SERVICIO,No Aplica,No Aplica,No Aplica,VIGENCIA ACTUAL,ENTIDADES TERRITORIALES - SALUD,NO DEFINIDO,NO DEFINIDO,SALUD Y PROTECCION SOCIAL,9190155.0,9190155.0,2021,Tercer Trimestre,,,,,,,,,,,,,,,,,,,,,,
81239,20230601,220115276,E.S.E. Centro de Salud - Floresta,2.4.1.01.02.006,APORTES AL ICBF,GASTOS,GASTOS DE OPERACION COMERCIAL,GASTOS DE PERSONAL,PLANTA DE PERSONAL PERMANENTE,CONTRIBUCIONES INHERENTES A LA NOMINA,APORTES AL ICBF,No Aplica,No Aplica,No Aplica,No Aplica,VIGENCIA ACTUAL,ENTIDADES DIFERENTES A ENTIDADES TERRITORIALES - UNIDAD DE SALUD,NO DEFINIDO,NO DEFINIDO,NO APLICA,5708578.0,5708578.0,2023,Segundo Trimestre,,,,,,,,,,,,,,,,,,,,,,
84755,20211201,220115276,E.S.E. Centro de Salud - Floresta,2.1.1.01.02.003,APORTES DE CESANTIAS,GASTOS,FUNCIONAMIENTO,GASTOS DE PERSONAL,PLANTA DE PERSONAL PERMANENTE,CONTRIBUCIONES INHERENTES A LA NOMINA,APORTES DE CESANTIAS,No Aplica,No Aplica,No Aplica,No Aplica,VIGENCIA ACTUAL,ENTIDADES TERRITORIALES - SALUD,NO DEFINIDO,NO DEFINIDO,SALUD Y PROTECCION SOCIAL,10651652.0,25434564.0,2021,Cuarto Trimestre,,,,,,,,,,,,,,,,,,,,,,
87277,20210901,220115276,E.S.E. Centro de Salud - Floresta,2.1.1.01.03,REMUNERACIONES NO CONSTITUTIVAS DE FACTOR SALARIAL,GASTOS,FUNCIONAMIENTO,GASTOS DE PERSONAL,PLANTA DE PERSONAL PERMANENTE,REMUNERACIONES NO CONSTITUTIVAS DE FACTOR SALARIAL,No Aplica,No Aplica,No Aplica,No Aplica,No Aplica,VIGENCIA ACTUAL,ENTIDADES TERRITORIALES - SALUD,NO DEFINIDO,NO DEFINIDO,NO DEFINIDO,14853914.0,14853914.0,2021,Tercer Trimestre,,,,,,,,,,,,,,,,,,,,,,
89874,20220301,220115276,E.S.E. Centro de Salud - Floresta,2.1,FUNCIONAMIENTO,GASTOS,FUNCIONAMIENTO,No Aplica,No Aplica,No Aplica,No Aplica,No Aplica,No Aplica,No Aplica,No Aplica,VIGENCIA ACTUAL,ENTIDADES DIFERENTES A ENTIDADES TERRITORIALES - GESTION GENERAL,NO DEFINIDO,NO DEFINIDO,NO DEFINIDO,240852042.0,269967296.0,2022,Primer Trimestre,,,,,,,,,,,,,,,,,,,,,,
92533,20220901,220115276,E.S.E. Centro de Salud - Floresta,2.1.2.01.01.003.04,MAQUINARIA Y APARATOS ELECTRICOS,GASTOS,FUNCIONAMIENTO,ADQUISICION DE BIENES Y SERVICIOS,ADQUISICION DE ACTIVOS NO FINANCIEROS,ACTIVOS FIJOS,MAQUINARIA Y EQUIPO,MAQUINARIA Y APARATOS ELECTRICOS,No Aplica,No Aplica,No Aplica,VIGENCIA ACTUAL,ENTIDADES DIFERENTES A ENTIDADES TERRITORIALES - GESTION GENERAL,NO DEFINIDO,NO DEFINIDO,NO DEFINIDO,2500000.0,2500000.0,2022,Tercer Trimestre,,,,,,,,,,,,,,,,,,,,,,
96732,20210901,220115276,E.S.E. Centro de Salud - Floresta,2.1.1.01.01.001.08.01,PRIMA DE NAVIDAD,GASTOS,FUNCIONAMIENTO,GASTOS DE PERSONAL,PLANTA DE PERSONAL PERMANENTE,FACTORES CONSTITUTIVOS DE SALARIO,FACTORES SALARIALES COMUNES,PRESTACIONES SOCIALES,PRIMA DE NAVIDAD,No Aplica,No Aplica,VIGENCIA ACTUAL,ENTIDADES TERRITORIALES - SALUD,NO DEFINIDO,NO DEFINIDO,NO APLICA,8201708.0,8201708.0,2021,Tercer Trimestre,,,,,,,,,,,,,,,,,,,,,,
96880,20220601,220115276,E.S.E. Centro de Salud - Floresta,2.4.1,GASTOS DE PERSONAL,GASTOS,GASTOS DE OPERACION COMERCIAL,GASTOS DE PERSONAL,No Aplica,No Aplica,No Aplica,No Aplica,No Aplica,No Aplica,No Aplica,VIGENCIA ACTUAL,ENTIDADES DIFERENTES A ENTIDADES TERRITORIALES - GESTION GENERAL,NO DEFINIDO,NO DEFINIDO,NO DEFINIDO,194623958.0,240686634.0,2022,Segundo Trimestre,,,,,,,,,,,,,,,,,,,,,,
97845,20210901,220115276,E.S.E. Centro de Salud - Floresta,2.1.2.02.01,MATERIALES Y SUMINISTROS,GASTOS,FUNCIONAMIENTO,ADQUISICION DE BIENES Y SERVICIOS,ADQUISICIONES DIFERENTES DE ACTIVOS,MATERIALES Y SUMINISTROS,No Aplica,No Aplica,No Aplica,No Aplica,No Aplica,VIGENCIA ACTUAL,ENTIDADES TERRITORIALES - SALUD,NO DEFINIDO,NO DEFINIDO,NO DEFINIDO,9882727.0,28882727.0,2021,Tercer Trimestre,,,,,,,,,,,,,,,,,,,,,,
105980,20221201,220115276,E.S.E. Centro de Salud - Floresta,2.4.1.01.02.005,APORTES GENERALES AL SISTEMA DE RIESGOS LABORALES,GASTOS,GASTOS DE OPERACION COMERCIAL,GASTOS DE PERSONAL,PLANTA DE PERSONAL PERMANENTE,CONTRIBUCIONES INHERENTES A LA NOMINA,APORTES GENERALES AL SISTEMA DE RIESGOS LABORALES,No Aplica,No Aplica,No Aplica,No Aplica,VIGENCIA ACTUAL,ENTIDADES DIFERENTES A ENTIDADES TERRITORIALES - GESTION GENERAL,NO DEFINIDO,NO DEFINIDO,NO APLICA,2910446.0,3445051.0,2022,Cuarto Trimestre,,,,,,,,,,,,,,,,,,,,,,
109524,20220901,220115276,E.S.E. Centro de Salud - Floresta,2.4.1.01.02.003,APORTES DE CESANTIAS,GASTOS,GASTOS DE OPERACION COMERCIAL,GASTOS DE PERSONAL,PLANTA DE PERSONAL PERMANENTE,CONTRIBUCIONES INHERENTES A LA NOMINA,APORTES DE CESANTIAS,No Aplica,No Aplica,No Aplica,No Aplica,VIGENCIA ACTUAL,ENTIDADES DIFERENTES A ENTIDADES TERRITORIALES - GESTION GENERAL,NO DEFINIDO,NO DEFINIDO,NO APLICA,11480989.0,11480989.0,2022,Tercer Trimestre,,,,,,,,,,,,,,,,,,,,,,
111718,20210301,220115276,E.S.E. Centro de Salud - Floresta,2.1.1.01.01.001.01,SUELDO BASICO,GASTOS,FUNCIONAMIENTO,GASTOS DE PERSONAL,PLANTA DE PERSONAL PERMANENTE,FACTORES CONSTITUTIVOS DE SALARIO,FACTORES SALARIALES COMUNES,SUELDO BASICO,No Aplica,No Aplica,No Aplica,VIGENCIA ACTUAL,ENTIDADES DIFERENTES A ENTIDADES TERRITORIALES - UNIDAD DE SALUD,NO DEFINIDO,NO DEFINIDO,SALUD Y PROTECCION SOCIAL,196116210.0,196116210.0,2021,Primer Trimestre,,,,,,,,,,,,,,,,,,,,,,
111931,20220301,220115276,E.S.E. Centro de Salud - Floresta,2.4.5.02,ADQUISICION DE SERVICIOS,GASTOS,GASTOS DE OPERACION COMERCIAL,GASTOS DE COMERCIALIZACION Y PRODUCCION,ADQUISICION DE SERVICIOS,No Aplica,No Aplica,No Aplica,No Aplica,No Aplica,No Aplica,VIGENCIA ACTUAL,ENTIDADES DIFERENTES A ENTIDADES TERRITORIALES - GESTION GENERAL,NO DEFINIDO,NO DEFINIDO,NO DEFINIDO,72300000.0,92300000.0,2022,Primer Trimestre,,,,,,,,,,,,,,,,,,,,,,
112952,20230301,220115276,E.S.E. Centro de Salud - Floresta,2.1.2.02.02.006,"COMERCIO Y DISTRIBUCION; ALOJAMIENTO; SERVICIOS DE SUMINISTRO DE COMIDAS Y BEBIDAS; SERVICIOS DE TRANSPORTE; Y SERVICIOS DE DISTRIBUCION DE ELECTRICIDAD, GAS Y AGUA",GASTOS,FUNCIONAMIENTO,ADQUISICION DE BIENES Y SERVICIOS,ADQUISICIONES DIFERENTES DE ACTIVOS,ADQUISICION DE SERVICIOS,"COMERCIO Y DISTRIBUCION; ALOJAMIENTO; SERVICIOS DE SUMINISTRO DE COMIDAS Y BEBIDAS; SERVICIOS DE TRANSPORTE; Y SERVICIOS DE DISTRIBUCION DE ELECTRICIDAD, GAS Y AGUA",No Aplica,No Aplica,No Aplica,No Aplica,VIGENCIA ACTUAL,ENTIDADES TERRITORIALES - SALUD,NO DEFINIDO,NO DEFINIDO,NO APLICA,6000000.0,6000000.0,2023,Primer Trimestre,,,,,,,,,,,,,,,,,,,,,,
116135,20210601,220115276,E.S.E. Centro de Salud - Floresta,2.1.1.01.03.001.02,INDEMNIZACION POR VACACIONES,GASTOS,FUNCIONAMIENTO,GASTOS DE PERSONAL,PLANTA DE PERSONAL PERMANENTE,REMUNERACIONES NO CONSTITUTIVAS DE FACTOR SALARIAL,PRESTACIONES SOCIALES,INDEMNIZACION POR VACACIONES,No Aplica,No Aplica,No Aplica,VIGENCIA ACTUAL,ENTIDADES DIFERENTES A ENTIDADES TERRITORIALES - UNIDAD DE SALUD,NO DEFINIDO,NO DEFINIDO,NO APLICA,4977620.0,4977620.0,2021,Segundo Trimestre,,,,,,,,,,,,,,,,,,,,,,
117739,20211201,220115276,E.S.E. Centro de Salud - Floresta,2.1.2.02.01.003,"OTROS BIENES TRANSPORTABLES EXCEPTO PRODUCTOS METALICOS, MAQUINARIA Y EQUIPO",GASTOS,FUNCIONAMIENTO,ADQUISICION DE BIENES Y SERVICIOS,ADQUISICIONES DIFERENTES DE ACTIVOS,MATERIALES Y SUMINISTROS,"OTROS BIENES TRANSPORTABLES EXCEPTO PRODUCTOS METALICOS, MAQUINARIA Y EQUIPO",No Aplica,No Aplica,No Aplica,No Aplica,VIGENCIA ACTUAL,ENTIDADES TERRITORIALES - SALUD,NO DEFINIDO,NO DEFINIDO,SALUD Y PROTECCION SOCIAL,4000000.0,23000000.0,2021,Cuarto Trimestre,,,,,,,,,,,,,,,,,,,,,,
120594,20220601,220115276,E.S.E. Centro de Salud - Floresta,2.4.1.01.02,CONTRIBUCIONES INHERENTES A LA NOMINA,GASTOS,GASTOS DE OPERACION COMERCIAL,GASTOS DE PERSONAL,PLANTA DE PERSONAL PERMANENTE,CONTRIBUCIONES INHERENTES A LA NOMINA,No Aplica,No Aplica,No Aplica,No Aplica,No Aplica,VIGENCIA ACTUAL,ENTIDADES DIFERENTES A ENTIDADES TERRITORIALES - GESTION GENERAL,NO DEFINIDO,NO DEFINIDO,NO DEFINIDO,52118300.0,52118300.0,2022,Segundo Trimestre,,,,,,,,,,,,,,,,,,,,,,
124957,20230601,220115276,E.S.E. Centro de Salud - Floresta,2.1.1.01.02.003,APORTES DE CESANTIAS,GASTOS,FUNCIONAMIENTO,GASTOS DE PERSONAL,PLANTA DE PERSONAL PERMANENTE,CONTRIBUCIONES INHERENTES A LA NOMINA,APORTES DE CESANTIAS,No Aplica,No Aplica,No Aplica,No Aplica,VIGENCIA ACTUAL,ENTIDADES DIFERENTES A ENTIDADES TERRITORIALES - UNIDAD DE SALUD,NO DEFINIDO,NO DEFINIDO,NO APLICA,5289267.0,5289267.0,2023,Segundo Trimestre,,,,,,,,,,,,,,,,,,,,,,
125320,20220301,220115276,E.S.E. Centro de Salud - Floresta,2.1.1.01.02.007,APORTES AL SENA,GASTOS,FUNCIONAMIENTO,GASTOS DE PERSONAL,PLANTA DE PERSONAL PERMANENTE,CONTRIBUCIONES INHERENTES A LA NOMINA,APORTES AL SENA,No Aplica,No Aplica,No Aplica,No Aplica,VIGENCIA ACTUAL,ENTIDADES DIFERENTES A ENTIDADES TERRITORIALES - GESTION GENERAL,NO DEFINIDO,NO DEFINIDO,NO APLICA,1461737.0,1461737.0,2022,Primer Trimestre,,,,,,,,,,,,,,,,,,,,,,
134638,20211201,220115276,E.S.E. Centro de Salud - Floresta,2.1.1.01.01.001.10,VIATICOS DE LOS FUNCIONARIOS EN COMISION,GASTOS,FUNCIONAMIENTO,GASTOS DE PERSONAL,PLANTA DE PERSONAL PERMANENTE,FACTORES CONSTITUTIVOS DE SALARIO,FACTORES SALARIALES COMUNES,VIATICOS DE LOS FUNCIONARIOS EN COMISION,No Aplica,No Aplica,No Aplica,VIGENCIA ACTUAL,ENTIDADES TERRITORIALES - SALUD,NO DEFINIDO,NO DEFINIDO,SALUD Y PROTECCION SOCIAL,3000000.0,3500000.0,2021,Cuarto Trimestre,,,,,,,,,,,,,,,,,,,,,,
137899,20210601,220115276,E.S.E. Centro de Salud - Floresta,2.1.2,ADQUISICION DE BIENES Y SERVICIOS,GASTOS,FUNCIONAMIENTO,ADQUISICION DE BIENES Y SERVICIOS,No Aplica,No Aplica,No Aplica,No Aplica,No Aplica,No Aplica,No Aplica,VIGENCIA ACTUAL,ENTIDADES DIFERENTES A ENTIDADES TERRITORIALES - UNIDAD DE SALUD,NO DEFINIDO,NO DEFINIDO,NO DEFINIDO,195440189.0,384933132.0,2021,Segundo Trimestre,,,,,,,,,,,,,,,,,,,,,,
143274,20220601,220115276,E.S.E. Centro de Salud - Floresta,2.4.5,GASTOS DE COMERCIALIZACION Y PRODUCCION,GASTOS,GASTOS DE OPERACION COMERCIAL,GASTOS DE COMERCIALIZACION Y PRODUCCION,No Aplica,No Aplica,No Aplica,No Aplica,No Aplica,No Aplica,No Aplica,VIGENCIA ACTUAL,ENTIDADES DIFERENTES A ENTIDADES TERRITORIALES - GESTION GENERAL,NO DEFINIDO,NO DEFINIDO,NO DEFINIDO,90300000.0,235798774.0,2022,Segundo Trimestre,,,,,,,,,,,,,,,,,,,,,,
149125,20230601,220115276,E.S.E. Centro de Salud - Floresta,2.1.2.01.01.001.02.08,EDIFICIOS RELACIONADOS CON SALUD,GASTOS,FUNCIONAMIENTO,ADQUISICION DE BIENES Y SERVICIOS,ADQUISICION DE ACTIVOS NO FINANCIEROS,ACTIVOS FIJOS,EDIFICACIONES Y ESTRUCTURAS,EDIFICACIONES DISTINTAS A VIVIENDAS,EDIFICIOS RELACIONADOS CON SALUD,No Aplica,No Aplica,VIGENCIA ACTUAL,ENTIDADES DIFERENTES A ENTIDADES TERRITORIALES - UNIDAD DE SALUD,NO DEFINIDO,NO DEFINIDO,NO APLICA,3000000.0,3000000.0,2023,Segundo Trimestre,,,,,,,,,,,,,,,,,,,,,,
152487,20220601,220115276,E.S.E. Centro de Salud - Floresta,2.1.1.01.01.001.06,PRIMA DE SERVICIO,GASTOS,FUNCIONAMIENTO,GASTOS DE PERSONAL,PLANTA DE PERSONAL PERMANENTE,FACTORES CONSTITUTIVOS DE SALARIO,FACTORES SALARIALES COMUNES,PRIMA DE SERVICIO,No Aplica,No Aplica,No Aplica,VIGENCIA ACTUAL,ENTIDADES DIFERENTES A ENTIDADES TERRITORIALES - GESTION GENERAL,NO DEFINIDO,NO DEFINIDO,NO APLICA,2896880.0,3296880.0,2022,Segundo Trimestre,,,,,,,,,,,,,,,,,,,,,,
156245,20220601,220115276,E.S.E. Centro de Salud - Floresta,2.1.1.01.01.001.08,PRESTACIONES SOCIALES,GASTOS,FUNCIONAMIENTO,GASTOS DE PERSONAL,PLANTA DE PERSONAL PERMANENTE,FACTORES CONSTITUTIVOS DE SALARIO,FACTORES SALARIALES COMUNES,PRESTACIONES SOCIALES,No Aplica,No Aplica,No Aplica,VIGENCIA ACTUAL,ENTIDADES DIFERENTES A ENTIDADES TERRITORIALES - GESTION GENERAL,NO DEFINIDO,NO DEFINIDO,NO DEFINIDO,9304213.0,9304213.0,2022,Segundo Trimestre,,,,,,,,,,,,,,,,,,,,,,
159092,20220601,220115276,E.S.E. Centro de Salud - Floresta,2.1.2.02.01.004,PRODUCTOS METALICOS Y PAQUETES DE SOFTWARE,GASTOS,FUNCIONAMIENTO,ADQUISICION DE BIENES Y SERVICIOS,ADQUISICIONES DIFERENTES DE ACTIVOS,MATERIALES Y SUMINISTROS,PRODUCTOS METALICOS Y PAQUETES DE SOFTWARE,No Aplica,No Aplica,No Aplica,No Aplica,VIGENCIA ACTUAL,ENTIDADES DIFERENTES A ENTIDADES TERRITORIALES - GESTION GENERAL,NO DEFINIDO,NO DEFINIDO,NO APLICA,6000000.0,6000000.0,2022,Segundo Trimestre,,,,,,,,,,,,,,,,,,,,,,
164378,20220901,220115276,E.S.E. Centro de Salud - Floresta,2.1.2.01.01.003.03,"MAQUINARIA DE OFICINA, CONTABILIDAD E INFORMATICA",GASTOS,FUNCIONAMIENTO,ADQUISICION DE BIENES Y SERVICIOS,ADQUISICION DE ACTIVOS NO FINANCIEROS,ACTIVOS FIJOS,MAQUINARIA Y EQUIPO,"MAQUINARIA DE OFICINA, CONTABILIDAD E INFORMATICA",No Aplica,No Aplica,No Aplica,VIGENCIA ACTUAL,ENTIDADES DIFERENTES A ENTIDADES TERRITORIALES - GESTION GENERAL,NO DEFINIDO,NO DEFINIDO,NO DEFINIDO,1500000.0,1500000.0,2022,Tercer Trimestre,,,,,,,,,,,,,,,,,,,,,,
165029,20230601,220115276,E.S.E. Centro de Salud - Floresta,2.1.1.01.03.001.02,INDEMNIZACION POR VACACIONES,GASTOS,FUNCIONAMIENTO,GASTOS DE PERSONAL,PLANTA DE PERSONAL PERMANENTE,REMUNERACIONES NO CONSTITUTIVAS DE FACTOR SALARIAL,PRESTACIONES SOCIALES,INDEMNIZACION POR VACACIONES,No Aplica,No Aplica,No Aplica,VIGENCIA ACTUAL,ENTIDADES DIFERENTES A ENTIDADES TERRITORIALES - UNIDAD DE SALUD,NO DEFINIDO,NO DEFINIDO,NO APLICA,6003685.0,6003685.0,2023,Segundo Trimestre,,,,,,,,,,,,,,,,,,,,,,
168341,20211201,220115276,E.S.E. Centro de Salud - Floresta,2.1.2.02.02.006,"COMERCIO Y DISTRIBUCION; ALOJAMIENTO; SERVICIOS DE SUMINISTRO DE COMIDAS Y BEBIDAS; SERVICIOS DE TRANSPORTE; Y SERVICIOS DE DISTRIBUCION DE ELECTRICIDAD, GAS Y AGUA",GASTOS,FUNCIONAMIENTO,ADQUISICION DE BIENES Y SERVICIOS,ADQUISICIONES DIFERENTES DE ACTIVOS,ADQUISICION DE SERVICIOS,"COMERCIO Y DISTRIBUCION; ALOJAMIENTO; SERVICIOS DE SUMINISTRO DE COMIDAS Y BEBIDAS; SERVICIOS DE TRANSPORTE; Y SERVICIOS DE DISTRIBUCION DE ELECTRICIDAD, GAS Y AGUA",No Aplica,No Aplica,No Aplica,No Aplica,VIGENCIA ACTUAL,ENTIDADES TERRITORIALES - SALUD,NO DEFINIDO,NO DEFINIDO,SALUD Y PROTECCION SOCIAL,5000000.0,14500000.0,2021,Cuarto Trimestre,,,,,,,,,,,,,,,,,,,,,,
170102,20230601,220115276,E.S.E. Centro de Salud - Floresta,2.1.2.01.01.001.02,EDIFICACIONES DISTINTAS A VIVIENDAS,GASTOS,FUNCIONAMIENTO,ADQUISICION DE BIENES Y SERVICIOS,ADQUISICION DE ACTIVOS NO FINANCIEROS,ACTIVOS FIJOS,EDIFICACIONES Y ESTRUCTURAS,EDIFICACIONES DISTINTAS A VIVIENDAS,No Aplica,No Aplica,No Aplica,VIGENCIA ACTUAL,ENTIDADES DIFERENTES A ENTIDADES TERRITORIALES - UNIDAD DE SALUD,NO DEFINIDO,NO DEFINIDO,NO DEFINIDO,3000000.0,3000000.0,2023,Segundo Trimestre,,,,,,,,,,,,,,,,,,,,,,
173397,20230601,220115276,E.S.E. Centro de Salud - Floresta,2.4.5.01.03,"OTROS BIENES TRANSPORTABLES EXCEPTO PRODUCTOS METALICOS, MAQUINARIA Y EQUIPO",GASTOS,GASTOS DE OPERACION COMERCIAL,GASTOS DE COMERCIALIZACION Y PRODUCCION,MATERIALES Y SUMINISTROS,"OTROS BIENES TRANSPORTABLES EXCEPTO PRODUCTOS METALICOS, MAQUINARIA Y EQUIPO",No Aplica,No Aplica,No Aplica,No Aplica,No Aplica,VIGENCIA ACTUAL,ENTIDADES DIFERENTES A ENTIDADES TERRITORIALES - UNIDAD DE SALUD,NO DEFINIDO,NO DEFINIDO,NO APLICA,21000000.0,50382420.0,2023,Segundo Trimestre,,,,,,,,,,,,,,,,,,,,,,
178723,20220301,220115276,E.S.E. Centro de Salud - Floresta,2.1.1.01.01.001.07,BONIFICACION POR SERVICIOS PRESTADOS,GASTOS,FUNCIONAMIENTO,GASTOS DE PERSONAL,PLANTA DE PERSONAL PERMANENTE,FACTORES CONSTITUTIVOS DE SALARIO,FACTORES SALARIALES COMUNES,BONIFICACION POR SERVICIOS PRESTADOS,No Aplica,No Aplica,No Aplica,VIGENCIA ACTUAL,ENTIDADES DIFERENTES A ENTIDADES TERRITORIALES - GESTION GENERAL,NO DEFINIDO,NO DEFINIDO,NO APLICA,2228268.0,2228268.0,2022,Primer Trimestre,,,,,,,,,,,,,,,,,,,,,,
179839,20220601,220115276,E.S.E. Centro de Salud - Floresta,2.1.1.01.01.001.08.01,PRIMA DE NAVIDAD,GASTOS,FUNCIONAMIENTO,GASTOS DE PERSONAL,PLANTA DE PERSONAL PERMANENTE,FACTORES CONSTITUTIVOS DE SALARIO,FACTORES SALARIALES COMUNES,PRESTACIONES SOCIALES,PRIMA DE NAVIDAD,No Aplica,No Aplica,VIGENCIA ACTUAL,ENTIDADES DIFERENTES A ENTIDADES TERRITORIALES - GESTION GENERAL,NO DEFINIDO,NO DEFINIDO,NO APLICA,6286630.0,6286630.0,2022,Segundo Trimestre,,,,,,,,,,,,,,,,,,,,,,
179957,20230601,220115276,E.S.E. Centro de Salud - Floresta,2.4.5.01,MATERIALES Y SUMINISTROS,GASTOS,GASTOS DE OPERACION COMERCIAL,GASTOS DE COMERCIALIZACION Y PRODUCCION,MATERIALES Y SUMINISTROS,No Aplica,No Aplica,No Aplica,No Aplica,No Aplica,No Aplica,VIGENCIA ACTUAL,ENTIDADES DIFERENTES A ENTIDADES TERRITORIALES - UNIDAD DE SALUD,NO DEFINIDO,NO DEFINIDO,NO DEFINIDO,21000000.0,50382420.0,2023,Segundo Trimestre,,,,,,,,,,,,,,,,,,,,,,
180073,20220601,220115276,E.S.E. Centro de Salud - Floresta,2.1.2.02.02,ADQUISICION DE SERVICIOS,GASTOS,FUNCIONAMIENTO,ADQUISICION DE BIENES Y SERVICIOS,ADQUISICIONES DIFERENTES DE ACTIVOS,ADQUISICION DE SERVICIOS,No Aplica,No Aplica,No Aplica,No Aplica,No Aplica,VIGENCIA ACTUAL,ENTIDADES DIFERENTES A ENTIDADES TERRITORIALES - GESTION GENERAL,NO DEFINIDO,NO DEFINIDO,NO DEFINIDO,103400000.0,185581093.0,2022,Segundo Trimestre,,,,,,,,,,,,,,,,,,,,,,
185947,20211201,220115276,E.S.E. Centro de Salud - Floresta,2.1.1,GASTOS DE PERSONAL,GASTOS,FUNCIONAMIENTO,GASTOS DE PERSONAL,No Aplica,No Aplica,No Aplica,No Aplica,No Aplica,No Aplica,No Aplica,VIGENCIA ACTUAL,ENTIDADES TERRITORIALES - SALUD,NO DEFINIDO,NO DEFINIDO,NO DEFINIDO,332669811.0,361128967.0,2021,Cuarto Trimestre,,,,,,,,,,,,,,,,,,,,,,
188895,20220601,220115276,E.S.E. Centro de Salud - Floresta,2.4.1.01.01.001.07,BONIFICACION POR SERVICIOS PRESTADOS,GASTOS,GASTOS DE OPERACION COMERCIAL,GASTOS DE PERSONAL,PLANTA DE PERSONAL PERMANENTE,FACTORES CONSTITUTIVOS DE SALARIO,FACTORES SALARIALES COMUNES,BONIFICACION POR SERVICIOS PRESTADOS,No Aplica,No Aplica,No Aplica,VIGENCIA ACTUAL,ENTIDADES DIFERENTES A ENTIDADES TERRITORIALES - GESTION GENERAL,NO DEFINIDO,NO DEFINIDO,NO APLICA,662203.0,1662203.0,2022,Segundo Trimestre,,,,,,,,,,,,,,,,,,,,,,
190668,20220901,220115276,E.S.E. Centro de Salud - Floresta,2.1.2.01.01.003.06,"APARATOS MEDICOS, INSTRUMENTOS OPTICOS Y DE PRECISION, RELOJES",GASTOS,FUNCIONAMIENTO,ADQUISICION DE BIENES Y SERVICIOS,ADQUISICION DE ACTIVOS NO FINANCIEROS,ACTIVOS FIJOS,MAQUINARIA Y EQUIPO,"APARATOS MEDICOS, INSTRUMENTOS OPTICOS Y DE PRECISION, RELOJES",No Aplica,No Aplica,No Aplica,VIGENCIA ACTUAL,ENTIDADES DIFERENTES A ENTIDADES TERRITORIALES - GESTION GENERAL,NO DEFINIDO,NO DEFINIDO,NO DEFINIDO,5000000.0,12000000.0,2022,Tercer Trimestre,,,,,,,,,,,,,,,,,,,,,,
192507,20210601,220115276,E.S.E. Centro de Salud - Floresta,2.1.1.01.02.007,APORTES AL SENA,GASTOS,FUNCIONAMIENTO,GASTOS DE PERSONAL,PLANTA DE PERSONAL PERMANENTE,CONTRIBUCIONES INHERENTES A LA NOMINA,APORTES AL SENA,No Aplica,No Aplica,No Aplica,No Aplica,VIGENCIA ACTUAL,ENTIDADES DIFERENTES A ENTIDADES TERRITORIALES - UNIDAD DE SALUD,NO DEFINIDO,NO DEFINIDO,NO APLICA,4411273.0,4411273.0,2021,Segundo Trimestre,,,,,,,,,,,,,,,,,,,,,,
195671,20210301,220115276,E.S.E. Centro de Salud - Floresta,2.1.8.03,TASAS Y DERECHOS ADMINISTRATIVOS,GASTOS,FUNCIONAMIENTO,"GASTOS POR TRIBUTOS, TASAS, CONTRIBUCIONES, MULTAS, SANCIONES E INTERESES DE MORA",TASAS Y DERECHOS ADMINISTRATIVOS,No Aplica,No Aplica,No Aplica,No Aplica,No Aplica,No Aplica,VIGENCIA ACTUAL,ENTIDADES DIFERENTES A ENTIDADES TERRITORIALES - UNIDAD DE SALUD,NO DEFINIDO,NO DEFINIDO,NO APLICA,600000.0,600000.0,2021,Primer Trimestre,,,,,,,,,,,,,,,,,,,,,,
205857,20210901,220115276,E.S.E. Centro de Salud - Floresta,2.1.1.01.01,FACTORES CONSTITUTIVOS DE SALARIO,GASTOS,FUNCIONAMIENTO,GASTOS DE PERSONAL,PLANTA DE PERSONAL PERMANENTE,FACTORES CONSTITUTIVOS DE SALARIO,No Aplica,No Aplica,No Aplica,No Aplica,No Aplica,VIGENCIA ACTUAL,ENTIDADES TERRITORIALES - SALUD,NO DEFINIDO,NO DEFINIDO,NO DEFINIDO,238297962.0,238274206.0,2021,Tercer Trimestre,,,,,,,,,,,,,,,,,,,,,,
206897,20221201,220115276,E.S.E. Centro de Salud - Floresta,2.1.2.01.01.003.03.02,"MAQUINARIA DE INFORMATICA Y SUS PARTES, PIEZAS Y ACCESORIOS",GASTOS,FUNCIONAMIENTO,ADQUISICION DE BIENES Y SERVICIOS,ADQUISICION DE ACTIVOS NO FINANCIEROS,ACTIVOS FIJOS,MAQUINARIA Y EQUIPO,"MAQUINARIA DE OFICINA, CONTABILIDAD E INFORMATICA","MAQUINARIA DE INFORMATICA Y SUS PARTES, PIEZAS Y ACCESORIOS",No Aplica,No Aplica,VIGENCIA ACTUAL,ENTIDADES DIFERENTES A ENTIDADES TERRITORIALES - GESTION GENERAL,NO DEFINIDO,NO DEFINIDO,NO APLICA,1500000.0,1500000.0,2022,Cuarto Trimestre,,,,,,,,,,,,,,,,,,,,,,
207890,20210901,220115276,E.S.E. Centro de Salud - Floresta,2.1.1.01.03.001.03,BONIFICACION ESPECIAL DE RECREACION,GASTOS,FUNCIONAMIENTO,GASTOS DE PERSONAL,PLANTA DE PERSONAL PERMANENTE,REMUNERACIONES NO CONSTITUTIVAS DE FACTOR SALARIAL,PRESTACIONES SOCIALES,BONIFICACION ESPECIAL DE RECREACION,No Aplica,No Aplica,No Aplica,VIGENCIA ACTUAL,ENTIDADES TERRITORIALES - SALUD,NO DEFINIDO,NO DEFINIDO,NO APLICA,1225353.0,1225353.0,2021,Tercer Trimestre,,,,,,,,,,,,,,,,,,,,,,
212085,20210301,220115276,E.S.E. Centro de Salud - Floresta,2.1.1.01.01.001.04,SUBSIDIO DE ALIMENTACION,GASTOS,FUNCIONAMIENTO,GASTOS DE PERSONAL,PLANTA DE PERSONAL PERMANENTE,FACTORES CONSTITUTIVOS DE SALARIO,FACTORES SALARIALES COMUNES,SUBSIDIO DE ALIMENTACION,No Aplica,No Aplica,No Aplica,VIGENCIA ACTUAL,ENTIDADES DIFERENTES A ENTIDADES TERRITORIALES - UNIDAD DE SALUD,NO DEFINIDO,NO DEFINIDO,SALUD Y PROTECCION SOCIAL,3950194.0,3950194.0,2021,Primer Trimestre,,,,,,,,,,,,,,,,,,,,,,
216564,20230601,220115276,E.S.E. Centro de Salud - Floresta,2.1.2.01.01.003.03,"MAQUINARIA DE OFICINA, CONTABILIDAD E INFORMATICA",GASTOS,FUNCIONAMIENTO,ADQUISICION DE BIENES Y SERVICIOS,ADQUISICION DE ACTIVOS NO FINANCIEROS,ACTIVOS FIJOS,MAQUINARIA Y EQUIPO,"MAQUINARIA DE OFICINA, CONTABILIDAD E INFORMATICA",No Aplica,No Aplica,No Aplica,VIGENCIA ACTUAL,ENTIDADES DIFERENTES A ENTIDADES TERRITORIALES - UNIDAD DE SALUD,NO DEFINIDO,NO DEFINIDO,NO DEFINIDO,1500000.0,2302000.0,2023,Segundo Trimestre,,,,,,,,,,,,,,,,,,,,,,
230133,20230301,220115276,E.S.E. Centro de Salud - Floresta,2.4.1.01.02.005,APORTES GENERALES AL SISTEMA DE RIESGOS LABORALES,GASTOS,GASTOS DE OPERACION COMERCIAL,GASTOS DE PERSONAL,PLANTA DE PERSONAL PERMANENTE,CONTRIBUCIONES INHERENTES A LA NOMINA,APORTES GENERALES AL SISTEMA DE RIESGOS LABORALES,No Aplica,No Aplica,No Aplica,No Aplica,VIGENCIA ACTUAL,ENTIDADES TERRITORIALES - SALUD,NO DEFINIDO,NO DEFINIDO,NO APLICA,3210792.0,3210792.0,2023,Primer Trimestre,,,,,,,,,,,,,,,,,,,,,,
239364,20221201,220115276,E.S.E. Centro de Salud - Floresta,2.1.1.01.03.001.03,BONIFICACION ESPECIAL DE RECREACION,GASTOS,FUNCIONAMIENTO,GASTOS DE PERSONAL,PLANTA DE PERSONAL PERMANENTE,REMUNERACIONES NO CONSTITUTIVAS DE FACTOR SALARIAL,PRESTACIONES SOCIALES,BONIFICACION ESPECIAL DE RECREACION,No Aplica,No Aplica,No Aplica,VIGENCIA ACTUAL,ENTIDADES DIFERENTES A ENTIDADES TERRITORIALES - GESTION GENERAL,NO DEFINIDO,NO DEFINIDO,NO APLICA,285690.0,420690.0,2022,Cuarto Trimestre,,,,,,,,,,,,,,,,,,,,,,
240097,20220601,220115276,E.S.E. Centro de Salud - Floresta,2.1.2.02,ADQUISICIONES DIFERENTES DE ACTIVOS,GASTOS,FUNCIONAMIENTO,ADQUISICION DE BIENES Y SERVICIOS,ADQUISICIONES DIFERENTES DE ACTIVOS,No Aplica,No Aplica,No Aplica,No Aplica,No Aplica,No Aplica,VIGENCIA ACTUAL,ENTIDADES DIFERENTES A ENTIDADES TERRITORIALES - GESTION GENERAL,NO DEFINIDO,NO DEFINIDO,NO DEFINIDO,121400000.0,223081093.0,2022,Segundo Trimestre,,,,,,,,,,,,,,,,,,,,,,
246130,20210301,220115276,E.S.E. Centro de Salud - Floresta,2.1.1.01.02.004,APORTES A CAJAS DE COMPENSACION FAMILIAR,GASTOS,FUNCIONAMIENTO,GASTOS DE PERSONAL,PLANTA DE PERSONAL PERMANENTE,CONTRIBUCIONES INHERENTES A LA NOMINA,APORTES A CAJAS DE COMPENSACION FAMILIAR,No Aplica,No Aplica,No Aplica,No Aplica,VIGENCIA ACTUAL,ENTIDADES DIFERENTES A ENTIDADES TERRITORIALES - UNIDAD DE SALUD,NO DEFINIDO,NO DEFINIDO,NO APLICA,8822547.0,8822547.0,2021,Primer Trimestre,,,,,,,,,,,,,,,,,,,,,,
247835,20220901,220115276,E.S.E. Centro de Salud - Floresta,2.4.1.01.01.001.08,PRESTACIONES SOCIALES,GASTOS,GASTOS DE OPERACION COMERCIAL,GASTOS DE PERSONAL,PLANTA DE PERSONAL PERMANENTE,FACTORES CONSTITUTIVOS DE SALARIO,FACTORES SALARIALES COMUNES,PRESTACIONES SOCIALES,No Aplica,No Aplica,No Aplica,VIGENCIA ACTUAL,ENTIDADES DIFERENTES A ENTIDADES TERRITORIALES - GESTION GENERAL,NO DEFINIDO,NO DEFINIDO,NO DEFINIDO,14004284.0,14004284.0,2022,Tercer Trimestre,,,,,,,,,,,,,,,,,,,,,,
250175,20230301,220115276,E.S.E. Centro de Salud - Floresta,2.1.2.01.01.003.03,"MAQUINARIA DE OFICINA, CONTABILIDAD E INFORMATICA",GASTOS,FUNCIONAMIENTO,ADQUISICION DE BIENES Y SERVICIOS,ADQUISICION DE ACTIVOS NO FINANCIEROS,ACTIVOS FIJOS,MAQUINARIA Y EQUIPO,"MAQUINARIA DE OFICINA, CONTABILIDAD E INFORMATICA",No Aplica,No Aplica,No Aplica,VIGENCIA ACTUAL,ENTIDADES TERRITORIALES - SALUD,NO DEFINIDO,NO DEFINIDO,NO DEFINIDO,1500000.0,1500000.0,2023,Primer Trimestre,,,,,,,,,,,,,,,,,,,,,,
251694,20230301,220115276,E.S.E. Centro de Salud - Floresta,2.4.5.02.09,"SERVICIOS PARA LA COMUNIDAD, SOCIALES Y PERSONALES",GASTOS,GASTOS DE OPERACION COMERCIAL,GASTOS DE COMERCIALIZACION Y PRODUCCION,ADQUISICION DE SERVICIOS,"SERVICIOS PARA LA COMUNIDAD, SOCIALES Y PERSONALES",No Aplica,No Aplica,No Aplica,No Aplica,No Aplica,VIGENCIA ACTUAL,ENTIDADES TERRITORIALES - SALUD,NO DEFINIDO,NO DEFINIDO,NO APLICA,73740000.0,106929613.0,2023,Primer Trimestre,,,,,,,,,,,,,,,,,,,,,,
254247,20220601,220115276,E.S.E. Centro de Salud - Floresta,2.4.1.01.01.001.01,SUELDO BASICO,GASTOS,GASTOS DE OPERACION COMERCIAL,GASTOS DE PERSONAL,PLANTA DE PERSONAL PERMANENTE,FACTORES CONSTITUTIVOS DE SALARIO,FACTORES SALARIALES COMUNES,SUELDO BASICO,No Aplica,No Aplica,No Aplica,VIGENCIA ACTUAL,ENTIDADES DIFERENTES A ENTIDADES TERRITORIALES - GESTION GENERAL,NO DEFINIDO,NO DEFINIDO,NO APLICA,108658308.0,152479772.0,2022,Segundo Trimestre,,,,,,,,,,,,,,,,,,,,,,
258797,20220601,220115276,E.S.E. Centro de Salud - Floresta,2.1.1,GASTOS DE PERSONAL,GASTOS,FUNCIONAMIENTO,GASTOS DE PERSONAL,No Aplica,No Aplica,No Aplica,No Aplica,No Aplica,No Aplica,No Aplica,VIGENCIA ACTUAL,ENTIDADES DIFERENTES A ENTIDADES TERRITORIALES - GESTION GENERAL,NO DEFINIDO,NO DEFINIDO,NO DEFINIDO,100602042.0,114013938.0,2022,Segundo Trimestre,,,,,,,,,,,,,,,,,,,,,,
265781,20230301,220115276,E.S.E. Centro de Salud - Floresta,2.1.2.02.01,MATERIALES Y SUMINISTROS,GASTOS,FUNCIONAMIENTO,ADQUISICION DE BIENES Y SERVICIOS,ADQUISICIONES DIFERENTES DE ACTIVOS,MATERIALES Y SUMINISTROS,No Aplica,No Aplica,No Aplica,No Aplica,No Aplica,VIGENCIA ACTUAL,ENTIDADES TERRITORIALES - SALUD,NO DEFINIDO,NO DEFINIDO,NO DEFINIDO,21000000.0,53844800.0,2023,Primer Trimestre,,,,,,,,,,,,,,,,,,,,,,
269914,20230301,220115276,E.S.E. Centro de Salud - Floresta,2.1.1.01.02.002,APORTES A LA SEGURIDAD SOCIAL EN SALUD,GASTOS,FUNCIONAMIENTO,GASTOS DE PERSONAL,PLANTA DE PERSONAL PERMANENTE,CONTRIBUCIONES INHERENTES A LA NOMINA,APORTES A LA SEGURIDAD SOCIAL EN SALUD,No Aplica,No Aplica,No Aplica,No Aplica,VIGENCIA ACTUAL,ENTIDADES TERRITORIALES - SALUD,NO DEFINIDO,NO DEFINIDO,NO APLICA,7494645.0,7494645.0,2023,Primer Trimestre,,,,,,,,,,,,,,,,,,,,,,
278435,20221201,220115276,E.S.E. Centro de Salud - Floresta,2,GASTOS,GASTOS,No Aplica,No Aplica,No Aplica,No Aplica,No Aplica,No Aplica,No Aplica,No Aplica,No Aplica,VIGENCIA ACTUAL,ENTIDADES DIFERENTES A ENTIDADES TERRITORIALES - GESTION GENERAL,NO DEFINIDO,NO DEFINIDO,NO DEFINIDO,531776000.0,1053871996.0,2022,Cuarto Trimestre,,,,,,,,,,,,,,,,,,,,,,
281788,20221201,220115276,E.S.E. Centro de Salud - Floresta,2.4.1.01,PLANTA DE PERSONAL PERMANENTE,GASTOS,GASTOS DE OPERACION COMERCIAL,GASTOS DE PERSONAL,PLANTA DE PERSONAL PERMANENTE,No Aplica,No Aplica,No Aplica,No Aplica,No Aplica,No Aplica,VIGENCIA ACTUAL,ENTIDADES DIFERENTES A ENTIDADES TERRITORIALES - GESTION GENERAL,NO DEFINIDO,NO DEFINIDO,NO DEFINIDO,194623958.0,271594651.0,2022,Cuarto Trimestre,,,,,,,,,,,,,,,,,,,,,,
284459,20220601,220115276,E.S.E. Centro de Salud - Floresta,2.4.1.01.02.005,APORTES GENERALES AL SISTEMA DE RIESGOS LABORALES,GASTOS,GASTOS DE OPERACION COMERCIAL,GASTOS DE PERSONAL,PLANTA DE PERSONAL PERMANENTE,CONTRIBUCIONES INHERENTES A LA NOMINA,APORTES GENERALES AL SISTEMA DE RIESGOS LABORALES,No Aplica,No Aplica,No Aplica,No Aplica,VIGENCIA ACTUAL,ENTIDADES DIFERENTES A ENTIDADES TERRITORIALES - GESTION GENERAL,NO DEFINIDO,NO DEFINIDO,NO APLICA,2910446.0,2910446.0,2022,Segundo Trimestre,,,,,,,,,,,,,,,,,,,,,,
284600,20220901,220115276,E.S.E. Centro de Salud - Floresta,2.1.2.02.02.005,CONSTRUCCION Y SERVICIOS DE LA CONSTRUCCION,GASTOS,FUNCIONAMIENTO,ADQUISICION DE BIENES Y SERVICIOS,ADQUISICIONES DIFERENTES DE ACTIVOS,ADQUISICION DE SERVICIOS,CONSTRUCCION Y SERVICIOS DE LA CONSTRUCCION,No Aplica,No Aplica,No Aplica,No Aplica,VIGENCIA ACTUAL,ENTIDADES DIFERENTES A ENTIDADES TERRITORIALES - GESTION GENERAL,NO DEFINIDO,NO DEFINIDO,NO APLICA,4000000.0,4000000.0,2022,Tercer Trimestre,,,,,,,,,,,,,,,,,,,,,,
287431,20230301,220115276,E.S.E. Centro de Salud - Floresta,2.4.1.01.02.004,APORTES A CAJAS DE COMPENSACION FAMILIAR,GASTOS,GASTOS DE OPERACION COMERCIAL,GASTOS DE PERSONAL,PLANTA DE PERSONAL PERMANENTE,CONTRIBUCIONES INHERENTES A LA NOMINA,APORTES A CAJAS DE COMPENSACION FAMILIAR,No Aplica,No Aplica,No Aplica,No Aplica,VIGENCIA ACTUAL,ENTIDADES TERRITORIALES - SALUD,NO DEFINIDO,NO DEFINIDO,NO APLICA,7611438.0,7611438.0,2023,Primer Trimestre,,,,,,,,,,,,,,,,,,,,,,
292164,20211201,220115276,E.S.E. Centro de Salud - Floresta,2.1.2.02.02.009,"SERVICIOS PARA LA COMUNIDAD, SOCIALES Y PERSONALES",GASTOS,FUNCIONAMIENTO,ADQUISICION DE BIENES Y SERVICIOS,ADQUISICIONES DIFERENTES DE ACTIVOS,ADQUISICION DE SERVICIOS,"SERVICIOS PARA LA COMUNIDAD, SOCIALES Y PERSONALES",No Aplica,No Aplica,No Aplica,No Aplica,VIGENCIA ACTUAL,ENTIDADES TERRITORIALES - SALUD,NO DEFINIDO,NO DEFINIDO,SALUD Y PROTECCION SOCIAL,77847462.0,142347462.0,2021,Cuarto Trimestre,,,,,,,,,,,,,,,,,,,,,,
293010,20221201,220115276,E.S.E. Centro de Salud - Floresta,2.1.1.01.01.001.08,PRESTACIONES SOCIALES,GASTOS,FUNCIONAMIENTO,GASTOS DE PERSONAL,PLANTA DE PERSONAL PERMANENTE,FACTORES CONSTITUTIVOS DE SALARIO,FACTORES SALARIALES COMUNES,PRESTACIONES SOCIALES,No Aplica,No Aplica,No Aplica,VIGENCIA ACTUAL,ENTIDADES DIFERENTES A ENTIDADES TERRITORIALES - GESTION GENERAL,NO DEFINIDO,NO DEFINIDO,NO DEFINIDO,9304213.0,11014213.0,2022,Cuarto Trimestre,,,,,,,,,,,,,,,,,,,,,,
297553,20210301,220115276,E.S.E. Centro de Salud - Floresta,2.1.1.01.02.007,APORTES AL SENA,GASTOS,FUNCIONAMIENTO,GASTOS DE PERSONAL,PLANTA DE PERSONAL PERMANENTE,CONTRIBUCIONES INHERENTES A LA NOMINA,APORTES AL SENA,No Aplica,No Aplica,No Aplica,No Aplica,VIGENCIA ACTUAL,ENTIDADES DIFERENTES A ENTIDADES TERRITORIALES - UNIDAD DE SALUD,NO DEFINIDO,NO DEFINIDO,NO APLICA,4411273.0,4411273.0,2021,Primer Trimestre,,,,,,,,,,,,,,,,,,,,,,
300152,20220601,220115276,E.S.E. Centro de Salud - Floresta,2.1.8,"GASTOS POR TRIBUTOS, TASAS, CONTRIBUCIONES, MULTAS, SANCIONES E INTERESES DE MORA",GASTOS,FUNCIONAMIENTO,"GASTOS POR TRIBUTOS, TASAS, CONTRIBUCIONES, MULTAS, SANCIONES E INTERESES DE MORA",No Aplica,No Aplica,No Aplica,No Aplica,No Aplica,No Aplica,No Aplica,VIGENCIA ACTUAL,ENTIDADES DIFERENTES A ENTIDADES TERRITORIALES - GESTION GENERAL,NO DEFINIDO,NO DEFINIDO,NO DEFINIDO,850000.0,850000.0,2022,Segundo Trimestre,,,,,,,,,,,,,,,,,,,,,,
302748,20230601,220115276,E.S.E. Centro de Salud - Floresta,2.1.2.01,ADQUISICION DE ACTIVOS NO FINANCIEROS,GASTOS,FUNCIONAMIENTO,ADQUISICION DE BIENES Y SERVICIOS,ADQUISICION DE ACTIVOS NO FINANCIEROS,No Aplica,No Aplica,No Aplica,No Aplica,No Aplica,No Aplica,VIGENCIA ACTUAL,ENTIDADES DIFERENTES A ENTIDADES TERRITORIALES - UNIDAD DE SALUD,NO DEFINIDO,NO DEFINIDO,NO DEFINIDO,15500000.0,15500000.0,2023,Segundo Trimestre,,,,,,,,,,,,,,,,,,,,,,
303190,20230301,220115276,E.S.E. Centro de Salud - Floresta,2.1.1.01.01.001,FACTORES SALARIALES COMUNES,GASTOS,FUNCIONAMIENTO,GASTOS DE PERSONAL,PLANTA DE PERSONAL PERMANENTE,FACTORES CONSTITUTIVOS DE SALARIO,FACTORES SALARIALES COMUNES,No Aplica,No Aplica,No Aplica,No Aplica,VIGENCIA ACTUAL,ENTIDADES TERRITORIALES - SALUD,NO DEFINIDO,NO DEFINIDO,NO DEFINIDO,96566476.0,88336476.0,2023,Primer Trimestre,,,,,,,,,,,,,,,,,,,,,,
303749,20221201,220115276,E.S.E. Centro de Salud - Floresta,2.1.2.01.01.003.06,"APARATOS MEDICOS, INSTRUMENTOS OPTICOS Y DE PRECISION, RELOJES",GASTOS,FUNCIONAMIENTO,ADQUISICION DE BIENES Y SERVICIOS,ADQUISICION DE ACTIVOS NO FINANCIEROS,ACTIVOS FIJOS,MAQUINARIA Y EQUIPO,"APARATOS MEDICOS, INSTRUMENTOS OPTICOS Y DE PRECISION, RELOJES",No Aplica,No Aplica,No Aplica,VIGENCIA ACTUAL,ENTIDADES DIFERENTES A ENTIDADES TERRITORIALES - GESTION GENERAL,NO DEFINIDO,NO DEFINIDO,NO DEFINIDO,5000000.0,9000000.0,2022,Cuarto Trimestre,,,,,,,,,,,,,,,,,,,,,,
305968,20220301,220115276,E.S.E. Centro de Salud - Floresta,2.1.1.01.01.001,FACTORES SALARIALES COMUNES,GASTOS,FUNCIONAMIENTO,GASTOS DE PERSONAL,PLANTA DE PERSONAL PERMANENTE,FACTORES CONSTITUTIVOS DE SALARIO,FACTORES SALARIALES COMUNES,No Aplica,No Aplica,No Aplica,No Aplica,VIGENCIA ACTUAL,ENTIDADES DIFERENTES A ENTIDADES TERRITORIALES - GESTION GENERAL,NO DEFINIDO,NO DEFINIDO,NO DEFINIDO,74343186.0,64443186.0,2022,Primer Trimestre,,,,,,,,,,,,,,,,,,,,,,
307815,20210901,220115276,E.S.E. Centro de Salud - Floresta,2.1.1.01.02.006,APORTES AL ICBF,GASTOS,FUNCIONAMIENTO,GASTOS DE PERSONAL,PLANTA DE PERSONAL PERMANENTE,CONTRIBUCIONES INHERENTES A LA NOMINA,APORTES AL ICBF,No Aplica,No Aplica,No Aplica,No Aplica,VIGENCIA ACTUAL,ENTIDADES TERRITORIALES - SALUD,NO DEFINIDO,NO DEFINIDO,NO APLICA,6616910.0,6616910.0,2021,Tercer Trimestre,,,,,,,,,,,,,,,,,,,,,,
307945,20220901,220115276,E.S.E. Centro de Salud - Floresta,2.1,FUNCIONAMIENTO,GASTOS,FUNCIONAMIENTO,No Aplica,No Aplica,No Aplica,No Aplica,No Aplica,No Aplica,No Aplica,No Aplica,VIGENCIA ACTUAL,ENTIDADES DIFERENTES A ENTIDADES TERRITORIALES - GESTION GENERAL,NO DEFINIDO,NO DEFINIDO,NO DEFINIDO,240852042.0,398541543.0,2022,Tercer Trimestre,,,,,,,,,,,,,,,,,,,,,,
309066,20220601,220115276,E.S.E. Centro de Salud - Floresta,2.1.1.01.01.001.07,BONIFICACION POR SERVICIOS PRESTADOS,GASTOS,FUNCIONAMIENTO,GASTOS DE PERSONAL,PLANTA DE PERSONAL PERMANENTE,FACTORES CONSTITUTIVOS DE SALARIO,FACTORES SALARIALES COMUNES,BONIFICACION POR SERVICIOS PRESTADOS,No Aplica,No Aplica,No Aplica,VIGENCIA ACTUAL,ENTIDADES DIFERENTES A ENTIDADES TERRITORIALES - GESTION GENERAL,NO DEFINIDO,NO DEFINIDO,NO APLICA,2228268.0,2228268.0,2022,Segundo Trimestre,,,,,,,,,,,,,,,,,,,,,,
310175,20210301,220115276,E.S.E. Centro de Salud - Floresta,2,GASTOS,GASTOS,No Aplica,No Aplica,No Aplica,No Aplica,No Aplica,No Aplica,No Aplica,No Aplica,No Aplica,VIGENCIA ACTUAL,ENTIDADES DIFERENTES A ENTIDADES TERRITORIALES - UNIDAD DE SALUD,NO DEFINIDO,NO DEFINIDO,NO DEFINIDO,530110000.0,603108835.0,2021,Primer Trimestre,,,,,,,,,,,,,,,,,,,,,,
311014,20220301,220115276,E.S.E. Centro de Salud - Floresta,2.4,GASTOS DE OPERACION COMERCIAL,GASTOS,GASTOS DE OPERACION COMERCIAL,No Aplica,No Aplica,No Aplica,No Aplica,No Aplica,No Aplica,No Aplica,No Aplica,VIGENCIA ACTUAL,ENTIDADES DIFERENTES A ENTIDADES TERRITORIALES - GESTION GENERAL,NO DEFINIDO,NO DEFINIDO,NO DEFINIDO,284923958.0,321923958.0,2022,Primer Trimestre,,,,,,,,,,,,,,,,,,,,,,
313531,20230301,220115276,E.S.E. Centro de Salud - Floresta,2.4.1.01.01.001.01,SUELDO BASICO,GASTOS,GASTOS DE OPERACION COMERCIAL,GASTOS DE PERSONAL,PLANTA DE PERSONAL PERMANENTE,FACTORES CONSTITUTIVOS DE SALARIO,FACTORES SALARIALES COMUNES,SUELDO BASICO,No Aplica,No Aplica,No Aplica,VIGENCIA ACTUAL,ENTIDADES TERRITORIALES - SALUD,NO DEFINIDO,NO DEFINIDO,NO APLICA,130835750.0,130835750.0,2023,Primer Trimestre,,,,,,,,,,,,,,,,,,,,,,
313827,20220301,220115276,E.S.E. Centro de Salud - Floresta,2.4.1.01.02.004,APORTES A CAJAS DE COMPENSACION FAMILIAR,GASTOS,GASTOS DE OPERACION COMERCIAL,GASTOS DE PERSONAL,PLANTA DE PERSONAL PERMANENTE,CONTRIBUCIONES INHERENTES A LA NOMINA,APORTES A CAJAS DE COMPENSACION FAMILIAR,No Aplica,No Aplica,No Aplica,No Aplica,VIGENCIA ACTUAL,ENTIDADES DIFERENTES A ENTIDADES TERRITORIALES - GESTION GENERAL,NO DEFINIDO,NO DEFINIDO,NO APLICA,6027430.0,6027430.0,2022,Primer Trimestre,,,,,,,,,,,,,,,,,,,,,,
314730,20210601,220115276,E.S.E. Centro de Salud - Floresta,2.1.1.01.02.005,APORTES GENERALES AL SISTEMA DE RIESGOS LABORALES,GASTOS,FUNCIONAMIENTO,GASTOS DE PERSONAL,PLANTA DE PERSONAL PERMANENTE,CONTRIBUCIONES INHERENTES A LA NOMINA,APORTES GENERALES AL SISTEMA DE RIESGOS LABORALES,No Aplica,No Aplica,No Aplica,No Aplica,VIGENCIA ACTUAL,ENTIDADES DIFERENTES A ENTIDADES TERRITORIALES - UNIDAD DE SALUD,NO DEFINIDO,NO DEFINIDO,NO APLICA,3800000.0,3800000.0,2021,Segundo Trimestre,,,,,,,,,,,,,,,,,,,,,,
323815,20211201,220115276,E.S.E. Centro de Salud - Floresta,2,GASTOS,GASTOS,No Aplica,No Aplica,No Aplica,No Aplica,No Aplica,No Aplica,No Aplica,No Aplica,No Aplica,VIGENCIA ACTUAL,ENTIDADES TERRITORIALES - SALUD,NO DEFINIDO,NO DEFINIDO,NO DEFINIDO,530110000.0,893372553.0,2021,Cuarto Trimestre,,,,,,,,,,,,,,,,,,,,,,
334629,20220901,220115276,E.S.E. Centro de Salud - Floresta,2.1.1.01.02.002,APORTES A LA SEGURIDAD SOCIAL EN SALUD,GASTOS,FUNCIONAMIENTO,GASTOS DE PERSONAL,PLANTA DE PERSONAL PERMANENTE,CONTRIBUCIONES INHERENTES A LA NOMINA,APORTES A LA SEGURIDAD SOCIAL EN SALUD,No Aplica,No Aplica,No Aplica,No Aplica,VIGENCIA ACTUAL,ENTIDADES DIFERENTES A ENTIDADES TERRITORIALES - GESTION GENERAL,NO DEFINIDO,NO DEFINIDO,NO APLICA,4720229.0,6462664.0,2022,Tercer Trimestre,,,,,,,,,,,,,,,,,,,,,,
335250,20220601,220115276,E.S.E. Centro de Salud - Floresta,2.1.2.02.01.002,"PRODUCTOS ALIMENTICIOS, BEBIDAS Y TABACO, TEXTILES, PRENDAS DE VESTIR Y PRODUCTOS DE CUERO",GASTOS,FUNCIONAMIENTO,ADQUISICION DE BIENES Y SERVICIOS,ADQUISICIONES DIFERENTES DE ACTIVOS,MATERIALES Y SUMINISTROS,"PRODUCTOS ALIMENTICIOS, BEBIDAS Y TABACO, TEXTILES, PRENDAS DE VESTIR Y PRODUCTOS DE CUERO",No Aplica,No Aplica,No Aplica,No Aplica,VIGENCIA ACTUAL,ENTIDADES DIFERENTES A ENTIDADES TERRITORIALES - GESTION GENERAL,NO DEFINIDO,NO DEFINIDO,NO APLICA,6000000.0,18000000.0,2022,Segundo Trimestre,,,,,,,,,,,,,,,,,,,,,,
340385,20220901,220115276,E.S.E. Centro de Salud - Floresta,2.4.1.01.01.001.08.02,PRIMA DE VACACIONES,GASTOS,GASTOS DE OPERACION COMERCIAL,GASTOS DE PERSONAL,PLANTA DE PERSONAL PERMANENTE,FACTORES CONSTITUTIVOS DE SALARIO,FACTORES SALARIALES COMUNES,PRESTACIONES SOCIALES,PRIMA DE VACACIONES,No Aplica,No Aplica,VIGENCIA ACTUAL,ENTIDADES DIFERENTES A ENTIDADES TERRITORIALES - GESTION GENERAL,NO DEFINIDO,NO DEFINIDO,NO APLICA,4541931.0,4541931.0,2022,Tercer Trimestre,,,,,,,,,,,,,,,,,,,,,,
344453,20220301,220115276,E.S.E. Centro de Salud - Floresta,2.1.1.01.03.001.02,INDEMNIZACION POR VACACIONES,GASTOS,FUNCIONAMIENTO,GASTOS DE PERSONAL,PLANTA DE PERSONAL PERMANENTE,REMUNERACIONES NO CONSTITUTIVAS DE FACTOR SALARIAL,PRESTACIONES SOCIALES,INDEMNIZACION POR VACACIONES,No Aplica,No Aplica,No Aplica,VIGENCIA ACTUAL,ENTIDADES DIFERENTES A ENTIDADES TERRITORIALES - GESTION GENERAL,NO DEFINIDO,NO DEFINIDO,NO APLICA,4625787.0,4625787.0,2022,Primer Trimestre,,,,,,,,,,,,,,,,,,,,,,
347402,20220901,220115276,E.S.E. Centro de Salud - Floresta,2.1.2.01.01,ACTIVOS FIJOS,GASTOS,FUNCIONAMIENTO,ADQUISICION DE BIENES Y SERVICIOS,ADQUISICION DE ACTIVOS NO FINANCIEROS,ACTIVOS FIJOS,No Aplica,No Aplica,No Aplica,No Aplica,No Aplica,VIGENCIA ACTUAL,ENTIDADES DIFERENTES A ENTIDADES TERRITORIALES - GESTION GENERAL,NO DEFINIDO,NO DEFINIDO,NO DEFINIDO,17000000.0,31000000.0,2022,Tercer Trimestre,,,,,,,,,,,,,,,,,,,,,,
354211,20220901,220115276,E.S.E. Centro de Salud - Floresta,2.1.1.01.01.001.10,VIATICOS DE LOS FUNCIONARIOS EN COMISION,GASTOS,FUNCIONAMIENTO,GASTOS DE PERSONAL,PLANTA DE PERSONAL PERMANENTE,FACTORES CONSTITUTIVOS DE SALARIO,FACTORES SALARIALES COMUNES,VIATICOS DE LOS FUNCIONARIOS EN COMISION,No Aplica,No Aplica,No Aplica,VIGENCIA ACTUAL,ENTIDADES DIFERENTES A ENTIDADES TERRITORIALES - GESTION GENERAL,NO DEFINIDO,NO DEFINIDO,NO APLICA,2000000.0,6000000.0,2022,Tercer Trimestre,,,,,,,,,,,,,,,,,,,,,,
364105,20220601,220115276,E.S.E. Centro de Salud - Floresta,2.1.2.01.01,ACTIVOS FIJOS,GASTOS,FUNCIONAMIENTO,ADQUISICION DE BIENES Y SERVICIOS,ADQUISICION DE ACTIVOS NO FINANCIEROS,ACTIVOS FIJOS,No Aplica,No Aplica,No Aplica,No Aplica,No Aplica,VIGENCIA ACTUAL,ENTIDADES DIFERENTES A ENTIDADES TERRITORIALES - GESTION GENERAL,NO DEFINIDO,NO DEFINIDO,NO DEFINIDO,17000000.0,25000000.0,2022,Segundo Trimestre,,,,,,,,,,,,,,,,,,,,,,
367607,20220601,220115276,E.S.E. Centro de Salud - Floresta,2.1.1.01.01.001,FACTORES SALARIALES COMUNES,GASTOS,FUNCIONAMIENTO,GASTOS DE PERSONAL,PLANTA DE PERSONAL PERMANENTE,FACTORES CONSTITUTIVOS DE SALARIO,FACTORES SALARIALES COMUNES,No Aplica,No Aplica,No Aplica,No Aplica,VIGENCIA ACTUAL,ENTIDADES DIFERENTES A ENTIDADES TERRITORIALES - GESTION GENERAL,NO DEFINIDO,NO DEFINIDO,NO DEFINIDO,74343186.0,87755082.0,2022,Segundo Trimestre,,,,,,,,,,,,,,,,,,,,,,
378106,20211201,220115276,E.S.E. Centro de Salud - Floresta,2.1.1.01.02,CONTRIBUCIONES INHERENTES A LA NOMINA,GASTOS,FUNCIONAMIENTO,GASTOS DE PERSONAL,PLANTA DE PERSONAL PERMANENTE,CONTRIBUCIONES INHERENTES A LA NOMINA,No Aplica,No Aplica,No Aplica,No Aplica,No Aplica,VIGENCIA ACTUAL,ENTIDADES TERRITORIALES - SALUD,NO DEFINIDO,NO DEFINIDO,NO DEFINIDO,79517935.0,94800847.0,2021,Cuarto Trimestre,,,,,,,,,,,,,,,,,,,,,,
380397,20230601,220115276,E.S.E. Centro de Salud - Floresta,2.1.1.01.03.001.03,BONIFICACION ESPECIAL DE RECREACION,GASTOS,FUNCIONAMIENTO,GASTOS DE PERSONAL,PLANTA DE PERSONAL PERMANENTE,REMUNERACIONES NO CONSTITUTIVAS DE FACTOR SALARIAL,PRESTACIONES SOCIALES,BONIFICACION ESPECIAL DE RECREACION,No Aplica,No Aplica,No Aplica,VIGENCIA ACTUAL,ENTIDADES DIFERENTES A ENTIDADES TERRITORIALES - UNIDAD DE SALUD,NO DEFINIDO,NO DEFINIDO,NO APLICA,329338.0,329338.0,2023,Segundo Trimestre,,,,,,,,,,,,,,,,,,,,,,
381090,20230301,220115276,E.S.E. Centro de Salud - Floresta,2.1.2.02.02.007,SERVICIOS FINANCIEROS Y SERVICIOS CONEXOS; SERVICIOS INMOBILIARIOS; Y SERVICIOS DE ARRENDAMIENTO Y LEASING,GASTOS,FUNCIONAMIENTO,ADQUISICION DE BIENES Y SERVICIOS,ADQUISICIONES DIFERENTES DE ACTIVOS,ADQUISICION DE SERVICIOS,SERVICIOS FINANCIEROS Y SERVICIOS CONEXOS; SERVICIOS INMOBILIARIOS; Y SERVICIOS DE ARRENDAMIENTO Y LEASING,No Aplica,No Aplica,No Aplica,No Aplica,VIGENCIA ACTUAL,ENTIDADES TERRITORIALES - SALUD,NO DEFINIDO,NO DEFINIDO,NO APLICA,15000000.0,15000000.0,2023,Primer Trimestre,,,,,,,,,,,,,,,,,,,,,,
381519,20220301,220115276,E.S.E. Centro de Salud - Floresta,2.4.1.01.02.001,APORTES A LA SEGURIDAD SOCIAL EN PENSIONES,GASTOS,GASTOS DE OPERACION COMERCIAL,GASTOS DE PERSONAL,PLANTA DE PERSONAL PERMANENTE,CONTRIBUCIONES INHERENTES A LA NOMINA,APORTES A LA SEGURIDAD SOCIAL EN PENSIONES,No Aplica,No Aplica,No Aplica,No Aplica,VIGENCIA ACTUAL,ENTIDADES DIFERENTES A ENTIDADES TERRITORIALES - GESTION GENERAL,NO DEFINIDO,NO DEFINIDO,NO APLICA,12462677.0,12462677.0,2022,Primer Trimestre,,,,,,,,,,,,,,,,,,,,,,
382242,20221201,220115276,E.S.E. Centro de Salud - Floresta,2.4.1.01.01.001.08.02,PRIMA DE VACACIONES,GASTOS,GASTOS DE OPERACION COMERCIAL,GASTOS DE PERSONAL,PLANTA DE PERSONAL PERMANENTE,FACTORES CONSTITUTIVOS DE SALARIO,FACTORES SALARIALES COMUNES,PRESTACIONES SOCIALES,PRIMA DE VACACIONES,No Aplica,No Aplica,VIGENCIA ACTUAL,ENTIDADES DIFERENTES A ENTIDADES TERRITORIALES - GESTION GENERAL,NO DEFINIDO,NO DEFINIDO,NO APLICA,4541931.0,6003283.0,2022,Cuarto Trimestre,,,,,,,,,,,,,,,,,,,,,,
383180,20220601,220115276,E.S.E. Centro de Salud - Floresta,2.1.2.01.01.004,ACTIVOS FIJOS NO CLASIFICADOS COMO MAQUINARIA Y EQUIPO,GASTOS,FUNCIONAMIENTO,ADQUISICION DE BIENES Y SERVICIOS,ADQUISICION DE ACTIVOS NO FINANCIEROS,ACTIVOS FIJOS,ACTIVOS FIJOS NO CLASIFICADOS COMO MAQUINARIA Y EQUIPO,No Aplica,No Aplica,No Aplica,No Aplica,VIGENCIA ACTUAL,ENTIDADES DIFERENTES A ENTIDADES TERRITORIALES - GESTION GENERAL,NO DEFINIDO,NO DEFINIDO,NO DEFINIDO,1000000.0,1000000.0,2022,Segundo Trimestre,,,,,,,,,,,,,,,,,,,,,,
386852,20221201,220115276,E.S.E. Centro de Salud - Floresta,2.1.2.01.01.003.07.01,"VEHICULOS AUTOMOTORES, REMOLQUES Y SEMIRREMOLQUES, Y SUS PARTES, PIEZAS Y ACCESORIOS",GASTOS,FUNCIONAMIENTO,ADQUISICION DE BIENES Y SERVICIOS,ADQUISICION DE ACTIVOS NO FINANCIEROS,ACTIVOS FIJOS,MAQUINARIA Y EQUIPO,EQUIPO DE TRANSPORTE,"VEHICULOS AUTOMOTORES, REMOLQUES Y SEMIRREMOLQUES, Y SUS PARTES, PIEZAS Y ACCESORIOS",No Aplica,No Aplica,VIGENCIA ACTUAL,ENTIDADES DIFERENTES A ENTIDADES TERRITORIALES - GESTION GENERAL,NO DEFINIDO,NO DEFINIDO,NO APLICA,4000000.0,11000000.0,2022,Cuarto Trimestre,,,,,,,,,,,,,,,,,,,,,,
389850,20210601,220115276,E.S.E. Centro de Salud - Floresta,2.1.3.13.01.001,SENTENCIAS,GASTOS,FUNCIONAMIENTO,TRANSFERENCIAS CORRIENTES,SENTENCIAS Y CONCILIACIONES,FALLOS NACIONALES,SENTENCIAS,No Aplica,No Aplica,No Aplica,No Aplica,VIGENCIA ACTUAL,ENTIDADES DIFERENTES A ENTIDADES TERRITORIALES - UNIDAD DE SALUD,NO DEFINIDO,NO DEFINIDO,NO APLICA,1400000.0,1400000.0,2021,Segundo Trimestre,,,,,,,,,,,,,,,,,,,,,,
392403,20220901,220115276,E.S.E. Centro de Salud - Floresta,2.4.5.01,MATERIALES Y SUMINISTROS,GASTOS,GASTOS DE OPERACION COMERCIAL,GASTOS DE COMERCIALIZACION Y PRODUCCION,MATERIALES Y SUMINISTROS,No Aplica,No Aplica,No Aplica,No Aplica,No Aplica,No Aplica,VIGENCIA ACTUAL,ENTIDADES DIFERENTES A ENTIDADES TERRITORIALES - GESTION GENERAL,NO DEFINIDO,NO DEFINIDO,NO DEFINIDO,18000000.0,69535396.0,2022,Tercer Trimestre,,,,,,,,,,,,,,,,,,,,,,
392716,20220601,220115276,E.S.E. Centro de Salud - Floresta,2.4.1.01.02.007,APORTES AL SENA,GASTOS,GASTOS DE OPERACION COMERCIAL,GASTOS DE PERSONAL,PLANTA DE PERSONAL PERMANENTE,CONTRIBUCIONES INHERENTES A LA NOMINA,APORTES AL SENA,No Aplica,No Aplica,No Aplica,No Aplica,VIGENCIA ACTUAL,ENTIDADES DIFERENTES A ENTIDADES TERRITORIALES - GESTION GENERAL,NO DEFINIDO,NO DEFINIDO,NO APLICA,3146945.0,3146945.0,2022,Segundo Trimestre,,,,,,,,,,,,,,,,,,,,,,
395530,20220901,220115276,E.S.E. Centro de Salud - Floresta,2.1.2.01.01.003.07,EQUIPO DE TRANSPORTE,GASTOS,FUNCIONAMIENTO,ADQUISICION DE BIENES Y SERVICIOS,ADQUISICION DE ACTIVOS NO FINANCIEROS,ACTIVOS FIJOS,MAQUINARIA Y EQUIPO,EQUIPO DE TRANSPORTE,No Aplica,No Aplica,No Aplica,VIGENCIA ACTUAL,ENTIDADES DIFERENTES A ENTIDADES TERRITORIALES - GESTION GENERAL,NO DEFINIDO,NO DEFINIDO,NO DEFINIDO,4000000.0,11000000.0,2022,Tercer Trimestre,,,,,,,,,,,,,,,,,,,,,,
395629,20220301,220115276,E.S.E. Centro de Salud - Floresta,2.1.2.02.01.004,PRODUCTOS METALICOS Y PAQUETES DE SOFTWARE,GASTOS,FUNCIONAMIENTO,ADQUISICION DE BIENES Y SERVICIOS,ADQUISICIONES DIFERENTES DE ACTIVOS,MATERIALES Y SUMINISTROS,PRODUCTOS METALICOS Y PAQUETES DE SOFTWARE,No Aplica,No Aplica,No Aplica,No Aplica,VIGENCIA ACTUAL,ENTIDADES DIFERENTES A ENTIDADES TERRITORIALES - GESTION GENERAL,NO DEFINIDO,NO DEFINIDO,NO APLICA,6000000.0,6000000.0,2022,Primer Trimestre,,,,,,,,,,,,,,,,,,,,,,
396170,20220601,220115276,E.S.E. Centro de Salud - Floresta,2.1.8.04,CONTRIBUCIONES,GASTOS,FUNCIONAMIENTO,"GASTOS POR TRIBUTOS, TASAS, CONTRIBUCIONES, MULTAS, SANCIONES E INTERESES DE MORA",CONTRIBUCIONES,No Aplica,No Aplica,No Aplica,No Aplica,No Aplica,No Aplica,VIGENCIA ACTUAL,ENTIDADES DIFERENTES A ENTIDADES TERRITORIALES - GESTION GENERAL,NO DEFINIDO,NO DEFINIDO,NO DEFINIDO,850000.0,850000.0,2022,Segundo Trimestre,,,,,,,,,,,,,,,,,,,,,,
397128,20220901,220115276,E.S.E. Centro de Salud - Floresta,2.1.2.01.01.004,ACTIVOS FIJOS NO CLASIFICADOS COMO MAQUINARIA Y EQUIPO,GASTOS,FUNCIONAMIENTO,ADQUISICION DE BIENES Y SERVICIOS,ADQUISICION DE ACTIVOS NO FINANCIEROS,ACTIVOS FIJOS,ACTIVOS FIJOS NO CLASIFICADOS COMO MAQUINARIA Y EQUIPO,No Aplica,No Aplica,No Aplica,No Aplica,VIGENCIA ACTUAL,ENTIDADES DIFERENTES A ENTIDADES TERRITORIALES - GESTION GENERAL,NO DEFINIDO,NO DEFINIDO,NO DEFINIDO,1000000.0,1000000.0,2022,Tercer Trimestre,,,,,,,,,,,,,,,,,,,,,,
398132,20220601,220115276,E.S.E. Centro de Salud - Floresta,2.4.1.01.01.001.08.02,PRIMA DE VACACIONES,GASTOS,GASTOS DE OPERACION COMERCIAL,GASTOS DE PERSONAL,PLANTA DE PERSONAL PERMANENTE,FACTORES CONSTITUTIVOS DE SALARIO,FACTORES SALARIALES COMUNES,PRESTACIONES SOCIALES,PRIMA DE VACACIONES,No Aplica,No Aplica,VIGENCIA ACTUAL,ENTIDADES DIFERENTES A ENTIDADES TERRITORIALES - GESTION GENERAL,NO DEFINIDO,NO DEFINIDO,NO APLICA,4541931.0,4541931.0,2022,Segundo Trimestre,,,,,,,,,,,,,,,,,,,,,,
405153,20230601,220115276,E.S.E. Centro de Salud - Floresta,2.1.1,GASTOS DE PERSONAL,GASTOS,FUNCIONAMIENTO,GASTOS DE PERSONAL,No Aplica,No Aplica,No Aplica,No Aplica,No Aplica,No Aplica,No Aplica,VIGENCIA ACTUAL,ENTIDADES DIFERENTES A ENTIDADES TERRITORIALES - UNIDAD DE SALUD,NO DEFINIDO,NO DEFINIDO,NO DEFINIDO,135199999.0,126969999.0,2023,Segundo Trimestre,,,,,,,,,,,,,,,,,,,,,,
408894,20230301,220115276,E.S.E. Centro de Salud - Floresta,2.1.1.01.02.004,APORTES A CAJAS DE COMPENSACION FAMILIAR,GASTOS,FUNCIONAMIENTO,GASTOS DE PERSONAL,PLANTA DE PERSONAL PERMANENTE,CONTRIBUCIONES INHERENTES A LA NOMINA,APORTES A CAJAS DE COMPENSACION FAMILIAR,No Aplica,No Aplica,No Aplica,No Aplica,VIGENCIA ACTUAL,ENTIDADES TERRITORIALES - SALUD,NO DEFINIDO,NO DEFINIDO,NO APLICA,4076652.0,4076652.0,2023,Primer Trimestre,,,,,,,,,,,,,,,,,,,,,,
409875,20211201,220115276,E.S.E. Centro de Salud - Floresta,2.1.1.01.03.001.03,BONIFICACION ESPECIAL DE RECREACION,GASTOS,FUNCIONAMIENTO,GASTOS DE PERSONAL,PLANTA DE PERSONAL PERMANENTE,REMUNERACIONES NO CONSTITUTIVAS DE FACTOR SALARIAL,PRESTACIONES SOCIALES,BONIFICACION ESPECIAL DE RECREACION,No Aplica,No Aplica,No Aplica,VIGENCIA ACTUAL,ENTIDADES TERRITORIALES - SALUD,NO DEFINIDO,NO DEFINIDO,SALUD Y PROTECCION SOCIAL,1225353.0,1425353.0,2021,Cuarto Trimestre,,,,,,,,,,,,,,,,,,,,,,
410382,20220601,220115276,E.S.E. Centro de Salud - Floresta,2.1.1.01.01.001.10,VIATICOS DE LOS FUNCIONARIOS EN COMISION,GASTOS,FUNCIONAMIENTO,GASTOS DE PERSONAL,PLANTA DE PERSONAL PERMANENTE,FACTORES CONSTITUTIVOS DE SALARIO,FACTORES SALARIALES COMUNES,VIATICOS DE LOS FUNCIONARIOS EN COMISION,No Aplica,No Aplica,No Aplica,VIGENCIA ACTUAL,ENTIDADES DIFERENTES A ENTIDADES TERRITORIALES - GESTION GENERAL,NO DEFINIDO,NO DEFINIDO,NO APLICA,2000000.0,2000000.0,2022,Segundo Trimestre,,,,,,,,,,,,,,,,,,,,,,
424068,20221201,220115276,E.S.E. Centro de Salud - Floresta,2.1.1.01.02.007,APORTES AL SENA,GASTOS,FUNCIONAMIENTO,GASTOS DE PERSONAL,PLANTA DE PERSONAL PERMANENTE,CONTRIBUCIONES INHERENTES A LA NOMINA,APORTES AL SENA,No Aplica,No Aplica,No Aplica,No Aplica,VIGENCIA ACTUAL,ENTIDADES DIFERENTES A ENTIDADES TERRITORIALES - GESTION GENERAL,NO DEFINIDO,NO DEFINIDO,NO APLICA,1461737.0,1551737.0,2022,Cuarto Trimestre,,,,,,,,,,,,,,,,,,,,,,
430834,20210901,220115276,E.S.E. Centro de Salud - Floresta,2.1.1.01.01.001.04,SUBSIDIO DE ALIMENTACION,GASTOS,FUNCIONAMIENTO,GASTOS DE PERSONAL,PLANTA DE PERSONAL PERMANENTE,FACTORES CONSTITUTIVOS DE SALARIO,FACTORES SALARIALES COMUNES,SUBSIDIO DE ALIMENTACION,No Aplica,No Aplica,No Aplica,VIGENCIA ACTUAL,ENTIDADES TERRITORIALES - SALUD,NO DEFINIDO,NO DEFINIDO,SALUD Y PROTECCION SOCIAL,3950194.0,3950194.0,2021,Tercer Trimestre,,,,,,,,,,,,,,,,,,,,,,
438468,20210601,220115276,E.S.E. Centro de Salud - Floresta,2.1.1.01.01.001.04,SUBSIDIO DE ALIMENTACION,GASTOS,FUNCIONAMIENTO,GASTOS DE PERSONAL,PLANTA DE PERSONAL PERMANENTE,FACTORES CONSTITUTIVOS DE SALARIO,FACTORES SALARIALES COMUNES,SUBSIDIO DE ALIMENTACION,No Aplica,No Aplica,No Aplica,VIGENCIA ACTUAL,ENTIDADES DIFERENTES A ENTIDADES TERRITORIALES - UNIDAD DE SALUD,NO DEFINIDO,NO DEFINIDO,SALUD Y PROTECCION SOCIAL,3950194.0,3950194.0,2021,Segundo Trimestre,,,,,,,,,,,,,,,,,,,,,,
445123,20210601,220115276,E.S.E. Centro de Salud - Floresta,2.1.2.02.01,MATERIALES Y SUMINISTROS,GASTOS,FUNCIONAMIENTO,ADQUISICION DE BIENES Y SERVICIOS,ADQUISICIONES DIFERENTES DE ACTIVOS,MATERIALES Y SUMINISTROS,No Aplica,No Aplica,No Aplica,No Aplica,No Aplica,VIGENCIA ACTUAL,ENTIDADES DIFERENTES A ENTIDADES TERRITORIALES - UNIDAD DE SALUD,NO DEFINIDO,NO DEFINIDO,NO DEFINIDO,9882727.0,28882727.0,2021,Segundo Trimestre,,,,,,,,,,,,,,,,,,,,,,
445338,20220301,220115276,E.S.E. Centro de Salud - Floresta,2.4.1.01.01,FACTORES CONSTITUTIVOS DE SALARIO,GASTOS,GASTOS DE OPERACION COMERCIAL,GASTOS DE PERSONAL,PLANTA DE PERSONAL PERMANENTE,FACTORES CONSTITUTIVOS DE SALARIO,No Aplica,No Aplica,No Aplica,No Aplica,No Aplica,VIGENCIA ACTUAL,ENTIDADES DIFERENTES A ENTIDADES TERRITORIALES - GESTION GENERAL,NO DEFINIDO,NO DEFINIDO,NO DEFINIDO,134303371.0,134303371.0,2022,Primer Trimestre,,,,,,,,,,,,,,,,,,,,,,
446146,20210601,220115276,E.S.E. Centro de Salud - Floresta,2.1.1.01.02.001,APORTES A LA SEGURIDAD SOCIAL EN PENSIONES,GASTOS,FUNCIONAMIENTO,GASTOS DE PERSONAL,PLANTA DE PERSONAL PERMANENTE,CONTRIBUCIONES INHERENTES A LA NOMINA,APORTES A LA SEGURIDAD SOCIAL EN PENSIONES,No Aplica,No Aplica,No Aplica,No Aplica,VIGENCIA ACTUAL,ENTIDADES DIFERENTES A ENTIDADES TERRITORIALES - UNIDAD DE SALUD,NO DEFINIDO,NO DEFINIDO,NO APLICA,26467641.0,26467641.0,2021,Segundo Trimestre,,,,,,,,,,,,,,,,,,,,,,
450561,20230601,220115276,E.S.E. Centro de Salud - Floresta,2.4.5.02,ADQUISICION DE SERVICIOS,GASTOS,GASTOS DE OPERACION COMERCIAL,GASTOS DE COMERCIALIZACION Y PRODUCCION,ADQUISICION DE SERVICIOS,No Aplica,No Aplica,No Aplica,No Aplica,No Aplica,No Aplica,VIGENCIA ACTUAL,ENTIDADES DIFERENTES A ENTIDADES TERRITORIALES - UNIDAD DE SALUD,NO DEFINIDO,NO DEFINIDO,NO DEFINIDO,73740000.0,175187149.0,2023,Segundo Trimestre,,,,,,,,,,,,,,,,,,,,,,
451888,20221201,220115276,E.S.E. Centro de Salud - Floresta,2.1,FUNCIONAMIENTO,GASTOS,FUNCIONAMIENTO,No Aplica,No Aplica,No Aplica,No Aplica,No Aplica,No Aplica,No Aplica,No Aplica,VIGENCIA ACTUAL,ENTIDADES DIFERENTES A ENTIDADES TERRITORIALES - GESTION GENERAL,NO DEFINIDO,NO DEFINIDO,NO DEFINIDO,240852042.0,460791943.0,2022,Cuarto Trimestre,,,,,,,,,,,,,,,,,,,,,,
451943,20211201,220115276,E.S.E. Centro de Salud - Floresta,2.1.3.13.01.001,SENTENCIAS,GASTOS,FUNCIONAMIENTO,TRANSFERENCIAS CORRIENTES,SENTENCIAS Y CONCILIACIONES,FALLOS NACIONALES,SENTENCIAS,No Aplica,No Aplica,No Aplica,No Aplica,VIGENCIA ACTUAL,ENTIDADES TERRITORIALES - SALUD,NO DEFINIDO,NO DEFINIDO,SALUD Y PROTECCION SOCIAL,1400000.0,1400000.0,2021,Cuarto Trimestre,,,,,,,,,,,,,,,,,,,,,,
456174,20230601,220115276,E.S.E. Centro de Salud - Floresta,2.4.1.01.01.001.07,BONIFICACION POR SERVICIOS PRESTADOS,GASTOS,GASTOS DE OPERACION COMERCIAL,GASTOS DE PERSONAL,PLANTA DE PERSONAL PERMANENTE,FACTORES CONSTITUTIVOS DE SALARIO,FACTORES SALARIALES COMUNES,BONIFICACION POR SERVICIOS PRESTADOS,No Aplica,No Aplica,No Aplica,VIGENCIA ACTUAL,ENTIDADES DIFERENTES A ENTIDADES TERRITORIALES - UNIDAD DE SALUD,NO DEFINIDO,NO DEFINIDO,NO APLICA,737477.0,2239477.0,2023,Segundo Trimestre,,,,,,,,,,,,,,,,,,,,,,
458728,20210601,220115276,E.S.E. Centro de Salud - Floresta,2.1.1.01.01.001.07,BONIFICACION POR SERVICIOS PRESTADOS,GASTOS,FUNCIONAMIENTO,GASTOS DE PERSONAL,PLANTA DE PERSONAL PERMANENTE,FACTORES CONSTITUTIVOS DE SALARIO,FACTORES SALARIALES COMUNES,BONIFICACION POR SERVICIOS PRESTADOS,No Aplica,No Aplica,No Aplica,VIGENCIA ACTUAL,ENTIDADES DIFERENTES A ENTIDADES TERRITORIALES - UNIDAD DE SALUD,NO DEFINIDO,NO DEFINIDO,NO APLICA,8266618.0,8266618.0,2021,Segundo Trimestre,,,,,,,,,,,,,,,,,,,,,,
459937,20220901,220115276,E.S.E. Centro de Salud - Floresta,2.4.1.01.03.001,PRESTACIONES SOCIALES,GASTOS,GASTOS DE OPERACION COMERCIAL,GASTOS DE PERSONAL,PLANTA DE PERSONAL PERMANENTE,REMUNERACIONES NO CONSTITUTIVAS DE FACTOR SALARIAL,PRESTACIONES SOCIALES,No Aplica,No Aplica,No Aplica,No Aplica,VIGENCIA ACTUAL,ENTIDADES DIFERENTES A ENTIDADES TERRITORIALES - GESTION GENERAL,NO DEFINIDO,NO DEFINIDO,NO DEFINIDO,8202287.0,8202287.0,2022,Tercer Trimestre,,,,,,,,,,,,,,,,,,,,,,
463732,20221201,220115276,E.S.E. Centro de Salud - Floresta,2.4.1.01.01.001.07,BONIFICACION POR SERVICIOS PRESTADOS,GASTOS,GASTOS DE OPERACION COMERCIAL,GASTOS DE PERSONAL,PLANTA DE PERSONAL PERMANENTE,FACTORES CONSTITUTIVOS DE SALARIO,FACTORES SALARIALES COMUNES,BONIFICACION POR SERVICIOS PRESTADOS,No Aplica,No Aplica,No Aplica,VIGENCIA ACTUAL,ENTIDADES DIFERENTES A ENTIDADES TERRITORIALES - GESTION GENERAL,NO DEFINIDO,NO DEFINIDO,NO APLICA,662203.0,4350273.0,2022,Cuarto Trimestre,,,,,,,,,,,,,,,,,,,,,,
466648,20210601,220115276,E.S.E. Centro de Salud - Floresta,2.1.2.02.02.009,"SERVICIOS PARA LA COMUNIDAD, SOCIALES Y PERSONALES",GASTOS,FUNCIONAMIENTO,ADQUISICION DE BIENES Y SERVICIOS,ADQUISICIONES DIFERENTES DE ACTIVOS,ADQUISICION DE SERVICIOS,"SERVICIOS PARA LA COMUNIDAD, SOCIALES Y PERSONALES",No Aplica,No Aplica,No Aplica,No Aplica,VIGENCIA ACTUAL,ENTIDADES DIFERENTES A ENTIDADES TERRITORIALES - UNIDAD DE SALUD,NO DEFINIDO,NO DEFINIDO,NO APLICA,77847462.0,100847462.0,2021,Segundo Trimestre,,,,,,,,,,,,,,,,,,,,,,
473210,20221201,220115276,E.S.E. Centro de Salud - Floresta,2.4.1,GASTOS DE PERSONAL,GASTOS,GASTOS DE OPERACION COMERCIAL,GASTOS DE PERSONAL,No Aplica,No Aplica,No Aplica,No Aplica,No Aplica,No Aplica,No Aplica,VIGENCIA ACTUAL,ENTIDADES DIFERENTES A ENTIDADES TERRITORIALES - GESTION GENERAL,NO DEFINIDO,NO DEFINIDO,NO DEFINIDO,194623958.0,271594651.0,2022,Cuarto Trimestre,,,,,,,,,,,,,,,,,,,,,,
481747,20230301,220115276,E.S.E. Centro de Salud - Floresta,2.4.1.01.03.001,PRESTACIONES SOCIALES,GASTOS,GASTOS DE OPERACION COMERCIAL,GASTOS DE PERSONAL,PLANTA DE PERSONAL PERMANENTE,REMUNERACIONES NO CONSTITUTIVAS DE FACTOR SALARIAL,PRESTACIONES SOCIALES,No Aplica,No Aplica,No Aplica,No Aplica,VIGENCIA ACTUAL,ENTIDADES TERRITORIALES - SALUD,NO DEFINIDO,NO DEFINIDO,NO DEFINIDO,18642292.0,18642292.0,2023,Primer Trimestre,,,,,,,,,,,,,,,,,,,,,,
485609,20210901,220115276,E.S.E. Centro de Salud - Floresta,2.1.1.01.03.001.02,INDEMNIZACION POR VACACIONES,GASTOS,FUNCIONAMIENTO,GASTOS DE PERSONAL,PLANTA DE PERSONAL PERMANENTE,REMUNERACIONES NO CONSTITUTIVAS DE FACTOR SALARIAL,PRESTACIONES SOCIALES,INDEMNIZACION POR VACACIONES,No Aplica,No Aplica,No Aplica,VIGENCIA ACTUAL,ENTIDADES TERRITORIALES - SALUD,NO DEFINIDO,NO DEFINIDO,NO APLICA,4977620.0,4977620.0,2021,Tercer Trimestre,,,,,,,,,,,,,,,,,,,,,,
488823,20210901,220115276,E.S.E. Centro de Salud - Floresta,2.1.2,ADQUISICION DE BIENES Y SERVICIOS,GASTOS,FUNCIONAMIENTO,ADQUISICION DE BIENES Y SERVICIOS,No Aplica,No Aplica,No Aplica,No Aplica,No Aplica,No Aplica,No Aplica,VIGENCIA ACTUAL,ENTIDADES TERRITORIALES - SALUD,NO DEFINIDO,NO DEFINIDO,NO DEFINIDO,195440189.0,482843564.0,2021,Tercer Trimestre,,,,,,,,,,,,,,,,,,,,,,
490221,20220901,220115276,E.S.E. Centro de Salud - Floresta,2.1.1.01.02.001,APORTES A LA SEGURIDAD SOCIAL EN PENSIONES,GASTOS,FUNCIONAMIENTO,GASTOS DE PERSONAL,PLANTA DE PERSONAL PERMANENTE,CONTRIBUCIONES INHERENTES A LA NOMINA,APORTES A LA SEGURIDAD SOCIAL EN PENSIONES,No Aplica,No Aplica,No Aplica,No Aplica,VIGENCIA ACTUAL,ENTIDADES DIFERENTES A ENTIDADES TERRITORIALES - GESTION GENERAL,NO DEFINIDO,NO DEFINIDO,NO APLICA,6075618.0,9068413.0,2022,Tercer Trimestre,,,,,,,,,,,,,,,,,,,,,,
490667,20230601,220115276,E.S.E. Centro de Salud - Floresta,2.1.3.13,SENTENCIAS Y CONCILIACIONES,GASTOS,FUNCIONAMIENTO,TRANSFERENCIAS CORRIENTES,SENTENCIAS Y CONCILIACIONES,No Aplica,No Aplica,No Aplica,No Aplica,No Aplica,No Aplica,VIGENCIA ACTUAL,ENTIDADES DIFERENTES A ENTIDADES TERRITORIALES - UNIDAD DE SALUD,NO DEFINIDO,NO DEFINIDO,NO DEFINIDO,1000000.0,1000000.0,2023,Segundo Trimestre,,,,,,,,,,,,,,,,,,,,,,
490750,20220601,220115276,E.S.E. Centro de Salud - Floresta,2.1.1.01.02,CONTRIBUCIONES INHERENTES A LA NOMINA,GASTOS,FUNCIONAMIENTO,GASTOS DE PERSONAL,PLANTA DE PERSONAL PERMANENTE,CONTRIBUCIONES INHERENTES A LA NOMINA,No Aplica,No Aplica,No Aplica,No Aplica,No Aplica,VIGENCIA ACTUAL,ENTIDADES DIFERENTES A ENTIDADES TERRITORIALES - GESTION GENERAL,NO DEFINIDO,NO DEFINIDO,NO DEFINIDO,21347379.0,21347379.0,2022,Segundo Trimestre,,,,,,,,,,,,,,,,,,,,,,
496185,20220301,220115276,E.S.E. Centro de Salud - Floresta,2.1.2.02.01.003,"OTROS BIENES TRANSPORTABLES EXCEPTO PRODUCTOS METALICOS, MAQUINARIA Y EQUIPO",GASTOS,FUNCIONAMIENTO,ADQUISICION DE BIENES Y SERVICIOS,ADQUISICIONES DIFERENTES DE ACTIVOS,MATERIALES Y SUMINISTROS,"OTROS BIENES TRANSPORTABLES EXCEPTO PRODUCTOS METALICOS, MAQUINARIA Y EQUIPO",No Aplica,No Aplica,No Aplica,No Aplica,VIGENCIA ACTUAL,ENTIDADES DIFERENTES A ENTIDADES TERRITORIALES - GESTION GENERAL,NO DEFINIDO,NO DEFINIDO,NO APLICA,6000000.0,12500000.0,2022,Primer Trimestre,,,,,,,,,,,,,,,,,,,,,,
498849,20220901,220115276,E.S.E. Centro de Salud - Floresta,2.1.2.01.01.001.02.08,EDIFICIOS RELACIONADOS CON SALUD,GASTOS,FUNCIONAMIENTO,ADQUISICION DE BIENES Y SERVICIOS,ADQUISICION DE ACTIVOS NO FINANCIEROS,ACTIVOS FIJOS,EDIFICACIONES Y ESTRUCTURAS,EDIFICACIONES DISTINTAS A VIVIENDAS,EDIFICIOS RELACIONADOS CON SALUD,No Aplica,No Aplica,VIGENCIA ACTUAL,ENTIDADES DIFERENTES A ENTIDADES TERRITORIALES - GESTION GENERAL,NO DEFINIDO,NO DEFINIDO,NO APLICA,3000000.0,3000000.0,2022,Tercer Trimestre,,,,,,,,,,,,,,,,,,,,,,
503316,20230301,220115276,E.S.E. Centro de Salud - Floresta,2.4.5.01.03,"OTROS BIENES TRANSPORTABLES EXCEPTO PRODUCTOS METALICOS, MAQUINARIA Y EQUIPO",GASTOS,GASTOS DE OPERACION COMERCIAL,GASTOS DE COMERCIALIZACION Y PRODUCCION,MATERIALES Y SUMINISTROS,"OTROS BIENES TRANSPORTABLES EXCEPTO PRODUCTOS METALICOS, MAQUINARIA Y EQUIPO",No Aplica,No Aplica,No Aplica,No Aplica,No Aplica,VIGENCIA ACTUAL,ENTIDADES TERRITORIALES - SALUD,NO DEFINIDO,NO DEFINIDO,NO APLICA,21000000.0,27000000.0,2023,Primer Trimestre,,,,,,,,,,,,,,,,,,,,,,
505769,20220901,220115276,E.S.E. Centro de Salud - Floresta,2.1.1.01.02.005,APORTES GENERALES AL SISTEMA DE RIESGOS LABORALES,GASTOS,FUNCIONAMIENTO,GASTOS DE PERSONAL,PLANTA DE PERSONAL PERMANENTE,CONTRIBUCIONES INHERENTES A LA NOMINA,APORTES GENERALES AL SISTEMA DE RIESGOS LABORALES,No Aplica,No Aplica,No Aplica,No Aplica,VIGENCIA ACTUAL,ENTIDADES DIFERENTES A ENTIDADES TERRITORIALES - GESTION GENERAL,NO DEFINIDO,NO DEFINIDO,NO APLICA,1345936.0,1807355.0,2022,Tercer Trimestre,,,,,,,,,,,,,,,,,,,,,,
505804,20220301,220115276,E.S.E. Centro de Salud - Floresta,2.1.1.01.02,CONTRIBUCIONES INHERENTES A LA NOMINA,GASTOS,FUNCIONAMIENTO,GASTOS DE PERSONAL,PLANTA DE PERSONAL PERMANENTE,CONTRIBUCIONES INHERENTES A LA NOMINA,No Aplica,No Aplica,No Aplica,No Aplica,No Aplica,VIGENCIA ACTUAL,ENTIDADES DIFERENTES A ENTIDADES TERRITORIALES - GESTION GENERAL,NO DEFINIDO,NO DEFINIDO,NO DEFINIDO,21347379.0,21347379.0,2022,Primer Trimestre,,,,,,,,,,,,,,,,,,,,,,
506008,20220901,220115276,E.S.E. Centro de Salud - Floresta,2.1.1.01.03,REMUNERACIONES NO CONSTITUTIVAS DE FACTOR SALARIAL,GASTOS,FUNCIONAMIENTO,GASTOS DE PERSONAL,PLANTA DE PERSONAL PERMANENTE,REMUNERACIONES NO CONSTITUTIVAS DE FACTOR SALARIAL,No Aplica,No Aplica,No Aplica,No Aplica,No Aplica,VIGENCIA ACTUAL,ENTIDADES DIFERENTES A ENTIDADES TERRITORIALES - GESTION GENERAL,NO DEFINIDO,NO DEFINIDO,NO DEFINIDO,4911477.0,4911477.0,2022,Tercer Trimestre,,,,,,,,,,,,,,,,,,,,,,
507541,20220601,220115276,E.S.E. Centro de Salud - Floresta,2.1.2.01.01.003.06,"APARATOS MEDICOS, INSTRUMENTOS OPTICOS Y DE PRECISION, RELOJES",GASTOS,FUNCIONAMIENTO,ADQUISICION DE BIENES Y SERVICIOS,ADQUISICION DE ACTIVOS NO FINANCIEROS,ACTIVOS FIJOS,MAQUINARIA Y EQUIPO,"APARATOS MEDICOS, INSTRUMENTOS OPTICOS Y DE PRECISION, RELOJES",No Aplica,No Aplica,No Aplica,VIGENCIA ACTUAL,ENTIDADES DIFERENTES A ENTIDADES TERRITORIALES - GESTION GENERAL,NO DEFINIDO,NO DEFINIDO,NO DEFINIDO,5000000.0,12000000.0,2022,Segundo Trimestre,,,,,,,,,,,,,,,,,,,,,,
511807,20230601,220115276,E.S.E. Centro de Salud - Floresta,2.1.1.01.02.005,APORTES GENERALES AL SISTEMA DE RIESGOS LABORALES,GASTOS,FUNCIONAMIENTO,GASTOS DE PERSONAL,PLANTA DE PERSONAL PERMANENTE,CONTRIBUCIONES INHERENTES A LA NOMINA,APORTES GENERALES AL SISTEMA DE RIESGOS LABORALES,No Aplica,No Aplica,No Aplica,No Aplica,VIGENCIA ACTUAL,ENTIDADES DIFERENTES A ENTIDADES TERRITORIALES - UNIDAD DE SALUD,NO DEFINIDO,NO DEFINIDO,NO APLICA,1763446.0,1763446.0,2023,Segundo Trimestre,,,,,,,,,,,,,,,,,,,,,,
512318,20220301,220115276,E.S.E. Centro de Salud - Floresta,2.1.2.01.01.003.03.02,"MAQUINARIA DE INFORMATICA Y SUS PARTES, PIEZAS Y ACCESORIOS",GASTOS,FUNCIONAMIENTO,ADQUISICION DE BIENES Y SERVICIOS,ADQUISICION DE ACTIVOS NO FINANCIEROS,ACTIVOS FIJOS,MAQUINARIA Y EQUIPO,"MAQUINARIA DE OFICINA, CONTABILIDAD E INFORMATICA","MAQUINARIA DE INFORMATICA Y SUS PARTES, PIEZAS Y ACCESORIOS",No Aplica,No Aplica,VIGENCIA ACTUAL,ENTIDADES DIFERENTES A ENTIDADES TERRITORIALES - GESTION GENERAL,NO DEFINIDO,NO DEFINIDO,NO APLICA,1500000.0,1500000.0,2022,Primer Trimestre,,,,,,,,,,,,,,,,,,,,,,
515353,20221201,220115276,E.S.E. Centro de Salud - Floresta,2.1.1.01.01.001.04,SUBSIDIO DE ALIMENTACION,GASTOS,FUNCIONAMIENTO,GASTOS DE PERSONAL,PLANTA DE PERSONAL PERMANENTE,FACTORES CONSTITUTIVOS DE SALARIO,FACTORES SALARIALES COMUNES,SUBSIDIO DE ALIMENTACION,No Aplica,No Aplica,No Aplica,VIGENCIA ACTUAL,ENTIDADES DIFERENTES A ENTIDADES TERRITORIALES - GESTION GENERAL,NO DEFINIDO,NO DEFINIDO,NO APLICA,1864000.0,2154996.0,2022,Cuarto Trimestre,,,,,,,,,,,,,,,,,,,,,,
516577,20210301,220115276,E.S.E. Centro de Salud - Floresta,2.1.2.02.02,ADQUISICION DE SERVICIOS,GASTOS,FUNCIONAMIENTO,ADQUISICION DE BIENES Y SERVICIOS,ADQUISICIONES DIFERENTES DE ACTIVOS,ADQUISICION DE SERVICIOS,No Aplica,No Aplica,No Aplica,No Aplica,No Aplica,VIGENCIA ACTUAL,ENTIDADES DIFERENTES A ENTIDADES TERRITORIALES - UNIDAD DE SALUD,NO DEFINIDO,NO DEFINIDO,NO DEFINIDO,185557462.0,252556297.0,2021,Primer Trimestre,,,,,,,,,,,,,,,,,,,,,,
523274,20211201,220115276,E.S.E. Centro de Salud - Floresta,2.1.1.01.02.004,APORTES A CAJAS DE COMPENSACION FAMILIAR,GASTOS,FUNCIONAMIENTO,GASTOS DE PERSONAL,PLANTA DE PERSONAL PERMANENTE,CONTRIBUCIONES INHERENTES A LA NOMINA,APORTES A CAJAS DE COMPENSACION FAMILIAR,No Aplica,No Aplica,No Aplica,No Aplica,VIGENCIA ACTUAL,ENTIDADES TERRITORIALES - SALUD,NO DEFINIDO,NO DEFINIDO,SALUD Y PROTECCION SOCIAL,8822547.0,8822547.0,2021,Cuarto Trimestre,,,,,,,,,,,,,,,,,,,,,,
526039,20211201,220115276,E.S.E. Centro de Salud - Floresta,2.1,FUNCIONAMIENTO,GASTOS,FUNCIONAMIENTO,No Aplica,No Aplica,No Aplica,No Aplica,No Aplica,No Aplica,No Aplica,No Aplica,VIGENCIA ACTUAL,ENTIDADES TERRITORIALES - SALUD,NO DEFINIDO,NO DEFINIDO,NO DEFINIDO,530110000.0,893372553.0,2021,Cuarto Trimestre,,,,,,,,,,,,,,,,,,,,,,
529293,20220601,220115276,E.S.E. Centro de Salud - Floresta,2.1.8.04.07,CONTRIBUCION DE VIGILANCIA - SUPERINTENDENCIA NACIONAL DE SALUD,GASTOS,FUNCIONAMIENTO,"GASTOS POR TRIBUTOS, TASAS, CONTRIBUCIONES, MULTAS, SANCIONES E INTERESES DE MORA",CONTRIBUCIONES,CONTRIBUCION DE VIGILANCIA - SUPERINTENDENCIA NACIONAL DE SALUD,No Aplica,No Aplica,No Aplica,No Aplica,No Aplica,VIGENCIA ACTUAL,ENTIDADES DIFERENTES A ENTIDADES TERRITORIALES - GESTION GENERAL,NO DEFINIDO,NO DEFINIDO,NO APLICA,850000.0,850000.0,2022,Segundo Trimestre,,,,,,,,,,,,,,,,,,,,,,
530773,20220301,220115276,E.S.E. Centro de Salud - Floresta,2.1.1.01.03,REMUNERACIONES NO CONSTITUTIVAS DE FACTOR SALARIAL,GASTOS,FUNCIONAMIENTO,GASTOS DE PERSONAL,PLANTA DE PERSONAL PERMANENTE,REMUNERACIONES NO CONSTITUTIVAS DE FACTOR SALARIAL,No Aplica,No Aplica,No Aplica,No Aplica,No Aplica,VIGENCIA ACTUAL,ENTIDADES DIFERENTES A ENTIDADES TERRITORIALES - GESTION GENERAL,NO DEFINIDO,NO DEFINIDO,NO DEFINIDO,4911477.0,4911477.0,2022,Primer Trimestre,,,,,,,,,,,,,,,,,,,,,,
532656,20230301,220115276,E.S.E. Centro de Salud - Floresta,2.1.1.01.02.007,APORTES AL SENA,GASTOS,FUNCIONAMIENTO,GASTOS DE PERSONAL,PLANTA DE PERSONAL PERMANENTE,CONTRIBUCIONES INHERENTES A LA NOMINA,APORTES AL SENA,No Aplica,No Aplica,No Aplica,No Aplica,VIGENCIA ACTUAL,ENTIDADES TERRITORIALES - SALUD,NO DEFINIDO,NO DEFINIDO,NO APLICA,2038326.0,2038326.0,2023,Primer Trimestre,,,,,,,,,,,,,,,,,,,,,,
533101,20220901,220115276,E.S.E. Centro de Salud - Floresta,2.4.1.01.01.001,FACTORES SALARIALES COMUNES,GASTOS,GASTOS DE OPERACION COMERCIAL,GASTOS DE PERSONAL,PLANTA DE PERSONAL PERMANENTE,FACTORES CONSTITUTIVOS DE SALARIO,FACTORES SALARIALES COMUNES,No Aplica,No Aplica,No Aplica,No Aplica,VIGENCIA ACTUAL,ENTIDADES DIFERENTES A ENTIDADES TERRITORIALES - GESTION GENERAL,NO DEFINIDO,NO DEFINIDO,NO DEFINIDO,134303372.0,184830209.0,2022,Tercer Trimestre,,,,,,,,,,,,,,,,,,,,,,
534348,20230301,220115276,E.S.E. Centro de Salud - Floresta,2.1.2.01.01.001,EDIFICACIONES Y ESTRUCTURAS,GASTOS,FUNCIONAMIENTO,ADQUISICION DE BIENES Y SERVICIOS,ADQUISICION DE ACTIVOS NO FINANCIEROS,ACTIVOS FIJOS,EDIFICACIONES Y ESTRUCTURAS,No Aplica,No Aplica,No Aplica,No Aplica,VIGENCIA ACTUAL,ENTIDADES TERRITORIALES - SALUD,NO DEFINIDO,NO DEFINIDO,NO DEFINIDO,3000000.0,3000000.0,2023,Primer Trimestre,,,,,,,,,,,,,,,,,,,,,,
541124,20230601,220115276,E.S.E. Centro de Salud - Floresta,2.4.1,GASTOS DE PERSONAL,GASTOS,GASTOS DE OPERACION COMERCIAL,GASTOS DE PERSONAL,No Aplica,No Aplica,No Aplica,No Aplica,No Aplica,No Aplica,No Aplica,VIGENCIA ACTUAL,ENTIDADES DIFERENTES A ENTIDADES TERRITORIALES - UNIDAD DE SALUD,NO DEFINIDO,NO DEFINIDO,NO DEFINIDO,235142001.0,228808241.0,2023,Segundo Trimestre,,,,,,,,,,,,,,,,,,,,,,
541800,20230301,220115276,E.S.E. Centro de Salud - Floresta,2.4.1.01.01.001,FACTORES SALARIALES COMUNES,GASTOS,GASTOS DE OPERACION COMERCIAL,GASTOS DE PERSONAL,PLANTA DE PERSONAL PERMANENTE,FACTORES CONSTITUTIVOS DE SALARIO,FACTORES SALARIALES COMUNES,No Aplica,No Aplica,No Aplica,No Aplica,VIGENCIA ACTUAL,ENTIDADES TERRITORIALES - SALUD,NO DEFINIDO,NO DEFINIDO,NO DEFINIDO,161091670.0,162593670.0,2023,Primer Trimestre,,,,,,,,,,,,,,,,,,,,,,
543015,20211201,220115276,E.S.E. Centro de Salud - Floresta,2.1.2,ADQUISICION DE BIENES Y SERVICIOS,GASTOS,FUNCIONAMIENTO,ADQUISICION DE BIENES Y SERVICIOS,No Aplica,No Aplica,No Aplica,No Aplica,No Aplica,No Aplica,No Aplica,VIGENCIA ACTUAL,ENTIDADES TERRITORIALES - SALUD,NO DEFINIDO,NO DEFINIDO,NO DEFINIDO,195440189.0,530243586.0,2021,Cuarto Trimestre,,,,,,,,,,,,,,,,,,,,,,
544054,20210901,220115276,E.S.E. Centro de Salud - Floresta,2.1.2.02,ADQUISICIONES DIFERENTES DE ACTIVOS,GASTOS,FUNCIONAMIENTO,ADQUISICION DE BIENES Y SERVICIOS,ADQUISICIONES DIFERENTES DE ACTIVOS,No Aplica,No Aplica,No Aplica,No Aplica,No Aplica,No Aplica,VIGENCIA ACTUAL,ENTIDADES TERRITORIALES - SALUD,NO DEFINIDO,NO DEFINIDO,NO DEFINIDO,195440189.0,482843564.0,2021,Tercer Trimestre,,,,,,,,,,,,,,,,,,,,,,
544205,20220601,220115276,E.S.E. Centro de Salud - Floresta,2.4.1.01.01.001.10,VIATICOS DE LOS FUNCIONARIOS EN COMISION,GASTOS,GASTOS DE OPERACION COMERCIAL,GASTOS DE PERSONAL,PLANTA DE PERSONAL PERMANENTE,FACTORES CONSTITUTIVOS DE SALARIO,FACTORES SALARIALES COMUNES,VIATICOS DE LOS FUNCIONARIOS EN COMISION,No Aplica,No Aplica,No Aplica,VIGENCIA ACTUAL,ENTIDADES DIFERENTES A ENTIDADES TERRITORIALES - GESTION GENERAL,NO DEFINIDO,NO DEFINIDO,NO APLICA,2000000.0,2000000.0,2022,Segundo Trimestre,,,,,,,,,,,,,,,,,,,,,,
544993,20220601,220115276,E.S.E. Centro de Salud - Floresta,2.4.5.02.09,"SERVICIOS PARA LA COMUNIDAD, SOCIALES Y PERSONALES",GASTOS,GASTOS DE OPERACION COMERCIAL,GASTOS DE COMERCIALIZACION Y PRODUCCION,ADQUISICION DE SERVICIOS,"SERVICIOS PARA LA COMUNIDAD, SOCIALES Y PERSONALES",No Aplica,No Aplica,No Aplica,No Aplica,No Aplica,VIGENCIA ACTUAL,ENTIDADES DIFERENTES A ENTIDADES TERRITORIALES - GESTION GENERAL,NO DEFINIDO,NO DEFINIDO,NO APLICA,72300000.0,168263378.0,2022,Segundo Trimestre,,,,,,,,,,,,,,,,,,,,,,
545256,20230601,220115276,E.S.E. Centro de Salud - Floresta,2.4.1.01.02,CONTRIBUCIONES INHERENTES A LA NOMINA,GASTOS,GASTOS DE OPERACION COMERCIAL,GASTOS DE PERSONAL,PLANTA DE PERSONAL PERMANENTE,CONTRIBUCIONES INHERENTES A LA NOMINA,No Aplica,No Aplica,No Aplica,No Aplica,No Aplica,VIGENCIA ACTUAL,ENTIDADES DIFERENTES A ENTIDADES TERRITORIALES - UNIDAD DE SALUD,NO DEFINIDO,NO DEFINIDO,NO DEFINIDO,55408039.0,55408039.0,2023,Segundo Trimestre,,,,,,,,,,,,,,,,,,,,,,
546321,20230601,220115276,E.S.E. Centro de Salud - Floresta,2.1.1.01.01.001.08,PRESTACIONES SOCIALES,GASTOS,FUNCIONAMIENTO,GASTOS DE PERSONAL,PLANTA DE PERSONAL PERMANENTE,FACTORES CONSTITUTIVOS DE SALARIO,FACTORES SALARIALES COMUNES,PRESTACIONES SOCIALES,No Aplica,No Aplica,No Aplica,VIGENCIA ACTUAL,ENTIDADES DIFERENTES A ENTIDADES TERRITORIALES - UNIDAD DE SALUD,NO DEFINIDO,NO DEFINIDO,NO DEFINIDO,11746625.0,11746625.0,2023,Segundo Trimestre,,,,,,,,,,,,,,,,,,,,,,
547085,20220301,220115276,E.S.E. Centro de Salud - Floresta,2.1.2.02.02.005,CONSTRUCCION Y SERVICIOS DE LA CONSTRUCCION,GASTOS,FUNCIONAMIENTO,ADQUISICION DE BIENES Y SERVICIOS,ADQUISICIONES DIFERENTES DE ACTIVOS,ADQUISICION DE SERVICIOS,CONSTRUCCION Y SERVICIOS DE LA CONSTRUCCION,No Aplica,No Aplica,No Aplica,No Aplica,VIGENCIA ACTUAL,ENTIDADES DIFERENTES A ENTIDADES TERRITORIALES - GESTION GENERAL,NO DEFINIDO,NO DEFINIDO,NO APLICA,4000000.0,4000000.0,2022,Primer Trimestre,,,,,,,,,,,,,,,,,,,,,,
549849,20210301,220115276,E.S.E. Centro de Salud - Floresta,2.1.2,ADQUISICION DE BIENES Y SERVICIOS,GASTOS,FUNCIONAMIENTO,ADQUISICION DE BIENES Y SERVICIOS,No Aplica,No Aplica,No Aplica,No Aplica,No Aplica,No Aplica,No Aplica,VIGENCIA ACTUAL,ENTIDADES DIFERENTES A ENTIDADES TERRITORIALES - UNIDAD DE SALUD,NO DEFINIDO,NO DEFINIDO,NO DEFINIDO,195440189.0,268439024.0,2021,Primer Trimestre,,,,,,,,,,,,,,,,,,,,,,
552126,20210601,220115276,E.S.E. Centro de Salud - Floresta,2.1.1.01.02.004,APORTES A CAJAS DE COMPENSACION FAMILIAR,GASTOS,FUNCIONAMIENTO,GASTOS DE PERSONAL,PLANTA DE PERSONAL PERMANENTE,CONTRIBUCIONES INHERENTES A LA NOMINA,APORTES A CAJAS DE COMPENSACION FAMILIAR,No Aplica,No Aplica,No Aplica,No Aplica,VIGENCIA ACTUAL,ENTIDADES DIFERENTES A ENTIDADES TERRITORIALES - UNIDAD DE SALUD,NO DEFINIDO,NO DEFINIDO,NO APLICA,8822547.0,8822547.0,2021,Segundo Trimestre,,,,,,,,,,,,,,,,,,,,,,
553677,20210901,220115276,E.S.E. Centro de Salud - Floresta,2.1.1.01.02.002,APORTES A LA SEGURIDAD SOCIAL EN SALUD,GASTOS,FUNCIONAMIENTO,GASTOS DE PERSONAL,PLANTA DE PERSONAL PERMANENTE,CONTRIBUCIONES INHERENTES A LA NOMINA,APORTES A LA SEGURIDAD SOCIAL EN SALUD,No Aplica,No Aplica,No Aplica,No Aplica,VIGENCIA ACTUAL,ENTIDADES TERRITORIALES - SALUD,NO DEFINIDO,NO DEFINIDO,NO APLICA,18747912.0,18747912.0,2021,Tercer Trimestre,,,,,,,,,,,,,,,,,,,,,,
554587,20221201,220115276,E.S.E. Centro de Salud - Floresta,2.4.1.01.02.002,APORTES A LA SEGURIDAD SOCIAL EN SALUD,GASTOS,GASTOS DE OPERACION COMERCIAL,GASTOS DE PERSONAL,PLANTA DE PERSONAL PERMANENTE,CONTRIBUCIONES INHERENTES A LA NOMINA,APORTES A LA SEGURIDAD SOCIAL EN SALUD,No Aplica,No Aplica,No Aplica,No Aplica,VIGENCIA ACTUAL,ENTIDADES DIFERENTES A ENTIDADES TERRITORIALES - GESTION GENERAL,NO DEFINIDO,NO DEFINIDO,NO APLICA,11369396.0,12507845.0,2022,Cuarto Trimestre,,,,,,,,,,,,,,,,,,,,,,
559739,20220601,220115276,E.S.E. Centro de Salud - Floresta,2.1.1.01.01,FACTORES CONSTITUTIVOS DE SALARIO,GASTOS,FUNCIONAMIENTO,GASTOS DE PERSONAL,PLANTA DE PERSONAL PERMANENTE,FACTORES CONSTITUTIVOS DE SALARIO,No Aplica,No Aplica,No Aplica,No Aplica,No Aplica,VIGENCIA ACTUAL,ENTIDADES DIFERENTES A ENTIDADES TERRITORIALES - GESTION GENERAL,NO DEFINIDO,NO DEFINIDO,NO DEFINIDO,74343186.0,87755082.0,2022,Segundo Trimestre,,,,,,,,,,,,,,,,,,,,,,
561886,20210901,220115276,E.S.E. Centro de Salud - Floresta,2.1.2.02.02.007,SERVICIOS FINANCIEROS Y SERVICIOS CONEXOS; SERVICIOS INMOBILIARIOS; Y SERVICIOS DE ARRENDAMIENTO Y LEASING,GASTOS,FUNCIONAMIENTO,ADQUISICION DE BIENES Y SERVICIOS,ADQUISICIONES DIFERENTES DE ACTIVOS,ADQUISICION DE SERVICIOS,SERVICIOS FINANCIEROS Y SERVICIOS CONEXOS; SERVICIOS INMOBILIARIOS; Y SERVICIOS DE ARRENDAMIENTO Y LEASING,No Aplica,No Aplica,No Aplica,No Aplica,VIGENCIA ACTUAL,ENTIDADES TERRITORIALES - SALUD,NO DEFINIDO,NO DEFINIDO,NO APLICA,13800000.0,13800000.0,2021,Tercer Trimestre,,,,,,,,,,,,,,,,,,,,,,
564722,20220901,220115276,E.S.E. Centro de Salud - Floresta,2.1.2.01,ADQUISICION DE ACTIVOS NO FINANCIEROS,GASTOS,FUNCIONAMIENTO,ADQUISICION DE BIENES Y SERVICIOS,ADQUISICION DE ACTIVOS NO FINANCIEROS,No Aplica,No Aplica,No Aplica,No Aplica,No Aplica,No Aplica,VIGENCIA ACTUAL,ENTIDADES DIFERENTES A ENTIDADES TERRITORIALES - GESTION GENERAL,NO DEFINIDO,NO DEFINIDO,NO DEFINIDO,17000000.0,31000000.0,2022,Tercer Trimestre,,,,,,,,,,,,,,,,,,,,,,
566311,20221201,220115276,E.S.E. Centro de Salud - Floresta,2.1.3.13,SENTENCIAS Y CONCILIACIONES,GASTOS,FUNCIONAMIENTO,TRANSFERENCIAS CORRIENTES,SENTENCIAS Y CONCILIACIONES,No Aplica,No Aplica,No Aplica,No Aplica,No Aplica,No Aplica,VIGENCIA ACTUAL,ENTIDADES DIFERENTES A ENTIDADES TERRITORIALES - GESTION GENERAL,NO DEFINIDO,NO DEFINIDO,NO DEFINIDO,1000000.0,1000000.0,2022,Cuarto Trimestre,,,,,,,,,,,,,,,,,,,,,,
572944,20221201,220115276,E.S.E. Centro de Salud - Floresta,2.1.1.01.01.001.08.01,PRIMA DE NAVIDAD,GASTOS,FUNCIONAMIENTO,GASTOS DE PERSONAL,PLANTA DE PERSONAL PERMANENTE,FACTORES CONSTITUTIVOS DE SALARIO,FACTORES SALARIALES COMUNES,PRESTACIONES SOCIALES,PRIMA DE NAVIDAD,No Aplica,No Aplica,VIGENCIA ACTUAL,ENTIDADES DIFERENTES A ENTIDADES TERRITORIALES - GESTION GENERAL,NO DEFINIDO,NO DEFINIDO,NO APLICA,6286630.0,7296630.0,2022,Cuarto Trimestre,,,,,,,,,,,,,,,,,,,,,,
577323,20230301,220115276,E.S.E. Centro de Salud - Floresta,2.4.1.01.02.002,APORTES A LA SEGURIDAD SOCIAL EN SALUD,GASTOS,GASTOS DE OPERACION COMERCIAL,GASTOS DE PERSONAL,PLANTA DE PERSONAL PERMANENTE,CONTRIBUCIONES INHERENTES A LA NOMINA,APORTES A LA SEGURIDAD SOCIAL EN SALUD,No Aplica,No Aplica,No Aplica,No Aplica,VIGENCIA ACTUAL,ENTIDADES TERRITORIALES - SALUD,NO DEFINIDO,NO DEFINIDO,NO APLICA,13645865.0,13645865.0,2023,Primer Trimestre,,,,,,,,,,,,,,,,,,,,,,
578024,20221201,220115276,E.S.E. Centro de Salud - Floresta,2.4.1.01.02.006,APORTES AL ICBF,GASTOS,GASTOS DE OPERACION COMERCIAL,GASTOS DE PERSONAL,PLANTA DE PERSONAL PERMANENTE,CONTRIBUCIONES INHERENTES A LA NOMINA,APORTES AL ICBF,No Aplica,No Aplica,No Aplica,No Aplica,VIGENCIA ACTUAL,ENTIDADES DIFERENTES A ENTIDADES TERRITORIALES - GESTION GENERAL,NO DEFINIDO,NO DEFINIDO,NO APLICA,4720417.0,5260417.0,2022,Cuarto Trimestre,,,,,,,,,,,,,,,,,,,,,,
579599,20230601,220115276,E.S.E. Centro de Salud - Floresta,2.1.3.13.01.001,SENTENCIAS,GASTOS,FUNCIONAMIENTO,TRANSFERENCIAS CORRIENTES,SENTENCIAS Y CONCILIACIONES,FALLOS NACIONALES,SENTENCIAS,No Aplica,No Aplica,No Aplica,No Aplica,VIGENCIA ACTUAL,ENTIDADES DIFERENTES A ENTIDADES TERRITORIALES - UNIDAD DE SALUD,NO DEFINIDO,NO DEFINIDO,NO APLICA,1000000.0,1000000.0,2023,Segundo Trimestre,,,,,,,,,,,,,,,,,,,,,,
579843,20210601,220115276,E.S.E. Centro de Salud - Floresta,2.1.3.13.01,FALLOS NACIONALES,GASTOS,FUNCIONAMIENTO,TRANSFERENCIAS CORRIENTES,SENTENCIAS Y CONCILIACIONES,FALLOS NACIONALES,No Aplica,No Aplica,No Aplica,No Aplica,No Aplica,VIGENCIA ACTUAL,ENTIDADES DIFERENTES A ENTIDADES TERRITORIALES - UNIDAD DE SALUD,NO DEFINIDO,NO DEFINIDO,NO DEFINIDO,1400000.0,1400000.0,2021,Segundo Trimestre,,,,,,,,,,,,,,,,,,,,,,
591768,20220901,220115276,E.S.E. Centro de Salud - Floresta,2.4.1.01.02.005,APORTES GENERALES AL SISTEMA DE RIESGOS LABORALES,GASTOS,GASTOS DE OPERACION COMERCIAL,GASTOS DE PERSONAL,PLANTA DE PERSONAL PERMANENTE,CONTRIBUCIONES INHERENTES A LA NOMINA,APORTES GENERALES AL SISTEMA DE RIESGOS LABORALES,No Aplica,No Aplica,No Aplica,No Aplica,VIGENCIA ACTUAL,ENTIDADES DIFERENTES A ENTIDADES TERRITORIALES - GESTION GENERAL,NO DEFINIDO,NO DEFINIDO,NO APLICA,2910446.0,3345051.0,2022,Tercer Trimestre,,,,,,,,,,,,,,,,,,,,,,
601135,20221201,220115276,E.S.E. Centro de Salud - Floresta,2.1.1.01.02.002,APORTES A LA SEGURIDAD SOCIAL EN SALUD,GASTOS,FUNCIONAMIENTO,GASTOS DE PERSONAL,PLANTA DE PERSONAL PERMANENTE,CONTRIBUCIONES INHERENTES A LA NOMINA,APORTES A LA SEGURIDAD SOCIAL EN SALUD,No Aplica,No Aplica,No Aplica,No Aplica,VIGENCIA ACTUAL,ENTIDADES DIFERENTES A ENTIDADES TERRITORIALES - GESTION GENERAL,NO DEFINIDO,NO DEFINIDO,NO APLICA,4720229.0,6672664.0,2022,Cuarto Trimestre,,,,,,,,,,,,,,,,,,,,,,
610508,20210901,220115276,E.S.E. Centro de Salud - Floresta,2.1.1,GASTOS DE PERSONAL,GASTOS,FUNCIONAMIENTO,GASTOS DE PERSONAL,No Aplica,No Aplica,No Aplica,No Aplica,No Aplica,No Aplica,No Aplica,VIGENCIA ACTUAL,ENTIDADES TERRITORIALES - SALUD,NO DEFINIDO,NO DEFINIDO,NO DEFINIDO,332669811.0,347428967.0,2021,Tercer Trimestre,,,,,,,,,,,,,,,,,,,,,,
611664,20230301,220115276,E.S.E. Centro de Salud - Floresta,2.1.1,GASTOS DE PERSONAL,GASTOS,FUNCIONAMIENTO,GASTOS DE PERSONAL,No Aplica,No Aplica,No Aplica,No Aplica,No Aplica,No Aplica,No Aplica,VIGENCIA ACTUAL,ENTIDADES TERRITORIALES - SALUD,NO DEFINIDO,NO DEFINIDO,NO DEFINIDO,135199999.0,126969999.0,2023,Primer Trimestre,,,,,,,,,,,,,,,,,,,,,,
624240,20220601,220115276,E.S.E. Centro de Salud - Floresta,2.4.1.01.02.002,APORTES A LA SEGURIDAD SOCIAL EN SALUD,GASTOS,GASTOS DE OPERACION COMERCIAL,GASTOS DE PERSONAL,PLANTA DE PERSONAL PERMANENTE,CONTRIBUCIONES INHERENTES A LA NOMINA,APORTES A LA SEGURIDAD SOCIAL EN SALUD,No Aplica,No Aplica,No Aplica,No Aplica,VIGENCIA ACTUAL,ENTIDADES DIFERENTES A ENTIDADES TERRITORIALES - GESTION GENERAL,NO DEFINIDO,NO DEFINIDO,NO APLICA,11369396.0,11369396.0,2022,Segundo Trimestre,,,,,,,,,,,,,,,,,,,,,,
624757,20210301,220115276,E.S.E. Centro de Salud - Floresta,2.1.2.02,ADQUISICIONES DIFERENTES DE ACTIVOS,GASTOS,FUNCIONAMIENTO,ADQUISICION DE BIENES Y SERVICIOS,ADQUISICIONES DIFERENTES DE ACTIVOS,No Aplica,No Aplica,No Aplica,No Aplica,No Aplica,No Aplica,VIGENCIA ACTUAL,ENTIDADES DIFERENTES A ENTIDADES TERRITORIALES - UNIDAD DE SALUD,NO DEFINIDO,NO DEFINIDO,NO DEFINIDO,195440189.0,268439024.0,2021,Primer Trimestre,,,,,,,,,,,,,,,,,,,,,,
627802,20220301,220115276,E.S.E. Centro de Salud - Floresta,2.1.1.01.01,FACTORES CONSTITUTIVOS DE SALARIO,GASTOS,FUNCIONAMIENTO,GASTOS DE PERSONAL,PLANTA DE PERSONAL PERMANENTE,FACTORES CONSTITUTIVOS DE SALARIO,No Aplica,No Aplica,No Aplica,No Aplica,No Aplica,VIGENCIA ACTUAL,ENTIDADES DIFERENTES A ENTIDADES TERRITORIALES - GESTION GENERAL,NO DEFINIDO,NO DEFINIDO,NO DEFINIDO,74343186.0,64443186.0,2022,Primer Trimestre,,,,,,,,,,,,,,,,,,,,,,
629138,20220901,220115276,E.S.E. Centro de Salud - Floresta,2.4.1.01.01.001.06,PRIMA DE SERVICIO,GASTOS,GASTOS DE OPERACION COMERCIAL,GASTOS DE PERSONAL,PLANTA DE PERSONAL PERMANENTE,FACTORES CONSTITUTIVOS DE SALARIO,FACTORES SALARIALES COMUNES,PRIMA DE SERVICIO,No Aplica,No Aplica,No Aplica,VIGENCIA ACTUAL,ENTIDADES DIFERENTES A ENTIDADES TERRITORIALES - GESTION GENERAL,NO DEFINIDO,NO DEFINIDO,NO APLICA,6386576.0,7045796.0,2022,Tercer Trimestre,,,,,,,,,,,,,,,,,,,,,,
632320,20230301,220115276,E.S.E. Centro de Salud - Floresta,2.1.2.01.01.004,ACTIVOS FIJOS NO CLASIFICADOS COMO MAQUINARIA Y EQUIPO,GASTOS,FUNCIONAMIENTO,ADQUISICION DE BIENES Y SERVICIOS,ADQUISICION DE ACTIVOS NO FINANCIEROS,ACTIVOS FIJOS,ACTIVOS FIJOS NO CLASIFICADOS COMO MAQUINARIA Y EQUIPO,No Aplica,No Aplica,No Aplica,No Aplica,VIGENCIA ACTUAL,ENTIDADES TERRITORIALES - SALUD,NO DEFINIDO,NO DEFINIDO,NO DEFINIDO,1000000.0,1000000.0,2023,Primer Trimestre,,,,,,,,,,,,,,,,,,,,,,
640071,20221201,220115276,E.S.E. Centro de Salud - Floresta,2.1.8.04.07,CONTRIBUCION DE VIGILANCIA - SUPERINTENDENCIA NACIONAL DE SALUD,GASTOS,FUNCIONAMIENTO,"GASTOS POR TRIBUTOS, TASAS, CONTRIBUCIONES, MULTAS, SANCIONES E INTERESES DE MORA",CONTRIBUCIONES,CONTRIBUCION DE VIGILANCIA - SUPERINTENDENCIA NACIONAL DE SALUD,No Aplica,No Aplica,No Aplica,No Aplica,No Aplica,VIGENCIA ACTUAL,ENTIDADES DIFERENTES A ENTIDADES TERRITORIALES - GESTION GENERAL,NO DEFINIDO,NO DEFINIDO,NO APLICA,850000.0,850000.0,2022,Cuarto Trimestre,,,,,,,,,,,,,,,,,,,,,,
641575,20220601,220115276,E.S.E. Centro de Salud - Floresta,2.4.1.01.03.001.03,BONIFICACION ESPECIAL DE RECREACION,GASTOS,GASTOS DE OPERACION COMERCIAL,GASTOS DE PERSONAL,PLANTA DE PERSONAL PERMANENTE,REMUNERACIONES NO CONSTITUTIVAS DE FACTOR SALARIAL,PRESTACIONES SOCIALES,BONIFICACION ESPECIAL DE RECREACION,No Aplica,No Aplica,No Aplica,VIGENCIA ACTUAL,ENTIDADES DIFERENTES A ENTIDADES TERRITORIALES - GESTION GENERAL,NO DEFINIDO,NO DEFINIDO,NO APLICA,702287.0,702287.0,2022,Segundo Trimestre,,,,,,,,,,,,,,,,,,,,,,
641721,20230301,220115276,E.S.E. Centro de Salud - Floresta,2.4,GASTOS DE OPERACION COMERCIAL,GASTOS,GASTOS DE OPERACION COMERCIAL,No Aplica,No Aplica,No Aplica,No Aplica,No Aplica,No Aplica,No Aplica,No Aplica,VIGENCIA ACTUAL,ENTIDADES TERRITORIALES - SALUD,NO DEFINIDO,NO DEFINIDO,NO DEFINIDO,329882001.0,370573614.0,2023,Primer Trimestre,,,,,,,,,,,,,,,,,,,,,,
642087,20210301,220115276,E.S.E. Centro de Salud - Floresta,2.1.1.01.02.003,APORTES DE CESANTIAS,GASTOS,FUNCIONAMIENTO,GASTOS DE PERSONAL,PLANTA DE PERSONAL PERMANENTE,CONTRIBUCIONES INHERENTES A LA NOMINA,APORTES DE CESANTIAS,No Aplica,No Aplica,No Aplica,No Aplica,VIGENCIA ACTUAL,ENTIDADES DIFERENTES A ENTIDADES TERRITORIALES - UNIDAD DE SALUD,NO DEFINIDO,NO DEFINIDO,NO APLICA,10651652.0,10651652.0,2021,Primer Trimestre,,,,,,,,,,,,,,,,,,,,,,
647944,20230301,220115276,E.S.E. Centro de Salud - Floresta,2.1.1.01.01.001.04,SUBSIDIO DE ALIMENTACION,GASTOS,FUNCIONAMIENTO,GASTOS DE PERSONAL,PLANTA DE PERSONAL PERMANENTE,FACTORES CONSTITUTIVOS DE SALARIO,FACTORES SALARIALES COMUNES,SUBSIDIO DE ALIMENTACION,No Aplica,No Aplica,No Aplica,VIGENCIA ACTUAL,ENTIDADES TERRITORIALES - SALUD,NO DEFINIDO,NO DEFINIDO,NO APLICA,1920576.0,1920576.0,2023,Primer Trimestre,,,,,,,,,,,,,,,,,,,,,,
649647,20220301,220115276,E.S.E. Centro de Salud - Floresta,2.1.2.01.01.001,EDIFICACIONES Y ESTRUCTURAS,GASTOS,FUNCIONAMIENTO,ADQUISICION DE BIENES Y SERVICIOS,ADQUISICION DE ACTIVOS NO FINANCIEROS,ACTIVOS FIJOS,EDIFICACIONES Y ESTRUCTURAS,No Aplica,No Aplica,No Aplica,No Aplica,VIGENCIA ACTUAL,ENTIDADES DIFERENTES A ENTIDADES TERRITORIALES - GESTION GENERAL,NO DEFINIDO,NO DEFINIDO,NO DEFINIDO,3000000.0,3000000.0,2022,Primer Trimestre,,,,,,,,,,,,,,,,,,,,,,
652385,20210301,220115276,E.S.E. Centro de Salud - Floresta,2.1.1.01.01.001.08.01,PRIMA DE NAVIDAD,GASTOS,FUNCIONAMIENTO,GASTOS DE PERSONAL,PLANTA DE PERSONAL PERMANENTE,FACTORES CONSTITUTIVOS DE SALARIO,FACTORES SALARIALES COMUNES,PRESTACIONES SOCIALES,PRIMA DE NAVIDAD,No Aplica,No Aplica,VIGENCIA ACTUAL,ENTIDADES DIFERENTES A ENTIDADES TERRITORIALES - UNIDAD DE SALUD,NO DEFINIDO,NO DEFINIDO,NO APLICA,8201708.0,8201708.0,2021,Primer Trimestre,,,,,,,,,,,,,,,,,,,,,,
655912,20210301,220115276,E.S.E. Centro de Salud - Floresta,2.1.1.01.03.001,PRESTACIONES SOCIALES,GASTOS,FUNCIONAMIENTO,GASTOS DE PERSONAL,PLANTA DE PERSONAL PERMANENTE,REMUNERACIONES NO CONSTITUTIVAS DE FACTOR SALARIAL,PRESTACIONES SOCIALES,No Aplica,No Aplica,No Aplica,No Aplica,VIGENCIA ACTUAL,ENTIDADES DIFERENTES A ENTIDADES TERRITORIALES - UNIDAD DE SALUD,NO DEFINIDO,NO DEFINIDO,NO DEFINIDO,14853914.0,14853914.0,2021,Primer Trimestre,,,,,,,,,,,,,,,,,,,,,,
656949,20220601,220115276,E.S.E. Centro de Salud - Floresta,2.1.1.01.01.001.08.02,PRIMA DE VACACIONES,GASTOS,FUNCIONAMIENTO,GASTOS DE PERSONAL,PLANTA DE PERSONAL PERMANENTE,FACTORES CONSTITUTIVOS DE SALARIO,FACTORES SALARIALES COMUNES,PRESTACIONES SOCIALES,PRIMA DE VACACIONES,No Aplica,No Aplica,VIGENCIA ACTUAL,ENTIDADES DIFERENTES A ENTIDADES TERRITORIALES - GESTION GENERAL,NO DEFINIDO,NO DEFINIDO,NO APLICA,3017583.0,3017583.0,2022,Segundo Trimestre,,,,,,,,,,,,,,,,,,,,,,
657134,20220301,220115276,E.S.E. Centro de Salud - Floresta,2.1.1.01.01.001.08,PRESTACIONES SOCIALES,GASTOS,FUNCIONAMIENTO,GASTOS DE PERSONAL,PLANTA DE PERSONAL PERMANENTE,FACTORES CONSTITUTIVOS DE SALARIO,FACTORES SALARIALES COMUNES,PRESTACIONES SOCIALES,No Aplica,No Aplica,No Aplica,VIGENCIA ACTUAL,ENTIDADES DIFERENTES A ENTIDADES TERRITORIALES - GESTION GENERAL,NO DEFINIDO,NO DEFINIDO,NO DEFINIDO,9304213.0,9304213.0,2022,Primer Trimestre,,,,,,,,,,,,,,,,,,,,,,
663016,20220301,220115276,E.S.E. Centro de Salud - Floresta,2.4.5.01.03,"OTROS BIENES TRANSPORTABLES EXCEPTO PRODUCTOS METALICOS, MAQUINARIA Y EQUIPO",GASTOS,GASTOS DE OPERACION COMERCIAL,GASTOS DE COMERCIALIZACION Y PRODUCCION,MATERIALES Y SUMINISTROS,"OTROS BIENES TRANSPORTABLES EXCEPTO PRODUCTOS METALICOS, MAQUINARIA Y EQUIPO",No Aplica,No Aplica,No Aplica,No Aplica,No Aplica,VIGENCIA ACTUAL,ENTIDADES DIFERENTES A ENTIDADES TERRITORIALES - GESTION GENERAL,NO DEFINIDO,NO DEFINIDO,NO APLICA,18000000.0,35000000.0,2022,Primer Trimestre,,,,,,,,,,,,,,,,,,,,,,
669214,20220901,220115276,E.S.E. Centro de Salud - Floresta,2.1.1.01.01.001.08,PRESTACIONES SOCIALES,GASTOS,FUNCIONAMIENTO,GASTOS DE PERSONAL,PLANTA DE PERSONAL PERMANENTE,FACTORES CONSTITUTIVOS DE SALARIO,FACTORES SALARIALES COMUNES,PRESTACIONES SOCIALES,No Aplica,No Aplica,No Aplica,VIGENCIA ACTUAL,ENTIDADES DIFERENTES A ENTIDADES TERRITORIALES - GESTION GENERAL,NO DEFINIDO,NO DEFINIDO,NO DEFINIDO,9304213.0,9304213.0,2022,Tercer Trimestre,,,,,,,,,,,,,,,,,,,,,,
669495,20230601,220115276,E.S.E. Centro de Salud - Floresta,2.1.1.01.02.001,APORTES A LA SEGURIDAD SOCIAL EN PENSIONES,GASTOS,FUNCIONAMIENTO,GASTOS DE PERSONAL,PLANTA DE PERSONAL PERMANENTE,CONTRIBUCIONES INHERENTES A LA NOMINA,APORTES A LA SEGURIDAD SOCIAL EN PENSIONES,No Aplica,No Aplica,No Aplica,No Aplica,VIGENCIA ACTUAL,ENTIDADES DIFERENTES A ENTIDADES TERRITORIALES - UNIDAD DE SALUD,NO DEFINIDO,NO DEFINIDO,NO APLICA,8580675.0,8580675.0,2023,Segundo Trimestre,,,,,,,,,,,,,,,,,,,,,,
670463,20220301,220115276,E.S.E. Centro de Salud - Floresta,2.4.1.01.01.001.08,PRESTACIONES SOCIALES,GASTOS,GASTOS DE OPERACION COMERCIAL,GASTOS DE PERSONAL,PLANTA DE PERSONAL PERMANENTE,FACTORES CONSTITUTIVOS DE SALARIO,FACTORES SALARIALES COMUNES,PRESTACIONES SOCIALES,No Aplica,No Aplica,No Aplica,VIGENCIA ACTUAL,ENTIDADES DIFERENTES A ENTIDADES TERRITORIALES - GESTION GENERAL,NO DEFINIDO,NO DEFINIDO,NO DEFINIDO,14004284.0,14004284.0,2022,Primer Trimestre,,,,,,,,,,,,,,,,,,,,,,
672142,20220901,220115276,E.S.E. Centro de Salud - Floresta,2.4.1.01.01.001.08.01,PRIMA DE NAVIDAD,GASTOS,GASTOS DE OPERACION COMERCIAL,GASTOS DE PERSONAL,PLANTA DE PERSONAL PERMANENTE,FACTORES CONSTITUTIVOS DE SALARIO,FACTORES SALARIALES COMUNES,PRESTACIONES SOCIALES,PRIMA DE NAVIDAD,No Aplica,No Aplica,VIGENCIA ACTUAL,ENTIDADES DIFERENTES A ENTIDADES TERRITORIALES - GESTION GENERAL,NO DEFINIDO,NO DEFINIDO,NO APLICA,9462353.0,9462353.0,2022,Tercer Trimestre,,,,,,,,,,,,,,,,,,,,,,
678325,20220601,220115276,E.S.E. Centro de Salud - Floresta,2.1.2.01.01.003.04,MAQUINARIA Y APARATOS ELECTRICOS,GASTOS,FUNCIONAMIENTO,ADQUISICION DE BIENES Y SERVICIOS,ADQUISICION DE ACTIVOS NO FINANCIEROS,ACTIVOS FIJOS,MAQUINARIA Y EQUIPO,MAQUINARIA Y APARATOS ELECTRICOS,No Aplica,No Aplica,No Aplica,VIGENCIA ACTUAL,ENTIDADES DIFERENTES A ENTIDADES TERRITORIALES - GESTION GENERAL,NO DEFINIDO,NO DEFINIDO,NO DEFINIDO,2500000.0,2500000.0,2022,Segundo Trimestre,,,,,,,,,,,,,,,,,,,,,,
682176,20220301,220115276,E.S.E. Centro de Salud - Floresta,2.1.8.04,CONTRIBUCIONES,GASTOS,FUNCIONAMIENTO,"GASTOS POR TRIBUTOS, TASAS, CONTRIBUCIONES, MULTAS, SANCIONES E INTERESES DE MORA",CONTRIBUCIONES,No Aplica,No Aplica,No Aplica,No Aplica,No Aplica,No Aplica,VIGENCIA ACTUAL,ENTIDADES DIFERENTES A ENTIDADES TERRITORIALES - GESTION GENERAL,NO DEFINIDO,NO DEFINIDO,NO DEFINIDO,850000.0,850000.0,2022,Primer Trimestre,,,,,,,,,,,,,,,,,,,,,,
687604,20230601,220115276,E.S.E. Centro de Salud - Floresta,2.1.8.04.07,CONTRIBUCION DE VIGILANCIA - SUPERINTENDENCIA NACIONAL DE SALUD,GASTOS,FUNCIONAMIENTO,"GASTOS POR TRIBUTOS, TASAS, CONTRIBUCIONES, MULTAS, SANCIONES E INTERESES DE MORA",CONTRIBUCIONES,CONTRIBUCION DE VIGILANCIA - SUPERINTENDENCIA NACIONAL DE SALUD,No Aplica,No Aplica,No Aplica,No Aplica,No Aplica,VIGENCIA ACTUAL,ENTIDADES DIFERENTES A ENTIDADES TERRITORIALES - UNIDAD DE SALUD,NO DEFINIDO,NO DEFINIDO,NO APLICA,850000.0,850000.0,2023,Segundo Trimestre,,,,,,,,,,,,,,,,,,,,,,
688132,20221201,220115276,E.S.E. Centro de Salud - Floresta,2.4.1.01.03.001.01,VACACIONES,GASTOS,GASTOS DE OPERACION COMERCIAL,GASTOS DE PERSONAL,PLANTA DE PERSONAL PERMANENTE,REMUNERACIONES NO CONSTITUTIVAS DE FACTOR SALARIAL,PRESTACIONES SOCIALES,VACACIONES,No Aplica,No Aplica,No Aplica,VIGENCIA ACTUAL,ENTIDADES DIFERENTES A ENTIDADES TERRITORIALES - GESTION GENERAL,NO DEFINIDO,NO DEFINIDO,NO APLICA,3500000.0,4834459.0,2022,Cuarto Trimestre,,,,,,,,,,,,,,,,,,,,,,
692187,20220601,220115276,E.S.E. Centro de Salud - Floresta,2.1.1.01.03.001.03,BONIFICACION ESPECIAL DE RECREACION,GASTOS,FUNCIONAMIENTO,GASTOS DE PERSONAL,PLANTA DE PERSONAL PERMANENTE,REMUNERACIONES NO CONSTITUTIVAS DE FACTOR SALARIAL,PRESTACIONES SOCIALES,BONIFICACION ESPECIAL DE RECREACION,No Aplica,No Aplica,No Aplica,VIGENCIA ACTUAL,ENTIDADES DIFERENTES A ENTIDADES TERRITORIALES - GESTION GENERAL,NO DEFINIDO,NO DEFINIDO,NO APLICA,285690.0,285690.0,2022,Segundo Trimestre,,,,,,,,,,,,,,,,,,,,,,
694358,20230601,220115276,E.S.E. Centro de Salud - Floresta,2.4.1.01.02.005,APORTES GENERALES AL SISTEMA DE RIESGOS LABORALES,GASTOS,GASTOS DE OPERACION COMERCIAL,GASTOS DE PERSONAL,PLANTA DE PERSONAL PERMANENTE,CONTRIBUCIONES INHERENTES A LA NOMINA,APORTES GENERALES AL SISTEMA DE RIESGOS LABORALES,No Aplica,No Aplica,No Aplica,No Aplica,VIGENCIA ACTUAL,ENTIDADES DIFERENTES A ENTIDADES TERRITORIALES - UNIDAD DE SALUD,NO DEFINIDO,NO DEFINIDO,NO APLICA,3210792.0,3210792.0,2023,Segundo Trimestre,,,,,,,,,,,,,,,,,,,,,,
695038,20230601,220115276,E.S.E. Centro de Salud - Floresta,2.1.3,TRANSFERENCIAS CORRIENTES,GASTOS,FUNCIONAMIENTO,TRANSFERENCIAS CORRIENTES,No Aplica,No Aplica,No Aplica,No Aplica,No Aplica,No Aplica,No Aplica,VIGENCIA ACTUAL,ENTIDADES DIFERENTES A ENTIDADES TERRITORIALES - UNIDAD DE SALUD,NO DEFINIDO,NO DEFINIDO,NO DEFINIDO,1000000.0,1000000.0,2023,Segundo Trimestre,,,,,,,,,,,,,,,,,,,,,,
703544,20220901,220115276,E.S.E. Centro de Salud - Floresta,2.1.2.01.01.001,EDIFICACIONES Y ESTRUCTURAS,GASTOS,FUNCIONAMIENTO,ADQUISICION DE BIENES Y SERVICIOS,ADQUISICION DE ACTIVOS NO FINANCIEROS,ACTIVOS FIJOS,EDIFICACIONES Y ESTRUCTURAS,No Aplica,No Aplica,No Aplica,No Aplica,VIGENCIA ACTUAL,ENTIDADES DIFERENTES A ENTIDADES TERRITORIALES - GESTION GENERAL,NO DEFINIDO,NO DEFINIDO,NO DEFINIDO,3000000.0,3000000.0,2022,Tercer Trimestre,,,,,,,,,,,,,,,,,,,,,,
704425,20230601,220115276,E.S.E. Centro de Salud - Floresta,2.1.2.02.01,MATERIALES Y SUMINISTROS,GASTOS,FUNCIONAMIENTO,ADQUISICION DE BIENES Y SERVICIOS,ADQUISICIONES DIFERENTES DE ACTIVOS,MATERIALES Y SUMINISTROS,No Aplica,No Aplica,No Aplica,No Aplica,No Aplica,VIGENCIA ACTUAL,ENTIDADES DIFERENTES A ENTIDADES TERRITORIALES - UNIDAD DE SALUD,NO DEFINIDO,NO DEFINIDO,NO DEFINIDO,21000000.0,82257940.0,2023,Segundo Trimestre,,,,,,,,,,,,,,,,,,,,,,
711901,20230301,220115276,E.S.E. Centro de Salud - Floresta,2.1.2.01.01,ACTIVOS FIJOS,GASTOS,FUNCIONAMIENTO,ADQUISICION DE BIENES Y SERVICIOS,ADQUISICION DE ACTIVOS NO FINANCIEROS,ACTIVOS FIJOS,No Aplica,No Aplica,No Aplica,No Aplica,No Aplica,VIGENCIA ACTUAL,ENTIDADES TERRITORIALES - SALUD,NO DEFINIDO,NO DEFINIDO,NO DEFINIDO,15500000.0,15500000.0,2023,Primer Trimestre,,,,,,,,,,,,,,,,,,,,,,
714507,20221201,220115276,E.S.E. Centro de Salud - Floresta,2.1.2.01.01.003.04,MAQUINARIA Y APARATOS ELECTRICOS,GASTOS,FUNCIONAMIENTO,ADQUISICION DE BIENES Y SERVICIOS,ADQUISICION DE ACTIVOS NO FINANCIEROS,ACTIVOS FIJOS,MAQUINARIA Y EQUIPO,MAQUINARIA Y APARATOS ELECTRICOS,No Aplica,No Aplica,No Aplica,VIGENCIA ACTUAL,ENTIDADES DIFERENTES A ENTIDADES TERRITORIALES - GESTION GENERAL,NO DEFINIDO,NO DEFINIDO,NO DEFINIDO,2500000.0,2500000.0,2022,Cuarto Trimestre,,,,,,,,,,,,,,,,,,,,,,
715402,20230601,220115276,E.S.E. Centro de Salud - Floresta,2.1.1.01.02,CONTRIBUCIONES INHERENTES A LA NOMINA,GASTOS,FUNCIONAMIENTO,GASTOS DE PERSONAL,PLANTA DE PERSONAL PERMANENTE,CONTRIBUCIONES INHERENTES A LA NOMINA,No Aplica,No Aplica,No Aplica,No Aplica,No Aplica,VIGENCIA ACTUAL,ENTIDADES DIFERENTES A ENTIDADES TERRITORIALES - UNIDAD DE SALUD,NO DEFINIDO,NO DEFINIDO,NO DEFINIDO,32300500.0,32300500.0,2023,Segundo Trimestre,,,,,,,,,,,,,,,,,,,,,,
717961,20220301,220115276,E.S.E. Centro de Salud - Floresta,2.1.2.02.02.007,SERVICIOS FINANCIEROS Y SERVICIOS CONEXOS; SERVICIOS INMOBILIARIOS; Y SERVICIOS DE ARRENDAMIENTO Y LEASING,GASTOS,FUNCIONAMIENTO,ADQUISICION DE BIENES Y SERVICIOS,ADQUISICIONES DIFERENTES DE ACTIVOS,ADQUISICION DE SERVICIOS,SERVICIOS FINANCIEROS Y SERVICIOS CONEXOS; SERVICIOS INMOBILIARIOS; Y SERVICIOS DE ARRENDAMIENTO Y LEASING,No Aplica,No Aplica,No Aplica,No Aplica,VIGENCIA ACTUAL,ENTIDADES DIFERENTES A ENTIDADES TERRITORIALES - GESTION GENERAL,NO DEFINIDO,NO DEFINIDO,NO APLICA,15000000.0,12500000.0,2022,Primer Trimestre,,,,,,,,,,,,,,,,,,,,,,
718400,20220301,220115276,E.S.E. Centro de Salud - Floresta,2.4.1.01.03.001,PRESTACIONES SOCIALES,GASTOS,GASTOS DE OPERACION COMERCIAL,GASTOS DE PERSONAL,PLANTA DE PERSONAL PERMANENTE,REMUNERACIONES NO CONSTITUTIVAS DE FACTOR SALARIAL,PRESTACIONES SOCIALES,No Aplica,No Aplica,No Aplica,No Aplica,VIGENCIA ACTUAL,ENTIDADES DIFERENTES A ENTIDADES TERRITORIALES - GESTION GENERAL,NO DEFINIDO,NO DEFINIDO,NO DEFINIDO,8202287.0,8202287.0,2022,Primer Trimestre,,,,,,,,,,,,,,,,,,,,,,
718713,20220301,220115276,E.S.E. Centro de Salud - Floresta,2.4.1.01.03.001.02,INDEMNIZACION POR VACACIONES,GASTOS,GASTOS DE OPERACION COMERCIAL,GASTOS DE PERSONAL,PLANTA DE PERSONAL PERMANENTE,REMUNERACIONES NO CONSTITUTIVAS DE FACTOR SALARIAL,PRESTACIONES SOCIALES,INDEMNIZACION POR VACACIONES,No Aplica,No Aplica,No Aplica,VIGENCIA ACTUAL,ENTIDADES DIFERENTES A ENTIDADES TERRITORIALES - GESTION GENERAL,NO DEFINIDO,NO DEFINIDO,NO APLICA,4000000.0,4000000.0,2022,Primer Trimestre,,,,,,,,,,,,,,,,,,,,,,
718766,20220301,220115276,E.S.E. Centro de Salud - Floresta,2.4.1.01.02.007,APORTES AL SENA,GASTOS,GASTOS DE OPERACION COMERCIAL,GASTOS DE PERSONAL,PLANTA DE PERSONAL PERMANENTE,CONTRIBUCIONES INHERENTES A LA NOMINA,APORTES AL SENA,No Aplica,No Aplica,No Aplica,No Aplica,VIGENCIA ACTUAL,ENTIDADES DIFERENTES A ENTIDADES TERRITORIALES - GESTION GENERAL,NO DEFINIDO,NO DEFINIDO,NO APLICA,3146945.0,3146945.0,2022,Primer Trimestre,,,,,,,,,,,,,,,,,,,,,,
729040,20230301,220115276,E.S.E. Centro de Salud - Floresta,2.4.1,GASTOS DE PERSONAL,GASTOS,GASTOS DE OPERACION COMERCIAL,GASTOS DE PERSONAL,No Aplica,No Aplica,No Aplica,No Aplica,No Aplica,No Aplica,No Aplica,VIGENCIA ACTUAL,ENTIDADES TERRITORIALES - SALUD,NO DEFINIDO,NO DEFINIDO,NO DEFINIDO,235142001.0,236644001.0,2023,Primer Trimestre,,,,,,,,,,,,,,,,,,,,,,
740329,20221201,220115276,E.S.E. Centro de Salud - Floresta,2.1.1.01.03.001.02,INDEMNIZACION POR VACACIONES,GASTOS,FUNCIONAMIENTO,GASTOS DE PERSONAL,PLANTA DE PERSONAL PERMANENTE,REMUNERACIONES NO CONSTITUTIVAS DE FACTOR SALARIAL,PRESTACIONES SOCIALES,INDEMNIZACION POR VACACIONES,No Aplica,No Aplica,No Aplica,VIGENCIA ACTUAL,ENTIDADES DIFERENTES A ENTIDADES TERRITORIALES - GESTION GENERAL,NO DEFINIDO,NO DEFINIDO,NO APLICA,4625787.0,5665787.0,2022,Cuarto Trimestre,,,,,,,,,,,,,,,,,,,,,,
743846,20221201,220115276,E.S.E. Centro de Salud - Floresta,2.4.1.01.03,REMUNERACIONES NO CONSTITUTIVAS DE FACTOR SALARIAL,GASTOS,GASTOS DE OPERACION COMERCIAL,GASTOS DE PERSONAL,PLANTA DE PERSONAL PERMANENTE,REMUNERACIONES NO CONSTITUTIVAS DE FACTOR SALARIAL,No Aplica,No Aplica,No Aplica,No Aplica,No Aplica,VIGENCIA ACTUAL,ENTIDADES DIFERENTES A ENTIDADES TERRITORIALES - GESTION GENERAL,NO DEFINIDO,NO DEFINIDO,NO DEFINIDO,8202287.0,9536746.0,2022,Cuarto Trimestre,,,,,,,,,,,,,,,,,,,,,,
746194,20210301,220115276,E.S.E. Centro de Salud - Floresta,2.1.3.13.01.001,SENTENCIAS,GASTOS,FUNCIONAMIENTO,TRANSFERENCIAS CORRIENTES,SENTENCIAS Y CONCILIACIONES,FALLOS NACIONALES,SENTENCIAS,No Aplica,No Aplica,No Aplica,No Aplica,VIGENCIA ACTUAL,ENTIDADES DIFERENTES A ENTIDADES TERRITORIALES - UNIDAD DE SALUD,NO DEFINIDO,NO DEFINIDO,NO APLICA,1400000.0,1400000.0,2021,Primer Trimestre,,,,,,,,,,,,,,,,,,,,,,
746627,20210601,220115276,E.S.E. Centro de Salud - Floresta,2.1.2.02.01.002,"PRODUCTOS ALIMENTICIOS, BEBIDAS Y TABACO, TEXTILES, PRENDAS DE VESTIR Y PRODUCTOS DE CUERO",GASTOS,FUNCIONAMIENTO,ADQUISICION DE BIENES Y SERVICIOS,ADQUISICIONES DIFERENTES DE ACTIVOS,MATERIALES Y SUMINISTROS,"PRODUCTOS ALIMENTICIOS, BEBIDAS Y TABACO, TEXTILES, PRENDAS DE VESTIR Y PRODUCTOS DE CUERO",No Aplica,No Aplica,No Aplica,No Aplica,VIGENCIA ACTUAL,ENTIDADES DIFERENTES A ENTIDADES TERRITORIALES - UNIDAD DE SALUD,NO DEFINIDO,NO DEFINIDO,NO APLICA,5882727.0,12882727.0,2021,Segundo Trimestre,,,,,,,,,,,,,,,,,,,,,,
748891,20210301,220115276,E.S.E. Centro de Salud - Floresta,2.1.3,TRANSFERENCIAS CORRIENTES,GASTOS,FUNCIONAMIENTO,TRANSFERENCIAS CORRIENTES,No Aplica,No Aplica,No Aplica,No Aplica,No Aplica,No Aplica,No Aplica,VIGENCIA ACTUAL,ENTIDADES DIFERENTES A ENTIDADES TERRITORIALES - UNIDAD DE SALUD,NO DEFINIDO,NO DEFINIDO,NO DEFINIDO,1400000.0,1400000.0,2021,Primer Trimestre,,,,,,,,,,,,,,,,,,,,,,
749925,20221201,220115276,E.S.E. Centro de Salud - Floresta,2.1.2.01.01.003,MAQUINARIA Y EQUIPO,GASTOS,FUNCIONAMIENTO,ADQUISICION DE BIENES Y SERVICIOS,ADQUISICION DE ACTIVOS NO FINANCIEROS,ACTIVOS FIJOS,MAQUINARIA Y EQUIPO,No Aplica,No Aplica,No Aplica,No Aplica,VIGENCIA ACTUAL,ENTIDADES DIFERENTES A ENTIDADES TERRITORIALES - GESTION GENERAL,NO DEFINIDO,NO DEFINIDO,NO DEFINIDO,13000000.0,24000000.0,2022,Cuarto Trimestre,,,,,,,,,,,,,,,,,,,,,,
754422,20220301,220115276,E.S.E. Centro de Salud - Floresta,2.1.1.01.02.001,APORTES A LA SEGURIDAD SOCIAL EN PENSIONES,GASTOS,FUNCIONAMIENTO,GASTOS DE PERSONAL,PLANTA DE PERSONAL PERMANENTE,CONTRIBUCIONES INHERENTES A LA NOMINA,APORTES A LA SEGURIDAD SOCIAL EN PENSIONES,No Aplica,No Aplica,No Aplica,No Aplica,VIGENCIA ACTUAL,ENTIDADES DIFERENTES A ENTIDADES TERRITORIALES - GESTION GENERAL,NO DEFINIDO,NO DEFINIDO,NO APLICA,6075618.0,6075618.0,2022,Primer Trimestre,,,,,,,,,,,,,,,,,,,,,,
754901,20220901,220115276,E.S.E. Centro de Salud - Floresta,2.1.2.01.01.003.06.01,APARATOS MEDICOS Y QUIRURGICOS Y APARATOS ORTESICOS Y PROTESICOS,GASTOS,FUNCIONAMIENTO,ADQUISICION DE BIENES Y SERVICIOS,ADQUISICION DE ACTIVOS NO FINANCIEROS,ACTIVOS FIJOS,MAQUINARIA Y EQUIPO,"APARATOS MEDICOS, INSTRUMENTOS OPTICOS Y DE PRECISION, RELOJES",APARATOS MEDICOS Y QUIRURGICOS Y APARATOS ORTESICOS Y PROTESICOS,No Aplica,No Aplica,VIGENCIA ACTUAL,ENTIDADES DIFERENTES A ENTIDADES TERRITORIALES - GESTION GENERAL,NO DEFINIDO,NO DEFINIDO,NO APLICA,5000000.0,12000000.0,2022,Tercer Trimestre,,,,,,,,,,,,,,,,,,,,,,
757140,20230601,220115276,E.S.E. Centro de Salud - Floresta,2.1.2.02.01.002,"PRODUCTOS ALIMENTICIOS, BEBIDAS Y TABACO, TEXTILES, PRENDAS DE VESTIR Y PRODUCTOS DE CUERO",GASTOS,FUNCIONAMIENTO,ADQUISICION DE BIENES Y SERVICIOS,ADQUISICIONES DIFERENTES DE ACTIVOS,MATERIALES Y SUMINISTROS,"PRODUCTOS ALIMENTICIOS, BEBIDAS Y TABACO, TEXTILES, PRENDAS DE VESTIR Y PRODUCTOS DE CUERO",No Aplica,No Aplica,No Aplica,No Aplica,VIGENCIA ACTUAL,ENTIDADES DIFERENTES A ENTIDADES TERRITORIALES - UNIDAD DE SALUD,NO DEFINIDO,NO DEFINIDO,NO APLICA,6000000.0,34790100.0,2023,Segundo Trimestre,,,,,,,,,,,,,,,,,,,,,,
761841,20210301,220115276,E.S.E. Centro de Salud - Floresta,2.1.1.01.02.006,APORTES AL ICBF,GASTOS,FUNCIONAMIENTO,GASTOS DE PERSONAL,PLANTA DE PERSONAL PERMANENTE,CONTRIBUCIONES INHERENTES A LA NOMINA,APORTES AL ICBF,No Aplica,No Aplica,No Aplica,No Aplica,VIGENCIA ACTUAL,ENTIDADES DIFERENTES A ENTIDADES TERRITORIALES - UNIDAD DE SALUD,NO DEFINIDO,NO DEFINIDO,NO APLICA,6616910.0,6616910.0,2021,Primer Trimestre,,,,,,,,,,,,,,,,,,,,,,
763104,20210301,220115276,E.S.E. Centro de Salud - Floresta,2.1.2.02.02.009,"SERVICIOS PARA LA COMUNIDAD, SOCIALES Y PERSONALES",GASTOS,FUNCIONAMIENTO,ADQUISICION DE BIENES Y SERVICIOS,ADQUISICIONES DIFERENTES DE ACTIVOS,ADQUISICION DE SERVICIOS,"SERVICIOS PARA LA COMUNIDAD, SOCIALES Y PERSONALES",No Aplica,No Aplica,No Aplica,No Aplica,VIGENCIA ACTUAL,ENTIDADES DIFERENTES A ENTIDADES TERRITORIALES - UNIDAD DE SALUD,NO DEFINIDO,NO DEFINIDO,NO APLICA,77847462.0,77847462.0,2021,Primer Trimestre,,,,,,,,,,,,,,,,,,,,,,
765450,20230601,220115276,E.S.E. Centro de Salud - Floresta,2.1.2.02.02.005,CONSTRUCCION Y SERVICIOS DE LA CONSTRUCCION,GASTOS,FUNCIONAMIENTO,ADQUISICION DE BIENES Y SERVICIOS,ADQUISICIONES DIFERENTES DE ACTIVOS,ADQUISICION DE SERVICIOS,CONSTRUCCION Y SERVICIOS DE LA CONSTRUCCION,No Aplica,No Aplica,No Aplica,No Aplica,VIGENCIA ACTUAL,ENTIDADES DIFERENTES A ENTIDADES TERRITORIALES - UNIDAD DE SALUD,NO DEFINIDO,NO DEFINIDO,NO APLICA,4000000.0,4000000.0,2023,Segundo Trimestre,,,,,,,,,,,,,,,,,,,,,,
769602,20230301,220115276,E.S.E. Centro de Salud - Floresta,2.1.1.01.03.001.02,INDEMNIZACION POR VACACIONES,GASTOS,FUNCIONAMIENTO,GASTOS DE PERSONAL,PLANTA DE PERSONAL PERMANENTE,REMUNERACIONES NO CONSTITUTIVAS DE FACTOR SALARIAL,PRESTACIONES SOCIALES,INDEMNIZACION POR VACACIONES,No Aplica,No Aplica,No Aplica,VIGENCIA ACTUAL,ENTIDADES TERRITORIALES - SALUD,NO DEFINIDO,NO DEFINIDO,NO APLICA,6003685.0,6003685.0,2023,Primer Trimestre,,,,,,,,,,,,,,,,,,,,,,
773422,20210601,220115276,E.S.E. Centro de Salud - Floresta,2.1.2.02.02.006,"COMERCIO Y DISTRIBUCION; ALOJAMIENTO; SERVICIOS DE SUMINISTRO DE COMIDAS Y BEBIDAS; SERVICIOS DE TRANSPORTE; Y SERVICIOS DE DISTRIBUCION DE ELECTRICIDAD, GAS Y AGUA",GASTOS,FUNCIONAMIENTO,ADQUISICION DE BIENES Y SERVICIOS,ADQUISICIONES DIFERENTES DE ACTIVOS,ADQUISICION DE SERVICIOS,"COMERCIO Y DISTRIBUCION; ALOJAMIENTO; SERVICIOS DE SUMINISTRO DE COMIDAS Y BEBIDAS; SERVICIOS DE TRANSPORTE; Y SERVICIOS DE DISTRIBUCION DE ELECTRICIDAD, GAS Y AGUA",No Aplica,No Aplica,No Aplica,No Aplica,VIGENCIA ACTUAL,ENTIDADES DIFERENTES A ENTIDADES TERRITORIALES - UNIDAD DE SALUD,NO DEFINIDO,NO DEFINIDO,NO APLICA,5000000.0,9500000.0,2021,Segundo Trimestre,,,,,,,,,,,,,,,,,,,,,,
780265,20220601,220115276,E.S.E. Centro de Salud - Floresta,2.1.2.01.01.001.02.08,EDIFICIOS RELACIONADOS CON SALUD,GASTOS,FUNCIONAMIENTO,ADQUISICION DE BIENES Y SERVICIOS,ADQUISICION DE ACTIVOS NO FINANCIEROS,ACTIVOS FIJOS,EDIFICACIONES Y ESTRUCTURAS,EDIFICACIONES DISTINTAS A VIVIENDAS,EDIFICIOS RELACIONADOS CON SALUD,No Aplica,No Aplica,VIGENCIA ACTUAL,ENTIDADES DIFERENTES A ENTIDADES TERRITORIALES - GESTION GENERAL,NO DEFINIDO,NO DEFINIDO,NO APLICA,3000000.0,3000000.0,2022,Segundo Trimestre,,,,,,,,,,,,,,,,,,,,,,
782570,20220301,220115276,E.S.E. Centro de Salud - Floresta,2.1.1.01.01.001.04,SUBSIDIO DE ALIMENTACION,GASTOS,FUNCIONAMIENTO,GASTOS DE PERSONAL,PLANTA DE PERSONAL PERMANENTE,FACTORES CONSTITUTIVOS DE SALARIO,FACTORES SALARIALES COMUNES,SUBSIDIO DE ALIMENTACION,No Aplica,No Aplica,No Aplica,VIGENCIA ACTUAL,ENTIDADES DIFERENTES A ENTIDADES TERRITORIALES - GESTION GENERAL,NO DEFINIDO,NO DEFINIDO,NO APLICA,1864000.0,1864000.0,2022,Primer Trimestre,,,,,,,,,,,,,,,,,,,,,,
786286,20221201,220115276,E.S.E. Centro de Salud - Floresta,2.1.2,ADQUISICION DE BIENES Y SERVICIOS,GASTOS,FUNCIONAMIENTO,ADQUISICION DE BIENES Y SERVICIOS,No Aplica,No Aplica,No Aplica,No Aplica,No Aplica,No Aplica,No Aplica,VIGENCIA ACTUAL,ENTIDADES DIFERENTES A ENTIDADES TERRITORIALES - GESTION GENERAL,NO DEFINIDO,NO DEFINIDO,NO DEFINIDO,138400000.0,316218625.0,2022,Cuarto Trimestre,,,,,,,,,,,,,,,,,,,,,,
788117,20210601,220115276,E.S.E. Centro de Salud - Floresta,2.1.3,TRANSFERENCIAS CORRIENTES,GASTOS,FUNCIONAMIENTO,TRANSFERENCIAS CORRIENTES,No Aplica,No Aplica,No Aplica,No Aplica,No Aplica,No Aplica,No Aplica,VIGENCIA ACTUAL,ENTIDADES DIFERENTES A ENTIDADES TERRITORIALES - UNIDAD DE SALUD,NO DEFINIDO,NO DEFINIDO,NO DEFINIDO,1400000.0,1400000.0,2021,Segundo Trimestre,,,,,,,,,,,,,,,,,,,,,,
789032,20230601,220115276,E.S.E. Centro de Salud - Floresta,2.1.1.01.01,FACTORES CONSTITUTIVOS DE SALARIO,GASTOS,FUNCIONAMIENTO,GASTOS DE PERSONAL,PLANTA DE PERSONAL PERMANENTE,FACTORES CONSTITUTIVOS DE SALARIO,No Aplica,No Aplica,No Aplica,No Aplica,No Aplica,VIGENCIA ACTUAL,ENTIDADES DIFERENTES A ENTIDADES TERRITORIALES - UNIDAD DE SALUD,NO DEFINIDO,NO DEFINIDO,NO DEFINIDO,96566476.0,88336476.0,2023,Segundo Trimestre,,,,,,,,,,,,,,,,,,,,,,
789767,20220301,220115276,E.S.E. Centro de Salud - Floresta,2.1.2.01.01.001.02.08,EDIFICIOS RELACIONADOS CON SALUD,GASTOS,FUNCIONAMIENTO,ADQUISICION DE BIENES Y SERVICIOS,ADQUISICION DE ACTIVOS NO FINANCIEROS,ACTIVOS FIJOS,EDIFICACIONES Y ESTRUCTURAS,EDIFICACIONES DISTINTAS A VIVIENDAS,EDIFICIOS RELACIONADOS CON SALUD,No Aplica,No Aplica,VIGENCIA ACTUAL,ENTIDADES DIFERENTES A ENTIDADES TERRITORIALES - GESTION GENERAL,NO DEFINIDO,NO DEFINIDO,NO APLICA,3000000.0,3000000.0,2022,Primer Trimestre,,,,,,,,,,,,,,,,,,,,,,
790398,20220901,220115276,E.S.E. Centro de Salud - Floresta,2.1.2.02.02.007,SERVICIOS FINANCIEROS Y SERVICIOS CONEXOS; SERVICIOS INMOBILIARIOS; Y SERVICIOS DE ARRENDAMIENTO Y LEASING,GASTOS,FUNCIONAMIENTO,ADQUISICION DE BIENES Y SERVICIOS,ADQUISICIONES DIFERENTES DE ACTIVOS,ADQUISICION DE SERVICIOS,SERVICIOS FINANCIEROS Y SERVICIOS CONEXOS; SERVICIOS INMOBILIARIOS; Y SERVICIOS DE ARRENDAMIENTO Y LEASING,No Aplica,No Aplica,No Aplica,No Aplica,VIGENCIA ACTUAL,ENTIDADES DIFERENTES A ENTIDADES TERRITORIALES - GESTION GENERAL,NO DEFINIDO,NO DEFINIDO,NO APLICA,15000000.0,12500000.0,2022,Tercer Trimestre,,,,,,,,,,,,,,,,,,,,,,
796887,20210301,220115276,E.S.E. Centro de Salud - Floresta,2.1.1,GASTOS DE PERSONAL,GASTOS,FUNCIONAMIENTO,GASTOS DE PERSONAL,No Aplica,No Aplica,No Aplica,No Aplica,No Aplica,No Aplica,No Aplica,VIGENCIA ACTUAL,ENTIDADES DIFERENTES A ENTIDADES TERRITORIALES - UNIDAD DE SALUD,NO DEFINIDO,NO DEFINIDO,NO DEFINIDO,332669811.0,332669811.0,2021,Primer Trimestre,,,,,,,,,,,,,,,,,,,,,,
797113,20220301,220115276,E.S.E. Centro de Salud - Floresta,2.4.1.01.02.002,APORTES A LA SEGURIDAD SOCIAL EN SALUD,GASTOS,GASTOS DE OPERACION COMERCIAL,GASTOS DE PERSONAL,PLANTA DE PERSONAL PERMANENTE,CONTRIBUCIONES INHERENTES A LA NOMINA,APORTES A LA SEGURIDAD SOCIAL EN SALUD,No Aplica,No Aplica,No Aplica,No Aplica,VIGENCIA ACTUAL,ENTIDADES DIFERENTES A ENTIDADES TERRITORIALES - GESTION GENERAL,NO DEFINIDO,NO DEFINIDO,NO APLICA,11369396.0,11369396.0,2022,Primer Trimestre,,,,,,,,,,,,,,,,,,,,,,
797871,20230601,220115276,E.S.E. Centro de Salud - Floresta,2,GASTOS,GASTOS,No Aplica,No Aplica,No Aplica,No Aplica,No Aplica,No Aplica,No Aplica,No Aplica,No Aplica,VIGENCIA ACTUAL,ENTIDADES DIFERENTES A ENTIDADES TERRITORIALES - UNIDAD DE SALUD,NO DEFINIDO,NO DEFINIDO,NO DEFINIDO,634532000.0,926751573.0,2023,Segundo Trimestre,,,,,,,,,,,,,,,,,,,,,,
798456,20220601,220115276,E.S.E. Centro de Salud - Floresta,2.4.1.01.03.001.02,INDEMNIZACION POR VACACIONES,GASTOS,GASTOS DE OPERACION COMERCIAL,GASTOS DE PERSONAL,PLANTA DE PERSONAL PERMANENTE,REMUNERACIONES NO CONSTITUTIVAS DE FACTOR SALARIAL,PRESTACIONES SOCIALES,INDEMNIZACION POR VACACIONES,No Aplica,No Aplica,No Aplica,VIGENCIA ACTUAL,ENTIDADES DIFERENTES A ENTIDADES TERRITORIALES - GESTION GENERAL,NO DEFINIDO,NO DEFINIDO,NO APLICA,4000000.0,4000000.0,2022,Segundo Trimestre,,,,,,,,,,,,,,,,,,,,,,
800392,20210901,220115276,E.S.E. Centro de Salud - Floresta,2.1.2.02.01.002,"PRODUCTOS ALIMENTICIOS, BEBIDAS Y TABACO, TEXTILES, PRENDAS DE VESTIR Y PRODUCTOS DE CUERO",GASTOS,FUNCIONAMIENTO,ADQUISICION DE BIENES Y SERVICIOS,ADQUISICIONES DIFERENTES DE ACTIVOS,MATERIALES Y SUMINISTROS,"PRODUCTOS ALIMENTICIOS, BEBIDAS Y TABACO, TEXTILES, PRENDAS DE VESTIR Y PRODUCTOS DE CUERO",No Aplica,No Aplica,No Aplica,No Aplica,VIGENCIA ACTUAL,ENTIDADES TERRITORIALES - SALUD,NO DEFINIDO,NO DEFINIDO,NO APLICA,5882727.0,12882727.0,2021,Tercer Trimestre,,,,,,,,,,,,,,,,,,,,,,
802066,20230601,220115276,E.S.E. Centro de Salud - Floresta,2.1.1.01.01.001.08.01,PRIMA DE NAVIDAD,GASTOS,FUNCIONAMIENTO,GASTOS DE PERSONAL,PLANTA DE PERSONAL PERMANENTE,FACTORES CONSTITUTIVOS DE SALARIO,FACTORES SALARIALES COMUNES,PRESTACIONES SOCIALES,PRIMA DE NAVIDAD,No Aplica,No Aplica,VIGENCIA ACTUAL,ENTIDADES DIFERENTES A ENTIDADES TERRITORIALES - UNIDAD DE SALUD,NO DEFINIDO,NO DEFINIDO,NO APLICA,7789566.0,7789566.0,2023,Segundo Trimestre,,,,,,,,,,,,,,,,,,,,,,
805637,20210901,220115276,E.S.E. Centro de Salud - Floresta,2.1.1.01.01.001.08,PRESTACIONES SOCIALES,GASTOS,FUNCIONAMIENTO,GASTOS DE PERSONAL,PLANTA DE PERSONAL PERMANENTE,FACTORES CONSTITUTIVOS DE SALARIO,FACTORES SALARIALES COMUNES,PRESTACIONES SOCIALES,No Aplica,No Aplica,No Aplica,VIGENCIA ACTUAL,ENTIDADES TERRITORIALES - SALUD,NO DEFINIDO,NO DEFINIDO,NO DEFINIDO,17774785.0,17774785.0,2021,Tercer Trimestre,,,,,,,,,,,,,,,,,,,,,,
810982,20230301,220115276,E.S.E. Centro de Salud - Floresta,2.4.1.01.02,CONTRIBUCIONES INHERENTES A LA NOMINA,GASTOS,GASTOS DE OPERACION COMERCIAL,GASTOS DE PERSONAL,PLANTA DE PERSONAL PERMANENTE,CONTRIBUCIONES INHERENTES A LA NOMINA,No Aplica,No Aplica,No Aplica,No Aplica,No Aplica,VIGENCIA ACTUAL,ENTIDADES TERRITORIALES - SALUD,NO DEFINIDO,NO DEFINIDO,NO DEFINIDO,55408039.0,55408039.0,2023,Primer Trimestre,,,,,,,,,,,,,,,,,,,,,,
811137,20220601,220115276,E.S.E. Centro de Salud - Floresta,2.4,GASTOS DE OPERACION COMERCIAL,GASTOS,GASTOS DE OPERACION COMERCIAL,No Aplica,No Aplica,No Aplica,No Aplica,No Aplica,No Aplica,No Aplica,No Aplica,VIGENCIA ACTUAL,ENTIDADES DIFERENTES A ENTIDADES TERRITORIALES - GESTION GENERAL,NO DEFINIDO,NO DEFINIDO,NO DEFINIDO,284923958.0,476485408.0,2022,Segundo Trimestre,,,,,,,,,,,,,,,,,,,,,,
811612,20210901,220115276,E.S.E. Centro de Salud - Floresta,2.1.1.01.01.001.10,VIATICOS DE LOS FUNCIONARIOS EN COMISION,GASTOS,FUNCIONAMIENTO,GASTOS DE PERSONAL,PLANTA DE PERSONAL PERMANENTE,FACTORES CONSTITUTIVOS DE SALARIO,FACTORES SALARIALES COMUNES,VIATICOS DE LOS FUNCIONARIOS EN COMISION,No Aplica,No Aplica,No Aplica,VIGENCIA ACTUAL,ENTIDADES TERRITORIALES - SALUD,NO DEFINIDO,NO DEFINIDO,NO APLICA,3000000.0,3000000.0,2021,Tercer Trimestre,,,,,,,,,,,,,,,,,,,,,,
811907,20220601,220115276,E.S.E. Centro de Salud - Floresta,2.1.1.01.02.006,APORTES AL ICBF,GASTOS,FUNCIONAMIENTO,GASTOS DE PERSONAL,PLANTA DE PERSONAL PERMANENTE,CONTRIBUCIONES INHERENTES A LA NOMINA,APORTES AL ICBF,No Aplica,No Aplica,No Aplica,No Aplica,VIGENCIA ACTUAL,ENTIDADES DIFERENTES A ENTIDADES TERRITORIALES - GESTION GENERAL,NO DEFINIDO,NO DEFINIDO,NO APLICA,2192606.0,2192606.0,2022,Segundo Trimestre,,,,,,,,,,,,,,,,,,,,,,
814562,20220601,220115276,E.S.E. Centro de Salud - Floresta,2.1.2.01.01.003.04.06,OTRO EQUIPO ELECTRICO Y SUS PARTES Y PIEZAS,GASTOS,FUNCIONAMIENTO,ADQUISICION DE BIENES Y SERVICIOS,ADQUISICION DE ACTIVOS NO FINANCIEROS,ACTIVOS FIJOS,MAQUINARIA Y EQUIPO,MAQUINARIA Y APARATOS ELECTRICOS,OTRO EQUIPO ELECTRICO Y SUS PARTES Y PIEZAS,No Aplica,No Aplica,VIGENCIA ACTUAL,ENTIDADES DIFERENTES A ENTIDADES TERRITORIALES - GESTION GENERAL,NO DEFINIDO,NO DEFINIDO,NO APLICA,2500000.0,2500000.0,2022,Segundo Trimestre,,,,,,,,,,,,,,,,,,,,,,
816428,20210901,220115276,E.S.E. Centro de Salud - Floresta,2.1.1.01.01.001,FACTORES SALARIALES COMUNES,GASTOS,FUNCIONAMIENTO,GASTOS DE PERSONAL,PLANTA DE PERSONAL PERMANENTE,FACTORES CONSTITUTIVOS DE SALARIO,FACTORES SALARIALES COMUNES,No Aplica,No Aplica,No Aplica,No Aplica,VIGENCIA ACTUAL,ENTIDADES TERRITORIALES - SALUD,NO DEFINIDO,NO DEFINIDO,NO DEFINIDO,238297962.0,238274206.0,2021,Tercer Trimestre,,,,,,,,,,,,,,,,,,,,,,
816643,20220301,220115276,E.S.E. Centro de Salud - Floresta,2.1.1.01.03.001.03,BONIFICACION ESPECIAL DE RECREACION,GASTOS,FUNCIONAMIENTO,GASTOS DE PERSONAL,PLANTA DE PERSONAL PERMANENTE,REMUNERACIONES NO CONSTITUTIVAS DE FACTOR SALARIAL,PRESTACIONES SOCIALES,BONIFICACION ESPECIAL DE RECREACION,No Aplica,No Aplica,No Aplica,VIGENCIA ACTUAL,ENTIDADES DIFERENTES A ENTIDADES TERRITORIALES - GESTION GENERAL,NO DEFINIDO,NO DEFINIDO,NO APLICA,285690.0,285690.0,2022,Primer Trimestre,,,,,,,,,,,,,,,,,,,,,,
817403,20220301,220115276,E.S.E. Centro de Salud - Floresta,2.1.2.01.01,ACTIVOS FIJOS,GASTOS,FUNCIONAMIENTO,ADQUISICION DE BIENES Y SERVICIOS,ADQUISICION DE ACTIVOS NO FINANCIEROS,ACTIVOS FIJOS,No Aplica,No Aplica,No Aplica,No Aplica,No Aplica,VIGENCIA ACTUAL,ENTIDADES DIFERENTES A ENTIDADES TERRITORIALES - GESTION GENERAL,NO DEFINIDO,NO DEFINIDO,NO DEFINIDO,17000000.0,21000000.0,2022,Primer Trimestre,,,,,,,,,,,,,,,,,,,,,,
817431,20221201,220115276,E.S.E. Centro de Salud - Floresta,2.1.1.01.01.001.01,SUELDO BASICO,GASTOS,FUNCIONAMIENTO,GASTOS DE PERSONAL,PLANTA DE PERSONAL PERMANENTE,FACTORES CONSTITUTIVOS DE SALARIO,FACTORES SALARIALES COMUNES,SUELDO BASICO,No Aplica,No Aplica,No Aplica,VIGENCIA ACTUAL,ENTIDADES DIFERENTES A ENTIDADES TERRITORIALES - GESTION GENERAL,NO DEFINIDO,NO DEFINIDO,NO APLICA,56049825.0,77270725.0,2022,Cuarto Trimestre,,,,,,,,,,,,,,,,,,,,,,
821069,20220901,220115276,E.S.E. Centro de Salud - Floresta,2.4.1.01.01.001.10,VIATICOS DE LOS FUNCIONARIOS EN COMISION,GASTOS,GASTOS DE OPERACION COMERCIAL,GASTOS DE PERSONAL,PLANTA DE PERSONAL PERMANENTE,FACTORES CONSTITUTIVOS DE SALARIO,FACTORES SALARIALES COMUNES,VIATICOS DE LOS FUNCIONARIOS EN COMISION,No Aplica,No Aplica,No Aplica,VIGENCIA ACTUAL,ENTIDADES DIFERENTES A ENTIDADES TERRITORIALES - GESTION GENERAL,NO DEFINIDO,NO DEFINIDO,NO APLICA,2000001.0,3776092.0,2022,Tercer Trimestre,,,,,,,,,,,,,,,,,,,,,,
827808,20221201,220115276,E.S.E. Centro de Salud - Floresta,2.1.2.02.01.004,PRODUCTOS METALICOS Y PAQUETES DE SOFTWARE,GASTOS,FUNCIONAMIENTO,ADQUISICION DE BIENES Y SERVICIOS,ADQUISICIONES DIFERENTES DE ACTIVOS,MATERIALES Y SUMINISTROS,PRODUCTOS METALICOS Y PAQUETES DE SOFTWARE,No Aplica,No Aplica,No Aplica,No Aplica,VIGENCIA ACTUAL,ENTIDADES DIFERENTES A ENTIDADES TERRITORIALES - GESTION GENERAL,NO DEFINIDO,NO DEFINIDO,NO APLICA,6000000.0,7696000.0,2022,Cuarto Trimestre,,,,,,,,,,,,,,,,,,,,,,
831910,20210301,220115276,E.S.E. Centro de Salud - Floresta,2.1.1.01.03,REMUNERACIONES NO CONSTITUTIVAS DE FACTOR SALARIAL,GASTOS,FUNCIONAMIENTO,GASTOS DE PERSONAL,PLANTA DE PERSONAL PERMANENTE,REMUNERACIONES NO CONSTITUTIVAS DE FACTOR SALARIAL,No Aplica,No Aplica,No Aplica,No Aplica,No Aplica,VIGENCIA ACTUAL,ENTIDADES DIFERENTES A ENTIDADES TERRITORIALES - UNIDAD DE SALUD,NO DEFINIDO,NO DEFINIDO,NO DEFINIDO,14853914.0,14853914.0,2021,Primer Trimestre,,,,,,,,,,,,,,,,,,,,,,
835681,20230601,220115276,E.S.E. Centro de Salud - Floresta,2.1.2.01.01.004,ACTIVOS FIJOS NO CLASIFICADOS COMO MAQUINARIA Y EQUIPO,GASTOS,FUNCIONAMIENTO,ADQUISICION DE BIENES Y SERVICIOS,ADQUISICION DE ACTIVOS NO FINANCIEROS,ACTIVOS FIJOS,ACTIVOS FIJOS NO CLASIFICADOS COMO MAQUINARIA Y EQUIPO,No Aplica,No Aplica,No Aplica,No Aplica,VIGENCIA ACTUAL,ENTIDADES DIFERENTES A ENTIDADES TERRITORIALES - UNIDAD DE SALUD,NO DEFINIDO,NO DEFINIDO,NO DEFINIDO,1000000.0,1000000.0,2023,Segundo Trimestre,,,,,,,,,,,,,,,,,,,,,,
839347,20230301,220115276,E.S.E. Centro de Salud - Floresta,2.1,FUNCIONAMIENTO,GASTOS,FUNCIONAMIENTO,No Aplica,No Aplica,No Aplica,No Aplica,No Aplica,No Aplica,No Aplica,No Aplica,VIGENCIA ACTUAL,ENTIDADES TERRITORIALES - SALUD,NO DEFINIDO,NO DEFINIDO,NO DEFINIDO,298649999.0,345982623.0,2023,Primer Trimestre,,,,,,,,,,,,,,,,,,,,,,
845811,20210301,220115276,E.S.E. Centro de Salud - Floresta,2.1.1.01,PLANTA DE PERSONAL PERMANENTE,GASTOS,FUNCIONAMIENTO,GASTOS DE PERSONAL,PLANTA DE PERSONAL PERMANENTE,No Aplica,No Aplica,No Aplica,No Aplica,No Aplica,No Aplica,VIGENCIA ACTUAL,ENTIDADES DIFERENTES A ENTIDADES TERRITORIALES - UNIDAD DE SALUD,NO DEFINIDO,NO DEFINIDO,NO DEFINIDO,332669811.0,332669811.0,2021,Primer Trimestre,,,,,,,,,,,,,,,,,,,,,,
850603,20230301,220115276,E.S.E. Centro de Salud - Floresta,2.1.2.02.02,ADQUISICION DE SERVICIOS,GASTOS,FUNCIONAMIENTO,ADQUISICION DE BIENES Y SERVICIOS,ADQUISICIONES DIFERENTES DE ACTIVOS,ADQUISICION DE SERVICIOS,No Aplica,No Aplica,No Aplica,No Aplica,No Aplica,VIGENCIA ACTUAL,ENTIDADES TERRITORIALES - SALUD,NO DEFINIDO,NO DEFINIDO,NO DEFINIDO,125100000.0,147817824.0,2023,Primer Trimestre,,,,,,,,,,,,,,,,,,,,,,
850845,20220901,220115276,E.S.E. Centro de Salud - Floresta,2.4.1.01.03.001.02,INDEMNIZACION POR VACACIONES,GASTOS,GASTOS DE OPERACION COMERCIAL,GASTOS DE PERSONAL,PLANTA DE PERSONAL PERMANENTE,REMUNERACIONES NO CONSTITUTIVAS DE FACTOR SALARIAL,PRESTACIONES SOCIALES,INDEMNIZACION POR VACACIONES,No Aplica,No Aplica,No Aplica,VIGENCIA ACTUAL,ENTIDADES DIFERENTES A ENTIDADES TERRITORIALES - GESTION GENERAL,NO DEFINIDO,NO DEFINIDO,NO APLICA,4000000.0,4000000.0,2022,Tercer Trimestre,,,,,,,,,,,,,,,,,,,,,,
851930,20220601,220115276,E.S.E. Centro de Salud - Floresta,2.1.3.13.01,FALLOS NACIONALES,GASTOS,FUNCIONAMIENTO,TRANSFERENCIAS CORRIENTES,SENTENCIAS Y CONCILIACIONES,FALLOS NACIONALES,No Aplica,No Aplica,No Aplica,No Aplica,No Aplica,VIGENCIA ACTUAL,ENTIDADES DIFERENTES A ENTIDADES TERRITORIALES - GESTION GENERAL,NO DEFINIDO,NO DEFINIDO,NO DEFINIDO,1000000.0,1000000.0,2022,Segundo Trimestre,,,,,,,,,,,,,,,,,,,,,,
855602,20230601,220115276,E.S.E. Centro de Salud - Floresta,2.1.3.13.01,FALLOS NACIONALES,GASTOS,FUNCIONAMIENTO,TRANSFERENCIAS CORRIENTES,SENTENCIAS Y CONCILIACIONES,FALLOS NACIONALES,No Aplica,No Aplica,No Aplica,No Aplica,No Aplica,VIGENCIA ACTUAL,ENTIDADES DIFERENTES A ENTIDADES TERRITORIALES - UNIDAD DE SALUD,NO DEFINIDO,NO DEFINIDO,NO DEFINIDO,1000000.0,1000000.0,2023,Segundo Trimestre,,,,,,,,,,,,,,,,,,,,,,
856483,20220901,220115276,E.S.E. Centro de Salud - Floresta,2.1.2.01.01.003.07.01,"VEHICULOS AUTOMOTORES, REMOLQUES Y SEMIRREMOLQUES, Y SUS PARTES, PIEZAS Y ACCESORIOS",GASTOS,FUNCIONAMIENTO,ADQUISICION DE BIENES Y SERVICIOS,ADQUISICION DE ACTIVOS NO FINANCIEROS,ACTIVOS FIJOS,MAQUINARIA Y EQUIPO,EQUIPO DE TRANSPORTE,"VEHICULOS AUTOMOTORES, REMOLQUES Y SEMIRREMOLQUES, Y SUS PARTES, PIEZAS Y ACCESORIOS",No Aplica,No Aplica,VIGENCIA ACTUAL,ENTIDADES DIFERENTES A ENTIDADES TERRITORIALES - GESTION GENERAL,NO DEFINIDO,NO DEFINIDO,NO APLICA,4000000.0,11000000.0,2022,Tercer Trimestre,,,,,,,,,,,,,,,,,,,,,,
859364,20230601,220115276,E.S.E. Centro de Salud - Floresta,2.1.8,"GASTOS POR TRIBUTOS, TASAS, CONTRIBUCIONES, MULTAS, SANCIONES E INTERESES DE MORA",GASTOS,FUNCIONAMIENTO,"GASTOS POR TRIBUTOS, TASAS, CONTRIBUCIONES, MULTAS, SANCIONES E INTERESES DE MORA",No Aplica,No Aplica,No Aplica,No Aplica,No Aplica,No Aplica,No Aplica,VIGENCIA ACTUAL,ENTIDADES DIFERENTES A ENTIDADES TERRITORIALES - UNIDAD DE SALUD,NO DEFINIDO,NO DEFINIDO,NO DEFINIDO,850000.0,850000.0,2023,Segundo Trimestre,,,,,,,,,,,,,,,,,,,,,,
862977,20221201,220115276,E.S.E. Centro de Salud - Floresta,2.1.1.01.02.006,APORTES AL ICBF,GASTOS,FUNCIONAMIENTO,GASTOS DE PERSONAL,PLANTA DE PERSONAL PERMANENTE,CONTRIBUCIONES INHERENTES A LA NOMINA,APORTES AL ICBF,No Aplica,No Aplica,No Aplica,No Aplica,VIGENCIA ACTUAL,ENTIDADES DIFERENTES A ENTIDADES TERRITORIALES - GESTION GENERAL,NO DEFINIDO,NO DEFINIDO,NO APLICA,2192606.0,2367170.0,2022,Cuarto Trimestre,,,,,,,,,,,,,,,,,,,,,,
863458,20230601,220115276,E.S.E. Centro de Salud - Floresta,2.1.2.01.01.003.06.01,APARATOS MEDICOS Y QUIRURGICOS Y APARATOS ORTESICOS Y PROTESICOS,GASTOS,FUNCIONAMIENTO,ADQUISICION DE BIENES Y SERVICIOS,ADQUISICION DE ACTIVOS NO FINANCIEROS,ACTIVOS FIJOS,MAQUINARIA Y EQUIPO,"APARATOS MEDICOS, INSTRUMENTOS OPTICOS Y DE PRECISION, RELOJES",APARATOS MEDICOS Y QUIRURGICOS Y APARATOS ORTESICOS Y PROTESICOS,No Aplica,No Aplica,VIGENCIA ACTUAL,ENTIDADES DIFERENTES A ENTIDADES TERRITORIALES - UNIDAD DE SALUD,NO DEFINIDO,NO DEFINIDO,NO APLICA,6000000.0,6000000.0,2023,Segundo Trimestre,,,,,,,,,,,,,,,,,,,,,,
869168,20230601,220115276,E.S.E. Centro de Salud - Floresta,2.1.1.01.01.001,FACTORES SALARIALES COMUNES,GASTOS,FUNCIONAMIENTO,GASTOS DE PERSONAL,PLANTA DE PERSONAL PERMANENTE,FACTORES CONSTITUTIVOS DE SALARIO,FACTORES SALARIALES COMUNES,No Aplica,No Aplica,No Aplica,No Aplica,VIGENCIA ACTUAL,ENTIDADES DIFERENTES A ENTIDADES TERRITORIALES - UNIDAD DE SALUD,NO DEFINIDO,NO DEFINIDO,NO DEFINIDO,96566476.0,88336476.0,2023,Segundo Trimestre,,,,,,,,,,,,,,,,,,,,,,
870017,20221201,220115276,E.S.E. Centro de Salud - Floresta,2.1.1.01,PLANTA DE PERSONAL PERMANENTE,GASTOS,FUNCIONAMIENTO,GASTOS DE PERSONAL,PLANTA DE PERSONAL PERMANENTE,No Aplica,No Aplica,No Aplica,No Aplica,No Aplica,No Aplica,VIGENCIA ACTUAL,ENTIDADES DIFERENTES A ENTIDADES TERRITORIALES - GESTION GENERAL,NO DEFINIDO,NO DEFINIDO,NO DEFINIDO,100602042.0,142723318.0,2022,Cuarto Trimestre,,,,,,,,,,,,,,,,,,,,,,
876899,20210601,220115276,E.S.E. Centro de Salud - Floresta,2.1.8.03,TASAS Y DERECHOS ADMINISTRATIVOS,GASTOS,FUNCIONAMIENTO,"GASTOS POR TRIBUTOS, TASAS, CONTRIBUCIONES, MULTAS, SANCIONES E INTERESES DE MORA",TASAS Y DERECHOS ADMINISTRATIVOS,No Aplica,No Aplica,No Aplica,No Aplica,No Aplica,No Aplica,VIGENCIA ACTUAL,ENTIDADES DIFERENTES A ENTIDADES TERRITORIALES - UNIDAD DE SALUD,NO DEFINIDO,NO DEFINIDO,NO APLICA,600000.0,600000.0,2021,Segundo Trimestre,,,,,,,,,,,,,,,,,,,,,,
878457,20230301,220115276,E.S.E. Centro de Salud - Floresta,2.1.2.01,ADQUISICION DE ACTIVOS NO FINANCIEROS,GASTOS,FUNCIONAMIENTO,ADQUISICION DE BIENES Y SERVICIOS,ADQUISICION DE ACTIVOS NO FINANCIEROS,No Aplica,No Aplica,No Aplica,No Aplica,No Aplica,No Aplica,VIGENCIA ACTUAL,ENTIDADES TERRITORIALES - SALUD,NO DEFINIDO,NO DEFINIDO,NO DEFINIDO,15500000.0,15500000.0,2023,Primer Trimestre,,,,,,,,,,,,,,,,,,,,,,
878606,20210301,220115276,E.S.E. Centro de Salud - Floresta,2.1.1.01.02.002,APORTES A LA SEGURIDAD SOCIAL EN SALUD,GASTOS,FUNCIONAMIENTO,GASTOS DE PERSONAL,PLANTA DE PERSONAL PERMANENTE,CONTRIBUCIONES INHERENTES A LA NOMINA,APORTES A LA SEGURIDAD SOCIAL EN SALUD,No Aplica,No Aplica,No Aplica,No Aplica,VIGENCIA ACTUAL,ENTIDADES DIFERENTES A ENTIDADES TERRITORIALES - UNIDAD DE SALUD,NO DEFINIDO,NO DEFINIDO,NO APLICA,18747912.0,18747912.0,2021,Primer Trimestre,,,,,,,,,,,,,,,,,,,,,,
879933,20220601,220115276,E.S.E. Centro de Salud - Floresta,2.4.1.01.03.001.01,VACACIONES,GASTOS,GASTOS DE OPERACION COMERCIAL,GASTOS DE PERSONAL,PLANTA DE PERSONAL PERMANENTE,REMUNERACIONES NO CONSTITUTIVAS DE FACTOR SALARIAL,PRESTACIONES SOCIALES,VACACIONES,No Aplica,No Aplica,No Aplica,VIGENCIA ACTUAL,ENTIDADES DIFERENTES A ENTIDADES TERRITORIALES - GESTION GENERAL,NO DEFINIDO,NO DEFINIDO,NO APLICA,3500000.0,3500000.0,2022,Segundo Trimestre,,,,,,,,,,,,,,,,,,,,,,
884633,20230301,220115276,E.S.E. Centro de Salud - Floresta,2.1.1.01.01.001.07,BONIFICACION POR SERVICIOS PRESTADOS,GASTOS,FUNCIONAMIENTO,GASTOS DE PERSONAL,PLANTA DE PERSONAL PERMANENTE,FACTORES CONSTITUTIVOS DE SALARIO,FACTORES SALARIALES COMUNES,BONIFICACION POR SERVICIOS PRESTADOS,No Aplica,No Aplica,No Aplica,VIGENCIA ACTUAL,ENTIDADES TERRITORIALES - SALUD,NO DEFINIDO,NO DEFINIDO,NO APLICA,2752055.0,2752055.0,2023,Primer Trimestre,,,,,,,,,,,,,,,,,,,,,,
886679,20220301,220115276,E.S.E. Centro de Salud - Floresta,2.1.1.01.03.001,PRESTACIONES SOCIALES,GASTOS,FUNCIONAMIENTO,GASTOS DE PERSONAL,PLANTA DE PERSONAL PERMANENTE,REMUNERACIONES NO CONSTITUTIVAS DE FACTOR SALARIAL,PRESTACIONES SOCIALES,No Aplica,No Aplica,No Aplica,No Aplica,VIGENCIA ACTUAL,ENTIDADES DIFERENTES A ENTIDADES TERRITORIALES - GESTION GENERAL,NO DEFINIDO,NO DEFINIDO,NO DEFINIDO,4911477.0,4911477.0,2022,Primer Trimestre,,,,,,,,,,,,,,,,,,,,,,
889294,20230301,220115276,E.S.E. Centro de Salud - Floresta,2.4.1.01.02.003,APORTES DE CESANTIAS,GASTOS,GASTOS DE OPERACION COMERCIAL,GASTOS DE PERSONAL,PLANTA DE PERSONAL PERMANENTE,CONTRIBUCIONES INHERENTES A LA NOMINA,APORTES DE CESANTIAS,No Aplica,No Aplica,No Aplica,No Aplica,VIGENCIA ACTUAL,ENTIDADES TERRITORIALES - SALUD,NO DEFINIDO,NO DEFINIDO,NO APLICA,7160896.0,7160896.0,2023,Primer Trimestre,,,,,,,,,,,,,,,,,,,,,,
891487,20230601,220115276,E.S.E. Centro de Salud - Floresta,2.1,FUNCIONAMIENTO,GASTOS,FUNCIONAMIENTO,No Aplica,No Aplica,No Aplica,No Aplica,No Aplica,No Aplica,No Aplica,No Aplica,VIGENCIA ACTUAL,ENTIDADES DIFERENTES A ENTIDADES TERRITORIALES - UNIDAD DE SALUD,NO DEFINIDO,NO DEFINIDO,NO DEFINIDO,298649999.0,447373763.0,2023,Segundo Trimestre,,,,,,,,,,,,,,,,,,,,,,
894697,20221201,220115276,E.S.E. Centro de Salud - Floresta,2.4.1.01.01.001.01,SUELDO BASICO,GASTOS,GASTOS DE OPERACION COMERCIAL,GASTOS DE PERSONAL,PLANTA DE PERSONAL PERMANENTE,FACTORES CONSTITUTIVOS DE SALARIO,FACTORES SALARIALES COMUNES,SUELDO BASICO,No Aplica,No Aplica,No Aplica,VIGENCIA ACTUAL,ENTIDADES DIFERENTES A ENTIDADES TERRITORIALES - GESTION GENERAL,NO DEFINIDO,NO DEFINIDO,NO APLICA,108658308.0,156479772.0,2022,Cuarto Trimestre,,,,,,,,,,,,,,,,,,,,,,
900742,20211201,220115276,E.S.E. Centro de Salud - Floresta,2.1.1.01.02.006,APORTES AL ICBF,GASTOS,FUNCIONAMIENTO,GASTOS DE PERSONAL,PLANTA DE PERSONAL PERMANENTE,CONTRIBUCIONES INHERENTES A LA NOMINA,APORTES AL ICBF,No Aplica,No Aplica,No Aplica,No Aplica,VIGENCIA ACTUAL,ENTIDADES TERRITORIALES - SALUD,NO DEFINIDO,NO DEFINIDO,SALUD Y PROTECCION SOCIAL,6616910.0,6616910.0,2021,Cuarto Trimestre,,,,,,,,,,,,,,,,,,,,,,
902833,20211201,220115276,E.S.E. Centro de Salud - Floresta,2.1.1.01.02.007,APORTES AL SENA,GASTOS,FUNCIONAMIENTO,GASTOS DE PERSONAL,PLANTA DE PERSONAL PERMANENTE,CONTRIBUCIONES INHERENTES A LA NOMINA,APORTES AL SENA,No Aplica,No Aplica,No Aplica,No Aplica,VIGENCIA ACTUAL,ENTIDADES TERRITORIALES - SALUD,NO DEFINIDO,NO DEFINIDO,SALUD Y PROTECCION SOCIAL,4411273.0,4411273.0,2021,Cuarto Trimestre,,,,,,,,,,,,,,,,,,,,,,
912673,20220301,220115276,E.S.E. Centro de Salud - Floresta,2.1.1.01.01.001.10,VIATICOS DE LOS FUNCIONARIOS EN COMISION,GASTOS,FUNCIONAMIENTO,GASTOS DE PERSONAL,PLANTA DE PERSONAL PERMANENTE,FACTORES CONSTITUTIVOS DE SALARIO,FACTORES SALARIALES COMUNES,VIATICOS DE LOS FUNCIONARIOS EN COMISION,No Aplica,No Aplica,No Aplica,VIGENCIA ACTUAL,ENTIDADES DIFERENTES A ENTIDADES TERRITORIALES - GESTION GENERAL,NO DEFINIDO,NO DEFINIDO,NO APLICA,2000000.0,2000000.0,2022,Primer Trimestre,,,,,,,,,,,,,,,,,,,,,,
913310,20230601,220115276,E.S.E. Centro de Salud - Floresta,2.1.1.01.02.002,APORTES A LA SEGURIDAD SOCIAL EN SALUD,GASTOS,FUNCIONAMIENTO,GASTOS DE PERSONAL,PLANTA DE PERSONAL PERMANENTE,CONTRIBUCIONES INHERENTES A LA NOMINA,APORTES A LA SEGURIDAD SOCIAL EN SALUD,No Aplica,No Aplica,No Aplica,No Aplica,VIGENCIA ACTUAL,ENTIDADES DIFERENTES A ENTIDADES TERRITORIALES - UNIDAD DE SALUD,NO DEFINIDO,NO DEFINIDO,NO APLICA,7494645.0,7494645.0,2023,Segundo Trimestre,,,,,,,,,,,,,,,,,,,,,,
916750,20220901,220115276,E.S.E. Centro de Salud - Floresta,2.1.8,"GASTOS POR TRIBUTOS, TASAS, CONTRIBUCIONES, MULTAS, SANCIONES E INTERESES DE MORA",GASTOS,FUNCIONAMIENTO,"GASTOS POR TRIBUTOS, TASAS, CONTRIBUCIONES, MULTAS, SANCIONES E INTERESES DE MORA",No Aplica,No Aplica,No Aplica,No Aplica,No Aplica,No Aplica,No Aplica,VIGENCIA ACTUAL,ENTIDADES DIFERENTES A ENTIDADES TERRITORIALES - GESTION GENERAL,NO DEFINIDO,NO DEFINIDO,NO DEFINIDO,850000.0,850000.0,2022,Tercer Trimestre,,,,,,,,,,,,,,,,,,,,,,
916955,20220901,220115276,E.S.E. Centro de Salud - Floresta,2.1.2,ADQUISICION DE BIENES Y SERVICIOS,GASTOS,FUNCIONAMIENTO,ADQUISICION DE BIENES Y SERVICIOS,No Aplica,No Aplica,No Aplica,No Aplica,No Aplica,No Aplica,No Aplica,VIGENCIA ACTUAL,ENTIDADES DIFERENTES A ENTIDADES TERRITORIALES - GESTION GENERAL,NO DEFINIDO,NO DEFINIDO,NO DEFINIDO,138400000.0,272854764.0,2022,Tercer Trimestre,,,,,,,,,,,,,,,,,,,,,,
920803,20230301,220115276,E.S.E. Centro de Salud - Floresta,2.1.1.01.02.003,APORTES DE CESANTIAS,GASTOS,FUNCIONAMIENTO,GASTOS DE PERSONAL,PLANTA DE PERSONAL PERMANENTE,CONTRIBUCIONES INHERENTES A LA NOMINA,APORTES DE CESANTIAS,No Aplica,No Aplica,No Aplica,No Aplica,VIGENCIA ACTUAL,ENTIDADES TERRITORIALES - SALUD,NO DEFINIDO,NO DEFINIDO,NO APLICA,5289267.0,5289267.0,2023,Primer Trimestre,,,,,,,,,,,,,,,,,,,,,,
921251,20220301,220115276,E.S.E. Centro de Salud - Floresta,2.1.2.01.01.003.07,EQUIPO DE TRANSPORTE,GASTOS,FUNCIONAMIENTO,ADQUISICION DE BIENES Y SERVICIOS,ADQUISICION DE ACTIVOS NO FINANCIEROS,ACTIVOS FIJOS,MAQUINARIA Y EQUIPO,EQUIPO DE TRANSPORTE,No Aplica,No Aplica,No Aplica,VIGENCIA ACTUAL,ENTIDADES DIFERENTES A ENTIDADES TERRITORIALES - GESTION GENERAL,NO DEFINIDO,NO DEFINIDO,NO DEFINIDO,4000000.0,5000000.0,2022,Primer Trimestre,,,,,,,,,,,,,,,,,,,,,,
933202,20230601,220115276,E.S.E. Centro de Salud - Floresta,2.1.1.01.01.001.01,SUELDO BASICO,GASTOS,FUNCIONAMIENTO,GASTOS DE PERSONAL,PLANTA DE PERSONAL PERMANENTE,FACTORES CONSTITUTIVOS DE SALARIO,FACTORES SALARIALES COMUNES,SUELDO BASICO,No Aplica,No Aplica,No Aplica,VIGENCIA ACTUAL,ENTIDADES DIFERENTES A ENTIDADES TERRITORIALES - UNIDAD DE SALUD,NO DEFINIDO,NO DEFINIDO,NO APLICA,71038367.0,62808367.0,2023,Segundo Trimestre,,,,,,,,,,,,,,,,,,,,,,
933792,20230301,220115276,E.S.E. Centro de Salud - Floresta,2.1.2.01.01.003.06.01,APARATOS MEDICOS Y QUIRURGICOS Y APARATOS ORTESICOS Y PROTESICOS,GASTOS,FUNCIONAMIENTO,ADQUISICION DE BIENES Y SERVICIOS,ADQUISICION DE ACTIVOS NO FINANCIEROS,ACTIVOS FIJOS,MAQUINARIA Y EQUIPO,"APARATOS MEDICOS, INSTRUMENTOS OPTICOS Y DE PRECISION, RELOJES",APARATOS MEDICOS Y QUIRURGICOS Y APARATOS ORTESICOS Y PROTESICOS,No Aplica,No Aplica,VIGENCIA ACTUAL,ENTIDADES TERRITORIALES - SALUD,NO DEFINIDO,NO DEFINIDO,NO APLICA,6000000.0,6000000.0,2023,Primer Trimestre,,,,,,,,,,,,,,,,,,,,,,
934179,20220301,220115276,E.S.E. Centro de Salud - Floresta,2.4.1.01.03.001.03,BONIFICACION ESPECIAL DE RECREACION,GASTOS,GASTOS DE OPERACION COMERCIAL,GASTOS DE PERSONAL,PLANTA DE PERSONAL PERMANENTE,REMUNERACIONES NO CONSTITUTIVAS DE FACTOR SALARIAL,PRESTACIONES SOCIALES,BONIFICACION ESPECIAL DE RECREACION,No Aplica,No Aplica,No Aplica,VIGENCIA ACTUAL,ENTIDADES DIFERENTES A ENTIDADES TERRITORIALES - GESTION GENERAL,NO DEFINIDO,NO DEFINIDO,NO APLICA,702287.0,702287.0,2022,Primer Trimestre,,,,,,,,,,,,,,,,,,,,,,
934634,20210301,220115276,E.S.E. Centro de Salud - Floresta,2.1.1.01.01,FACTORES CONSTITUTIVOS DE SALARIO,GASTOS,FUNCIONAMIENTO,GASTOS DE PERSONAL,PLANTA DE PERSONAL PERMANENTE,FACTORES CONSTITUTIVOS DE SALARIO,No Aplica,No Aplica,No Aplica,No Aplica,No Aplica,VIGENCIA ACTUAL,ENTIDADES DIFERENTES A ENTIDADES TERRITORIALES - UNIDAD DE SALUD,NO DEFINIDO,NO DEFINIDO,NO DEFINIDO,238297962.0,238297962.0,2021,Primer Trimestre,,,,,,,,,,,,,,,,,,,,,,
942325,20220901,220115276,E.S.E. Centro de Salud - Floresta,2.1.1.01.01.001.01,SUELDO BASICO,GASTOS,FUNCIONAMIENTO,GASTOS DE PERSONAL,PLANTA DE PERSONAL PERMANENTE,FACTORES CONSTITUTIVOS DE SALARIO,FACTORES SALARIALES COMUNES,SUELDO BASICO,No Aplica,No Aplica,No Aplica,VIGENCIA ACTUAL,ENTIDADES DIFERENTES A ENTIDADES TERRITORIALES - GESTION GENERAL,NO DEFINIDO,NO DEFINIDO,NO APLICA,56049825.0,68770725.0,2022,Tercer Trimestre,,,,,,,,,,,,,,,,,,,,,,
947067,20210301,220115276,E.S.E. Centro de Salud - Floresta,2.1,FUNCIONAMIENTO,GASTOS,FUNCIONAMIENTO,No Aplica,No Aplica,No Aplica,No Aplica,No Aplica,No Aplica,No Aplica,No Aplica,VIGENCIA ACTUAL,ENTIDADES DIFERENTES A ENTIDADES TERRITORIALES - UNIDAD DE SALUD,NO DEFINIDO,NO DEFINIDO,NO DEFINIDO,530110000.0,603108835.0,2021,Primer Trimestre,,,,,,,,,,,,,,,,,,,,,,
947300,20221201,220115276,E.S.E. Centro de Salud - Floresta,2.1.2.01.01.004,ACTIVOS FIJOS NO CLASIFICADOS COMO MAQUINARIA Y EQUIPO,GASTOS,FUNCIONAMIENTO,ADQUISICION DE BIENES Y SERVICIOS,ADQUISICION DE ACTIVOS NO FINANCIEROS,ACTIVOS FIJOS,ACTIVOS FIJOS NO CLASIFICADOS COMO MAQUINARIA Y EQUIPO,No Aplica,No Aplica,No Aplica,No Aplica,VIGENCIA ACTUAL,ENTIDADES DIFERENTES A ENTIDADES TERRITORIALES - GESTION GENERAL,NO DEFINIDO,NO DEFINIDO,NO DEFINIDO,1000000.0,1000000.0,2022,Cuarto Trimestre,,,,,,,,,,,,,,,,,,,,,,
948018,20230601,220115276,E.S.E. Centro de Salud - Floresta,2.4.1.01.01.001.01,SUELDO BASICO,GASTOS,GASTOS DE OPERACION COMERCIAL,GASTOS DE PERSONAL,PLANTA DE PERSONAL PERMANENTE,FACTORES CONSTITUTIVOS DE SALARIO,FACTORES SALARIALES COMUNES,SUELDO BASICO,No Aplica,No Aplica,No Aplica,VIGENCIA ACTUAL,ENTIDADES DIFERENTES A ENTIDADES TERRITORIALES - UNIDAD DE SALUD,NO DEFINIDO,NO DEFINIDO,NO APLICA,130835750.0,122999990.0,2023,Segundo Trimestre,,,,,,,,,,,,,,,,,,,,,,
954060,20220601,220115276,E.S.E. Centro de Salud - Floresta,2.4.1.01,PLANTA DE PERSONAL PERMANENTE,GASTOS,GASTOS DE OPERACION COMERCIAL,GASTOS DE PERSONAL,PLANTA DE PERSONAL PERMANENTE,No Aplica,No Aplica,No Aplica,No Aplica,No Aplica,No Aplica,VIGENCIA ACTUAL,ENTIDADES DIFERENTES A ENTIDADES TERRITORIALES - GESTION GENERAL,NO DEFINIDO,NO DEFINIDO,NO DEFINIDO,194623958.0,240686634.0,2022,Segundo Trimestre,,,,,,,,,,,,,,,,,,,,,,
958700,20230601,220115276,E.S.E. Centro de Salud - Floresta,2.4.1.01.01.001.08,PRESTACIONES SOCIALES,GASTOS,GASTOS DE OPERACION COMERCIAL,GASTOS DE PERSONAL,PLANTA DE PERSONAL PERMANENTE,FACTORES CONSTITUTIVOS DE SALARIO,FACTORES SALARIALES COMUNES,PRESTACIONES SOCIALES,No Aplica,No Aplica,No Aplica,VIGENCIA ACTUAL,ENTIDADES DIFERENTES A ENTIDADES TERRITORIALES - UNIDAD DE SALUD,NO DEFINIDO,NO DEFINIDO,NO DEFINIDO,11437964.0,11437964.0,2023,Segundo Trimestre,,,,,,,,,,,,,,,,,,,,,,
960673,20230601,220115276,E.S.E. Centro de Salud - Floresta,2.4.1.01.01.001.10,VIATICOS DE LOS FUNCIONARIOS EN COMISION,GASTOS,GASTOS DE OPERACION COMERCIAL,GASTOS DE PERSONAL,PLANTA DE PERSONAL PERMANENTE,FACTORES CONSTITUTIVOS DE SALARIO,FACTORES SALARIALES COMUNES,VIATICOS DE LOS FUNCIONARIOS EN COMISION,No Aplica,No Aplica,No Aplica,VIGENCIA ACTUAL,ENTIDADES DIFERENTES A ENTIDADES TERRITORIALES - UNIDAD DE SALUD,NO DEFINIDO,NO DEFINIDO,NO APLICA,2000000.0,2000000.0,2023,Segundo Trimestre,,,,,,,,,,,,,,,,,,,,,,
960700,20230601,220115276,E.S.E. Centro de Salud - Floresta,2.4.1.01.03.001.01,VACACIONES,GASTOS,GASTOS DE OPERACION COMERCIAL,GASTOS DE PERSONAL,PLANTA DE PERSONAL PERMANENTE,REMUNERACIONES NO CONSTITUTIVAS DE FACTOR SALARIAL,PRESTACIONES SOCIALES,VACACIONES,No Aplica,No Aplica,No Aplica,VIGENCIA ACTUAL,ENTIDADES DIFERENTES A ENTIDADES TERRITORIALES - UNIDAD DE SALUD,NO DEFINIDO,NO DEFINIDO,NO APLICA,10199615.0,10199615.0,2023,Segundo Trimestre,,,,,,,,,,,,,,,,,,,,,,
963980,20220901,220115276,E.S.E. Centro de Salud - Floresta,2.4.1.01.01.001.01,SUELDO BASICO,GASTOS,GASTOS DE OPERACION COMERCIAL,GASTOS DE PERSONAL,PLANTA DE PERSONAL PERMANENTE,FACTORES CONSTITUTIVOS DE SALARIO,FACTORES SALARIALES COMUNES,SUELDO BASICO,No Aplica,No Aplica,No Aplica,VIGENCIA ACTUAL,ENTIDADES DIFERENTES A ENTIDADES TERRITORIALES - GESTION GENERAL,NO DEFINIDO,NO DEFINIDO,NO APLICA,108658308.0,152479772.0,2022,Tercer Trimestre,,,,,,,,,,,,,,,,,,,,,,
966463,20220301,220115276,E.S.E. Centro de Salud - Floresta,2.1.1.01.01.001.08.02,PRIMA DE VACACIONES,GASTOS,FUNCIONAMIENTO,GASTOS DE PERSONAL,PLANTA DE PERSONAL PERMANENTE,FACTORES CONSTITUTIVOS DE SALARIO,FACTORES SALARIALES COMUNES,PRESTACIONES SOCIALES,PRIMA DE VACACIONES,No Aplica,No Aplica,VIGENCIA ACTUAL,ENTIDADES DIFERENTES A ENTIDADES TERRITORIALES - GESTION GENERAL,NO DEFINIDO,NO DEFINIDO,NO APLICA,3017583.0,3017583.0,2022,Primer Trimestre,,,,,,,,,,,,,,,,,,,,,,
971632,20210301,220115276,E.S.E. Centro de Salud - Floresta,2.1.1.01.01.001.10,VIATICOS DE LOS FUNCIONARIOS EN COMISION,GASTOS,FUNCIONAMIENTO,GASTOS DE PERSONAL,PLANTA DE PERSONAL PERMANENTE,FACTORES CONSTITUTIVOS DE SALARIO,FACTORES SALARIALES COMUNES,VIATICOS DE LOS FUNCIONARIOS EN COMISION,No Aplica,No Aplica,No Aplica,VIGENCIA ACTUAL,ENTIDADES DIFERENTES A ENTIDADES TERRITORIALES - UNIDAD DE SALUD,NO DEFINIDO,NO DEFINIDO,NO APLICA,3000000.0,3000000.0,2021,Primer Trimestre,,,,,,,,,,,,,,,,,,,,,,
977213,20221201,220115276,E.S.E. Centro de Salud - Floresta,2.4.5.01,MATERIALES Y SUMINISTROS,GASTOS,GASTOS DE OPERACION COMERCIAL,GASTOS DE COMERCIALIZACION Y PRODUCCION,MATERIALES Y SUMINISTROS,No Aplica,No Aplica,No Aplica,No Aplica,No Aplica,No Aplica,VIGENCIA ACTUAL,ENTIDADES DIFERENTES A ENTIDADES TERRITORIALES - GESTION GENERAL,NO DEFINIDO,NO DEFINIDO,NO DEFINIDO,18000000.0,95541489.0,2022,Cuarto Trimestre,,,,,,,,,,,,,,,,,,,,,,
979435,20220601,220115276,E.S.E. Centro de Salud - Floresta,2.1.2.02.01.003,"OTROS BIENES TRANSPORTABLES EXCEPTO PRODUCTOS METALICOS, MAQUINARIA Y EQUIPO",GASTOS,FUNCIONAMIENTO,ADQUISICION DE BIENES Y SERVICIOS,ADQUISICIONES DIFERENTES DE ACTIVOS,MATERIALES Y SUMINISTROS,"OTROS BIENES TRANSPORTABLES EXCEPTO PRODUCTOS METALICOS, MAQUINARIA Y EQUIPO",No Aplica,No Aplica,No Aplica,No Aplica,VIGENCIA ACTUAL,ENTIDADES DIFERENTES A ENTIDADES TERRITORIALES - GESTION GENERAL,NO DEFINIDO,NO DEFINIDO,NO APLICA,6000000.0,13500000.0,2022,Segundo Trimestre,,,,,,,,,,,,,,,,,,,,,,
980593,20230301,220115276,E.S.E. Centro de Salud - Floresta,2.1.3.13,SENTENCIAS Y CONCILIACIONES,GASTOS,FUNCIONAMIENTO,TRANSFERENCIAS CORRIENTES,SENTENCIAS Y CONCILIACIONES,No Aplica,No Aplica,No Aplica,No Aplica,No Aplica,No Aplica,VIGENCIA ACTUAL,ENTIDADES TERRITORIALES - SALUD,NO DEFINIDO,NO DEFINIDO,NO DEFINIDO,1000000.0,1000000.0,2023,Primer Trimestre,,,,,,,,,,,,,,,,,,,,,,
981564,20221201,220115276,E.S.E. Centro de Salud - Floresta,2.4.1.01.01.001,FACTORES SALARIALES COMUNES,GASTOS,GASTOS DE OPERACION COMERCIAL,GASTOS DE PERSONAL,PLANTA DE PERSONAL PERMANENTE,FACTORES CONSTITUTIVOS DE SALARIO,FACTORES SALARIALES COMUNES,No Aplica,No Aplica,No Aplica,No Aplica,VIGENCIA ACTUAL,ENTIDADES DIFERENTES A ENTIDADES TERRITORIALES - GESTION GENERAL,NO DEFINIDO,NO DEFINIDO,NO DEFINIDO,134303371.0,194926560.0,2022,Cuarto Trimestre,,,,,,,,,,,,,,,,,,,,,,
981743,20220301,220115276,E.S.E. Centro de Salud - Floresta,2.4.5,GASTOS DE COMERCIALIZACION Y PRODUCCION,GASTOS,GASTOS DE OPERACION COMERCIAL,GASTOS DE COMERCIALIZACION Y PRODUCCION,No Aplica,No Aplica,No Aplica,No Aplica,No Aplica,No Aplica,No Aplica,VIGENCIA ACTUAL,ENTIDADES DIFERENTES A ENTIDADES TERRITORIALES - GESTION GENERAL,NO DEFINIDO,NO DEFINIDO,NO DEFINIDO,90300000.0,127300000.0,2022,Primer Trimestre,,,,,,,,,,,,,,,,,,,,,,
984815,20210901,220115276,E.S.E. Centro de Salud - Floresta,2.1,FUNCIONAMIENTO,GASTOS,FUNCIONAMIENTO,No Aplica,No Aplica,No Aplica,No Aplica,No Aplica,No Aplica,No Aplica,No Aplica,VIGENCIA ACTUAL,ENTIDADES TERRITORIALES - SALUD,NO DEFINIDO,NO DEFINIDO,NO DEFINIDO,530110000.0,832272531.0,2021,Tercer Trimestre,,,,,,,,,,,,,,,,,,,,,,
986899,20230301,220115276,E.S.E. Centro de Salud - Floresta,2.4.1.01.03,REMUNERACIONES NO CONSTITUTIVAS DE FACTOR SALARIAL,GASTOS,GASTOS DE OPERACION COMERCIAL,GASTOS DE PERSONAL,PLANTA DE PERSONAL PERMANENTE,REMUNERACIONES NO CONSTITUTIVAS DE FACTOR SALARIAL,No Aplica,No Aplica,No Aplica,No Aplica,No Aplica,VIGENCIA ACTUAL,ENTIDADES TERRITORIALES - SALUD,NO DEFINIDO,NO DEFINIDO,NO DEFINIDO,18642292.0,18642292.0,2023,Primer Trimestre,,,,,,,,,,,,,,,,,,,,,,
987271,20220901,220115276,E.S.E. Centro de Salud - Floresta,2.4.1.01.03.001.01,VACACIONES,GASTOS,GASTOS DE OPERACION COMERCIAL,GASTOS DE PERSONAL,PLANTA DE PERSONAL PERMANENTE,REMUNERACIONES NO CONSTITUTIVAS DE FACTOR SALARIAL,PRESTACIONES SOCIALES,VACACIONES,No Aplica,No Aplica,No Aplica,VIGENCIA ACTUAL,ENTIDADES DIFERENTES A ENTIDADES TERRITORIALES - GESTION GENERAL,NO DEFINIDO,NO DEFINIDO,NO APLICA,3500000.0,3500000.0,2022,Tercer Trimestre,,,,,,,,,,,,,,,,,,,,,,
987693,20220901,220115276,E.S.E. Centro de Salud - Floresta,2.1.3.13.01,FALLOS NACIONALES,GASTOS,FUNCIONAMIENTO,TRANSFERENCIAS CORRIENTES,SENTENCIAS Y CONCILIACIONES,FALLOS NACIONALES,No Aplica,No Aplica,No Aplica,No Aplica,No Aplica,VIGENCIA ACTUAL,ENTIDADES DIFERENTES A ENTIDADES TERRITORIALES - GESTION GENERAL,NO DEFINIDO,NO DEFINIDO,NO DEFINIDO,1000000.0,1000000.0,2022,Tercer Trimestre,,,,,,,,,,,,,,,,,,,,,,
992424,20220301,220115276,E.S.E. Centro de Salud - Floresta,2.1.3.13.01,FALLOS NACIONALES,GASTOS,FUNCIONAMIENTO,TRANSFERENCIAS CORRIENTES,SENTENCIAS Y CONCILIACIONES,FALLOS NACIONALES,No Aplica,No Aplica,No Aplica,No Aplica,No Aplica,VIGENCIA ACTUAL,ENTIDADES DIFERENTES A ENTIDADES TERRITORIALES - GESTION GENERAL,NO DEFINIDO,NO DEFINIDO,NO DEFINIDO,1000000.0,1000000.0,2022,Primer Trimestre,,,,,,,,,,,,,,,,,,,,,,
999135,20220901,220115276,E.S.E. Centro de Salud - Floresta,2.1.2.02.02.006,"COMERCIO Y DISTRIBUCION; ALOJAMIENTO; SERVICIOS DE SUMINISTRO DE COMIDAS Y BEBIDAS; SERVICIOS DE TRANSPORTE; Y SERVICIOS DE DISTRIBUCION DE ELECTRICIDAD, GAS Y AGUA",GASTOS,FUNCIONAMIENTO,ADQUISICION DE BIENES Y SERVICIOS,ADQUISICIONES DIFERENTES DE ACTIVOS,ADQUISICION DE SERVICIOS,"COMERCIO Y DISTRIBUCION; ALOJAMIENTO; SERVICIOS DE SUMINISTRO DE COMIDAS Y BEBIDAS; SERVICIOS DE TRANSPORTE; Y SERVICIOS DE DISTRIBUCION DE ELECTRICIDAD, GAS Y AGUA",No Aplica,No Aplica,No Aplica,No Aplica,VIGENCIA ACTUAL,ENTIDADES DIFERENTES A ENTIDADES TERRITORIALES - GESTION GENERAL,NO DEFINIDO,NO DEFINIDO,NO APLICA,6500000.0,16665839.0,2022,Tercer Trimestre,,,,,,,,,,,,,,,,,,,,,,
1003602,20220601,220115276,E.S.E. Centro de Salud - Floresta,2.1.2.01.01.001.02,EDIFICACIONES DISTINTAS A VIVIENDAS,GASTOS,FUNCIONAMIENTO,ADQUISICION DE BIENES Y SERVICIOS,ADQUISICION DE ACTIVOS NO FINANCIEROS,ACTIVOS FIJOS,EDIFICACIONES Y ESTRUCTURAS,EDIFICACIONES DISTINTAS A VIVIENDAS,No Aplica,No Aplica,No Aplica,VIGENCIA ACTUAL,ENTIDADES DIFERENTES A ENTIDADES TERRITORIALES - GESTION GENERAL,NO DEFINIDO,NO DEFINIDO,NO DEFINIDO,3000000.0,3000000.0,2022,Segundo Trimestre,,,,,,,,,,,,,,,,,,,,,,
1006846,20210601,220115276,E.S.E. Centro de Salud - Floresta,2.1.1.01.01,FACTORES CONSTITUTIVOS DE SALARIO,GASTOS,FUNCIONAMIENTO,GASTOS DE PERSONAL,PLANTA DE PERSONAL PERMANENTE,FACTORES CONSTITUTIVOS DE SALARIO,No Aplica,No Aplica,No Aplica,No Aplica,No Aplica,VIGENCIA ACTUAL,ENTIDADES DIFERENTES A ENTIDADES TERRITORIALES - UNIDAD DE SALUD,NO DEFINIDO,NO DEFINIDO,NO DEFINIDO,238297962.0,220297962.0,2021,Segundo Trimestre,,,,,,,,,,,,,,,,,,,,,,
1008663,20221201,220115276,E.S.E. Centro de Salud - Floresta,2.1.2.01.01.001,EDIFICACIONES Y ESTRUCTURAS,GASTOS,FUNCIONAMIENTO,ADQUISICION DE BIENES Y SERVICIOS,ADQUISICION DE ACTIVOS NO FINANCIEROS,ACTIVOS FIJOS,EDIFICACIONES Y ESTRUCTURAS,No Aplica,No Aplica,No Aplica,No Aplica,VIGENCIA ACTUAL,ENTIDADES DIFERENTES A ENTIDADES TERRITORIALES - GESTION GENERAL,NO DEFINIDO,NO DEFINIDO,NO DEFINIDO,3000000.0,11600000.0,2022,Cuarto Trimestre,,,,,,,,,,,,,,,,,,,,,,
1011534,20230301,220115276,E.S.E. Centro de Salud - Floresta,2.4.1.01,PLANTA DE PERSONAL PERMANENTE,GASTOS,GASTOS DE OPERACION COMERCIAL,GASTOS DE PERSONAL,PLANTA DE PERSONAL PERMANENTE,No Aplica,No Aplica,No Aplica,No Aplica,No Aplica,No Aplica,VIGENCIA ACTUAL,ENTIDADES TERRITORIALES - SALUD,NO DEFINIDO,NO DEFINIDO,NO DEFINIDO,235142001.0,236644001.0,2023,Primer Trimestre,,,,,,,,,,,,,,,,,,,,,,
1013954,20221201,220115276,E.S.E. Centro de Salud - Floresta,2.1.2.01.01.003.07,EQUIPO DE TRANSPORTE,GASTOS,FUNCIONAMIENTO,ADQUISICION DE BIENES Y SERVICIOS,ADQUISICION DE ACTIVOS NO FINANCIEROS,ACTIVOS FIJOS,MAQUINARIA Y EQUIPO,EQUIPO DE TRANSPORTE,No Aplica,No Aplica,No Aplica,VIGENCIA ACTUAL,ENTIDADES DIFERENTES A ENTIDADES TERRITORIALES - GESTION GENERAL,NO DEFINIDO,NO DEFINIDO,NO DEFINIDO,4000000.0,11000000.0,2022,Cuarto Trimestre,,,,,,,,,,,,,,,,,,,,,,
1014671,20230601,220115276,E.S.E. Centro de Salud - Floresta,2.1.2.02.02.006,"COMERCIO Y DISTRIBUCION; ALOJAMIENTO; SERVICIOS DE SUMINISTRO DE COMIDAS Y BEBIDAS; SERVICIOS DE TRANSPORTE; Y SERVICIOS DE DISTRIBUCION DE ELECTRICIDAD, GAS Y AGUA",GASTOS,FUNCIONAMIENTO,ADQUISICION DE BIENES Y SERVICIOS,ADQUISICIONES DIFERENTES DE ACTIVOS,ADQUISICION DE SERVICIOS,"COMERCIO Y DISTRIBUCION; ALOJAMIENTO; SERVICIOS DE SUMINISTRO DE COMIDAS Y BEBIDAS; SERVICIOS DE TRANSPORTE; Y SERVICIOS DE DISTRIBUCION DE ELECTRICIDAD, GAS Y AGUA",No Aplica,No Aplica,No Aplica,No Aplica,VIGENCIA ACTUAL,ENTIDADES DIFERENTES A ENTIDADES TERRITORIALES - UNIDAD DE SALUD,NO DEFINIDO,NO DEFINIDO,NO APLICA,6000000.0,6000000.0,2023,Segundo Trimestre,,,,,,,,,,,,,,,,,,,,,,
1016662,20220901,220115276,E.S.E. Centro de Salud - Floresta,2.4.5,GASTOS DE COMERCIALIZACION Y PRODUCCION,GASTOS,GASTOS DE OPERACION COMERCIAL,GASTOS DE COMERCIALIZACION Y PRODUCCION,No Aplica,No Aplica,No Aplica,No Aplica,No Aplica,No Aplica,No Aplica,VIGENCIA ACTUAL,ENTIDADES DIFERENTES A ENTIDADES TERRITORIALES - GESTION GENERAL,NO DEFINIDO,NO DEFINIDO,NO DEFINIDO,90300000.0,237798774.0,2022,Tercer Trimestre,,,,,,,,,,,,,,,,,,,,,,
1017245,20210301,220115276,E.S.E. Centro de Salud - Floresta,2.1.3.13,SENTENCIAS Y CONCILIACIONES,GASTOS,FUNCIONAMIENTO,TRANSFERENCIAS CORRIENTES,SENTENCIAS Y CONCILIACIONES,No Aplica,No Aplica,No Aplica,No Aplica,No Aplica,No Aplica,VIGENCIA ACTUAL,ENTIDADES DIFERENTES A ENTIDADES TERRITORIALES - UNIDAD DE SALUD,NO DEFINIDO,NO DEFINIDO,NO DEFINIDO,1400000.0,1400000.0,2021,Primer Trimestre,,,,,,,,,,,,,,,,,,,,,,
1017277,20230601,220115276,E.S.E. Centro de Salud - Floresta,2.4,GASTOS DE OPERACION COMERCIAL,GASTOS,GASTOS DE OPERACION COMERCIAL,No Aplica,No Aplica,No Aplica,No Aplica,No Aplica,No Aplica,No Aplica,No Aplica,VIGENCIA ACTUAL,ENTIDADES DIFERENTES A ENTIDADES TERRITORIALES - UNIDAD DE SALUD,NO DEFINIDO,NO DEFINIDO,NO DEFINIDO,329882001.0,454377810.0,2023,Segundo Trimestre,,,,,,,,,,,,,,,,,,,,,,
1017487,20221201,220115276,E.S.E. Centro de Salud - Floresta,2.4.1.01.01,FACTORES CONSTITUTIVOS DE SALARIO,GASTOS,GASTOS DE OPERACION COMERCIAL,GASTOS DE PERSONAL,PLANTA DE PERSONAL PERMANENTE,FACTORES CONSTITUTIVOS DE SALARIO,No Aplica,No Aplica,No Aplica,No Aplica,No Aplica,VIGENCIA ACTUAL,ENTIDADES DIFERENTES A ENTIDADES TERRITORIALES - GESTION GENERAL,NO DEFINIDO,NO DEFINIDO,NO DEFINIDO,134303371.0,194926560.0,2022,Cuarto Trimestre,,,,,,,,,,,,,,,,,,,,,,
1018158,20221201,220115276,E.S.E. Centro de Salud - Floresta,2.1.1.01.02.001,APORTES A LA SEGURIDAD SOCIAL EN PENSIONES,GASTOS,FUNCIONAMIENTO,GASTOS DE PERSONAL,PLANTA DE PERSONAL PERMANENTE,CONTRIBUCIONES INHERENTES A LA NOMINA,APORTES A LA SEGURIDAD SOCIAL EN PENSIONES,No Aplica,No Aplica,No Aplica,No Aplica,VIGENCIA ACTUAL,ENTIDADES DIFERENTES A ENTIDADES TERRITORIALES - GESTION GENERAL,NO DEFINIDO,NO DEFINIDO,NO APLICA,6075618.0,9368413.0,2022,Cuarto Trimestre,,,,,,,,,,,,,,,,,,,,,,
1021273,20230301,220115276,E.S.E. Centro de Salud - Floresta,2.1.2.01.01.003.07,EQUIPO DE TRANSPORTE,GASTOS,FUNCIONAMIENTO,ADQUISICION DE BIENES Y SERVICIOS,ADQUISICION DE ACTIVOS NO FINANCIEROS,ACTIVOS FIJOS,MAQUINARIA Y EQUIPO,EQUIPO DE TRANSPORTE,No Aplica,No Aplica,No Aplica,VIGENCIA ACTUAL,ENTIDADES TERRITORIALES - SALUD,NO DEFINIDO,NO DEFINIDO,NO DEFINIDO,4000000.0,4000000.0,2023,Primer Trimestre,,,,,,,,,,,,,,,,,,,,,,
1026826,20230301,220115276,E.S.E. Centro de Salud - Floresta,2.4.1.01.03.001.02,INDEMNIZACION POR VACACIONES,GASTOS,GASTOS DE OPERACION COMERCIAL,GASTOS DE PERSONAL,PLANTA DE PERSONAL PERMANENTE,REMUNERACIONES NO CONSTITUTIVAS DE FACTOR SALARIAL,PRESTACIONES SOCIALES,INDEMNIZACION POR VACACIONES,No Aplica,No Aplica,No Aplica,VIGENCIA ACTUAL,ENTIDADES TERRITORIALES - SALUD,NO DEFINIDO,NO DEFINIDO,NO APLICA,7673191.0,7673191.0,2023,Primer Trimestre,,,,,,,,,,,,,,,,,,,,,,
1028745,20230601,220115276,E.S.E. Centro de Salud - Floresta,2.1.2.01.01.003.07.01,"VEHICULOS AUTOMOTORES, REMOLQUES Y SEMIRREMOLQUES, Y SUS PARTES, PIEZAS Y ACCESORIOS",GASTOS,FUNCIONAMIENTO,ADQUISICION DE BIENES Y SERVICIOS,ADQUISICION DE ACTIVOS NO FINANCIEROS,ACTIVOS FIJOS,MAQUINARIA Y EQUIPO,EQUIPO DE TRANSPORTE,"VEHICULOS AUTOMOTORES, REMOLQUES Y SEMIRREMOLQUES, Y SUS PARTES, PIEZAS Y ACCESORIOS",No Aplica,No Aplica,VIGENCIA ACTUAL,ENTIDADES DIFERENTES A ENTIDADES TERRITORIALES - UNIDAD DE SALUD,NO DEFINIDO,NO DEFINIDO,NO APLICA,4000000.0,3198000.0,2023,Segundo Trimestre,,,,,,,,,,,,,,,,,,,,,,
1031117,20210601,220115276,E.S.E. Centro de Salud - Floresta,2.1.3.13,SENTENCIAS Y CONCILIACIONES,GASTOS,FUNCIONAMIENTO,TRANSFERENCIAS CORRIENTES,SENTENCIAS Y CONCILIACIONES,No Aplica,No Aplica,No Aplica,No Aplica,No Aplica,No Aplica,VIGENCIA ACTUAL,ENTIDADES DIFERENTES A ENTIDADES TERRITORIALES - UNIDAD DE SALUD,NO DEFINIDO,NO DEFINIDO,NO DEFINIDO,1400000.0,1400000.0,2021,Segundo Trimestre,,,,,,,,,,,,,,,,,,,,,,
1039478,20220901,220115276,E.S.E. Centro de Salud - Floresta,2.1.1.01.01.001.08.02,PRIMA DE VACACIONES,GASTOS,FUNCIONAMIENTO,GASTOS DE PERSONAL,PLANTA DE PERSONAL PERMANENTE,FACTORES CONSTITUTIVOS DE SALARIO,FACTORES SALARIALES COMUNES,PRESTACIONES SOCIALES,PRIMA DE VACACIONES,No Aplica,No Aplica,VIGENCIA ACTUAL,ENTIDADES DIFERENTES A ENTIDADES TERRITORIALES - GESTION GENERAL,NO DEFINIDO,NO DEFINIDO,NO APLICA,3017583.0,3017583.0,2022,Tercer Trimestre,,,,,,,,,,,,,,,,,,,,,,
1040981,20220601,220115276,E.S.E. Centro de Salud - Floresta,2.4.1.01.02.001,APORTES A LA SEGURIDAD SOCIAL EN PENSIONES,GASTOS,GASTOS DE OPERACION COMERCIAL,GASTOS DE PERSONAL,PLANTA DE PERSONAL PERMANENTE,CONTRIBUCIONES INHERENTES A LA NOMINA,APORTES A LA SEGURIDAD SOCIAL EN PENSIONES,No Aplica,No Aplica,No Aplica,No Aplica,VIGENCIA ACTUAL,ENTIDADES DIFERENTES A ENTIDADES TERRITORIALES - GESTION GENERAL,NO DEFINIDO,NO DEFINIDO,NO APLICA,12462677.0,12462677.0,2022,Segundo Trimestre,,,,,,,,,,,,,,,,,,,,,,
1044187,20230601,220115276,E.S.E. Centro de Salud - Floresta,2.4.1.01.01,FACTORES CONSTITUTIVOS DE SALARIO,GASTOS,GASTOS DE OPERACION COMERCIAL,GASTOS DE PERSONAL,PLANTA DE PERSONAL PERMANENTE,FACTORES CONSTITUTIVOS DE SALARIO,No Aplica,No Aplica,No Aplica,No Aplica,No Aplica,VIGENCIA ACTUAL,ENTIDADES DIFERENTES A ENTIDADES TERRITORIALES - UNIDAD DE SALUD,NO DEFINIDO,NO DEFINIDO,NO DEFINIDO,161091670.0,154757910.0,2023,Segundo Trimestre,,,,,,,,,,,,,,,,,,,,,,
1045158,20220301,220115276,E.S.E. Centro de Salud - Floresta,2.1.2.01.01.004,ACTIVOS FIJOS NO CLASIFICADOS COMO MAQUINARIA Y EQUIPO,GASTOS,FUNCIONAMIENTO,ADQUISICION DE BIENES Y SERVICIOS,ADQUISICION DE ACTIVOS NO FINANCIEROS,ACTIVOS FIJOS,ACTIVOS FIJOS NO CLASIFICADOS COMO MAQUINARIA Y EQUIPO,No Aplica,No Aplica,No Aplica,No Aplica,VIGENCIA ACTUAL,ENTIDADES DIFERENTES A ENTIDADES TERRITORIALES - GESTION GENERAL,NO DEFINIDO,NO DEFINIDO,NO DEFINIDO,1000000.0,1000000.0,2022,Primer Trimestre,,,,,,,,,,,,,,,,,,,,,,
1053421,20230301,220115276,E.S.E. Centro de Salud - Floresta,2.1.1.01.01.001.10,VIATICOS DE LOS FUNCIONARIOS EN COMISION,GASTOS,FUNCIONAMIENTO,GASTOS DE PERSONAL,PLANTA DE PERSONAL PERMANENTE,FACTORES CONSTITUTIVOS DE SALARIO,FACTORES SALARIALES COMUNES,VIATICOS DE LOS FUNCIONARIOS EN COMISION,No Aplica,No Aplica,No Aplica,VIGENCIA ACTUAL,ENTIDADES TERRITORIALES - SALUD,NO DEFINIDO,NO DEFINIDO,NO APLICA,2000000.0,2000000.0,2023,Primer Trimestre,,,,,,,,,,,,,,,,,,,,,,
1054116,20220301,220115276,E.S.E. Centro de Salud - Floresta,2.1.2.02.02,ADQUISICION DE SERVICIOS,GASTOS,FUNCIONAMIENTO,ADQUISICION DE BIENES Y SERVICIOS,ADQUISICIONES DIFERENTES DE ACTIVOS,ADQUISICION DE SERVICIOS,No Aplica,No Aplica,No Aplica,No Aplica,No Aplica,VIGENCIA ACTUAL,ENTIDADES DIFERENTES A ENTIDADES TERRITORIALES - GESTION GENERAL,NO DEFINIDO,NO DEFINIDO,NO DEFINIDO,103400000.0,128915254.0,2022,Primer Trimestre,,,,,,,,,,,,,,,,,,,,,,
1057256,20210301,220115276,E.S.E. Centro de Salud - Floresta,2.1.1.01.02.001,APORTES A LA SEGURIDAD SOCIAL EN PENSIONES,GASTOS,FUNCIONAMIENTO,GASTOS DE PERSONAL,PLANTA DE PERSONAL PERMANENTE,CONTRIBUCIONES INHERENTES A LA NOMINA,APORTES A LA SEGURIDAD SOCIAL EN PENSIONES,No Aplica,No Aplica,No Aplica,No Aplica,VIGENCIA ACTUAL,ENTIDADES DIFERENTES A ENTIDADES TERRITORIALES - UNIDAD DE SALUD,NO DEFINIDO,NO DEFINIDO,NO APLICA,26467641.0,26467641.0,2021,Primer Trimestre,,,,,,,,,,,,,,,,,,,,,,
1065318,20230301,220115276,E.S.E. Centro de Salud - Floresta,2.1.1.01,PLANTA DE PERSONAL PERMANENTE,GASTOS,FUNCIONAMIENTO,GASTOS DE PERSONAL,PLANTA DE PERSONAL PERMANENTE,No Aplica,No Aplica,No Aplica,No Aplica,No Aplica,No Aplica,VIGENCIA ACTUAL,ENTIDADES TERRITORIALES - SALUD,NO DEFINIDO,NO DEFINIDO,NO DEFINIDO,135199999.0,126969999.0,2023,Primer Trimestre,,,,,,,,,,,,,,,,,,,,,,
1067608,20220301,220115276,E.S.E. Centro de Salud - Floresta,2.1.2.01.01.003.04,MAQUINARIA Y APARATOS ELECTRICOS,GASTOS,FUNCIONAMIENTO,ADQUISICION DE BIENES Y SERVICIOS,ADQUISICION DE ACTIVOS NO FINANCIEROS,ACTIVOS FIJOS,MAQUINARIA Y EQUIPO,MAQUINARIA Y APARATOS ELECTRICOS,No Aplica,No Aplica,No Aplica,VIGENCIA ACTUAL,ENTIDADES DIFERENTES A ENTIDADES TERRITORIALES - GESTION GENERAL,NO DEFINIDO,NO DEFINIDO,NO DEFINIDO,2500000.0,2500000.0,2022,Primer Trimestre,,,,,,,,,,,,,,,,,,,,,,
1067883,20210901,220115276,E.S.E. Centro de Salud - Floresta,2.1.1.01.02.003,APORTES DE CESANTIAS,GASTOS,FUNCIONAMIENTO,GASTOS DE PERSONAL,PLANTA DE PERSONAL PERMANENTE,CONTRIBUCIONES INHERENTES A LA NOMINA,APORTES DE CESANTIAS,No Aplica,No Aplica,No Aplica,No Aplica,VIGENCIA ACTUAL,ENTIDADES TERRITORIALES - SALUD,NO DEFINIDO,NO DEFINIDO,NO APLICA,10651652.0,25434564.0,2021,Tercer Trimestre,,,,,,,,,,,,,,,,,,,,,,
1071694,20220301,220115276,E.S.E. Centro de Salud - Floresta,2.1.8.04.07,CONTRIBUCION DE VIGILANCIA - SUPERINTENDENCIA NACIONAL DE SALUD,GASTOS,FUNCIONAMIENTO,"GASTOS POR TRIBUTOS, TASAS, CONTRIBUCIONES, MULTAS, SANCIONES E INTERESES DE MORA",CONTRIBUCIONES,CONTRIBUCION DE VIGILANCIA - SUPERINTENDENCIA NACIONAL DE SALUD,No Aplica,No Aplica,No Aplica,No Aplica,No Aplica,VIGENCIA ACTUAL,ENTIDADES DIFERENTES A ENTIDADES TERRITORIALES - GESTION GENERAL,NO DEFINIDO,NO DEFINIDO,NO APLICA,850000.0,850000.0,2022,Primer Trimestre,,,,,,,,,,,,,,,,,,,,,,
1073828,20220301,220115276,E.S.E. Centro de Salud - Floresta,2.1.3.13,SENTENCIAS Y CONCILIACIONES,GASTOS,FUNCIONAMIENTO,TRANSFERENCIAS CORRIENTES,SENTENCIAS Y CONCILIACIONES,No Aplica,No Aplica,No Aplica,No Aplica,No Aplica,No Aplica,VIGENCIA ACTUAL,ENTIDADES DIFERENTES A ENTIDADES TERRITORIALES - GESTION GENERAL,NO DEFINIDO,NO DEFINIDO,NO DEFINIDO,1000000.0,1000000.0,2022,Primer Trimestre,,,,,,,,,,,,,,,,,,,,,,
1074506,20230601,220115276,E.S.E. Centro de Salud - Floresta,2.4.1.01.03,REMUNERACIONES NO CONSTITUTIVAS DE FACTOR SALARIAL,GASTOS,GASTOS DE OPERACION COMERCIAL,GASTOS DE PERSONAL,PLANTA DE PERSONAL PERMANENTE,REMUNERACIONES NO CONSTITUTIVAS DE FACTOR SALARIAL,No Aplica,No Aplica,No Aplica,No Aplica,No Aplica,VIGENCIA ACTUAL,ENTIDADES DIFERENTES A ENTIDADES TERRITORIALES - UNIDAD DE SALUD,NO DEFINIDO,NO DEFINIDO,NO DEFINIDO,18642292.0,18642292.0,2023,Segundo Trimestre,,,,,,,,,,,,,,,,,,,,,,
1077055,20220301,220115276,E.S.E. Centro de Salud - Floresta,2.1.1.01.02.002,APORTES A LA SEGURIDAD SOCIAL EN SALUD,GASTOS,FUNCIONAMIENTO,GASTOS DE PERSONAL,PLANTA DE PERSONAL PERMANENTE,CONTRIBUCIONES INHERENTES A LA NOMINA,APORTES A LA SEGURIDAD SOCIAL EN SALUD,No Aplica,No Aplica,No Aplica,No Aplica,VIGENCIA ACTUAL,ENTIDADES DIFERENTES A ENTIDADES TERRITORIALES - GESTION GENERAL,NO DEFINIDO,NO DEFINIDO,NO APLICA,4720229.0,4720229.0,2022,Primer Trimestre,,,,,,,,,,,,,,,,,,,,,,
1078835,20220301,220115276,E.S.E. Centro de Salud - Floresta,2.1.2.02.01.002,"PRODUCTOS ALIMENTICIOS, BEBIDAS Y TABACO, TEXTILES, PRENDAS DE VESTIR Y PRODUCTOS DE CUERO",GASTOS,FUNCIONAMIENTO,ADQUISICION DE BIENES Y SERVICIOS,ADQUISICIONES DIFERENTES DE ACTIVOS,MATERIALES Y SUMINISTROS,"PRODUCTOS ALIMENTICIOS, BEBIDAS Y TABACO, TEXTILES, PRENDAS DE VESTIR Y PRODUCTOS DE CUERO",No Aplica,No Aplica,No Aplica,No Aplica,VIGENCIA ACTUAL,ENTIDADES DIFERENTES A ENTIDADES TERRITORIALES - GESTION GENERAL,NO DEFINIDO,NO DEFINIDO,NO APLICA,6000000.0,9000000.0,2022,Primer Trimestre,,,,,,,,,,,,,,,,,,,,,,
1081664,20211201,220115276,E.S.E. Centro de Salud - Floresta,2.1.1.01.01.001.04,SUBSIDIO DE ALIMENTACION,GASTOS,FUNCIONAMIENTO,GASTOS DE PERSONAL,PLANTA DE PERSONAL PERMANENTE,FACTORES CONSTITUTIVOS DE SALARIO,FACTORES SALARIALES COMUNES,SUBSIDIO DE ALIMENTACION,No Aplica,No Aplica,No Aplica,VIGENCIA ACTUAL,ENTIDADES TERRITORIALES - SALUD,NO DEFINIDO,NO DEFINIDO,SALUD Y PROTECCION SOCIAL,3950194.0,3950194.0,2021,Cuarto Trimestre,,,,,,,,,,,,,,,,,,,,,,
1082465,20220901,220115276,E.S.E. Centro de Salud - Floresta,2.4.1.01.02,CONTRIBUCIONES INHERENTES A LA NOMINA,GASTOS,GASTOS DE OPERACION COMERCIAL,GASTOS DE PERSONAL,PLANTA DE PERSONAL PERMANENTE,CONTRIBUCIONES INHERENTES A LA NOMINA,No Aplica,No Aplica,No Aplica,No Aplica,No Aplica,VIGENCIA ACTUAL,ENTIDADES DIFERENTES A ENTIDADES TERRITORIALES - GESTION GENERAL,NO DEFINIDO,NO DEFINIDO,NO DEFINIDO,52118300.0,58605345.0,2022,Tercer Trimestre,,,,,,,,,,,,,,,,,,,,,,
1083264,20220601,220115276,E.S.E. Centro de Salud - Floresta,2.1.1.01.02.004,APORTES A CAJAS DE COMPENSACION FAMILIAR,GASTOS,FUNCIONAMIENTO,GASTOS DE PERSONAL,PLANTA DE PERSONAL PERMANENTE,CONTRIBUCIONES INHERENTES A LA NOMINA,APORTES A CAJAS DE COMPENSACION FAMILIAR,No Aplica,No Aplica,No Aplica,No Aplica,VIGENCIA ACTUAL,ENTIDADES DIFERENTES A ENTIDADES TERRITORIALES - GESTION GENERAL,NO DEFINIDO,NO DEFINIDO,NO APLICA,2923475.0,2923475.0,2022,Segundo Trimestre,,,,,,,,,,,,,,,,,,,,,,
1096501,20221201,220115276,E.S.E. Centro de Salud - Floresta,2.1.2.02.01.003,"OTROS BIENES TRANSPORTABLES EXCEPTO PRODUCTOS METALICOS, MAQUINARIA Y EQUIPO",GASTOS,FUNCIONAMIENTO,ADQUISICION DE BIENES Y SERVICIOS,ADQUISICIONES DIFERENTES DE ACTIVOS,MATERIALES Y SUMINISTROS,"OTROS BIENES TRANSPORTABLES EXCEPTO PRODUCTOS METALICOS, MAQUINARIA Y EQUIPO",No Aplica,No Aplica,No Aplica,No Aplica,VIGENCIA ACTUAL,ENTIDADES DIFERENTES A ENTIDADES TERRITORIALES - GESTION GENERAL,NO DEFINIDO,NO DEFINIDO,NO APLICA,6000000.0,25431022.0,2022,Cuarto Trimestre,,,,,,,,,,,,,,,,,,,,,,
1102288,20220301,220115276,E.S.E. Centro de Salud - Floresta,2.4.1.01.02.003,APORTES DE CESANTIAS,GASTOS,GASTOS DE OPERACION COMERCIAL,GASTOS DE PERSONAL,PLANTA DE PERSONAL PERMANENTE,CONTRIBUCIONES INHERENTES A LA NOMINA,APORTES DE CESANTIAS,No Aplica,No Aplica,No Aplica,No Aplica,VIGENCIA ACTUAL,ENTIDADES DIFERENTES A ENTIDADES TERRITORIALES - GESTION GENERAL,NO DEFINIDO,NO DEFINIDO,NO APLICA,11480989.0,11480989.0,2022,Primer Trimestre,,,,,,,,,,,,,,,,,,,,,,
1103477,20220601,220115276,E.S.E. Centro de Salud - Floresta,2.4.1.01.01.001.08.01,PRIMA DE NAVIDAD,GASTOS,GASTOS DE OPERACION COMERCIAL,GASTOS DE PERSONAL,PLANTA DE PERSONAL PERMANENTE,FACTORES CONSTITUTIVOS DE SALARIO,FACTORES SALARIALES COMUNES,PRESTACIONES SOCIALES,PRIMA DE NAVIDAD,No Aplica,No Aplica,VIGENCIA ACTUAL,ENTIDADES DIFERENTES A ENTIDADES TERRITORIALES - GESTION GENERAL,NO DEFINIDO,NO DEFINIDO,NO APLICA,9462353.0,9462353.0,2022,Segundo Trimestre,,,,,,,,,,,,,,,,,,,,,,
1103730,20220301,220115276,E.S.E. Centro de Salud - Floresta,2.4.1.01.01.001.08.02,PRIMA DE VACACIONES,GASTOS,GASTOS DE OPERACION COMERCIAL,GASTOS DE PERSONAL,PLANTA DE PERSONAL PERMANENTE,FACTORES CONSTITUTIVOS DE SALARIO,FACTORES SALARIALES COMUNES,PRESTACIONES SOCIALES,PRIMA DE VACACIONES,No Aplica,No Aplica,VIGENCIA ACTUAL,ENTIDADES DIFERENTES A ENTIDADES TERRITORIALES - GESTION GENERAL,NO DEFINIDO,NO DEFINIDO,NO APLICA,4541931.0,4541931.0,2022,Primer Trimestre,,,,,,,,,,,,,,,,,,,,,,
1107376,20230301,220115276,E.S.E. Centro de Salud - Floresta,2.1.1.01.03.001.03,BONIFICACION ESPECIAL DE RECREACION,GASTOS,FUNCIONAMIENTO,GASTOS DE PERSONAL,PLANTA DE PERSONAL PERMANENTE,REMUNERACIONES NO CONSTITUTIVAS DE FACTOR SALARIAL,PRESTACIONES SOCIALES,BONIFICACION ESPECIAL DE RECREACION,No Aplica,No Aplica,No Aplica,VIGENCIA ACTUAL,ENTIDADES TERRITORIALES - SALUD,NO DEFINIDO,NO DEFINIDO,NO APLICA,329338.0,329338.0,2023,Primer Trimestre,,,,,,,,,,,,,,,,,,,,,,
1114089,20210301,220115276,E.S.E. Centro de Salud - Floresta,2.1.1.01.03.001.02,INDEMNIZACION POR VACACIONES,GASTOS,FUNCIONAMIENTO,GASTOS DE PERSONAL,PLANTA DE PERSONAL PERMANENTE,REMUNERACIONES NO CONSTITUTIVAS DE FACTOR SALARIAL,PRESTACIONES SOCIALES,INDEMNIZACION POR VACACIONES,No Aplica,No Aplica,No Aplica,VIGENCIA ACTUAL,ENTIDADES DIFERENTES A ENTIDADES TERRITORIALES - UNIDAD DE SALUD,NO DEFINIDO,NO DEFINIDO,NO APLICA,4977620.0,4977620.0,2021,Primer Trimestre,,,,,,,,,,,,,,,,,,,,,,
1116852,20220901,220115276,E.S.E. Centro de Salud - Floresta,2.4.5.01.03,"OTROS BIENES TRANSPORTABLES EXCEPTO PRODUCTOS METALICOS, MAQUINARIA Y EQUIPO",GASTOS,GASTOS DE OPERACION COMERCIAL,GASTOS DE COMERCIALIZACION Y PRODUCCION,MATERIALES Y SUMINISTROS,"OTROS BIENES TRANSPORTABLES EXCEPTO PRODUCTOS METALICOS, MAQUINARIA Y EQUIPO",No Aplica,No Aplica,No Aplica,No Aplica,No Aplica,VIGENCIA ACTUAL,ENTIDADES DIFERENTES A ENTIDADES TERRITORIALES - GESTION GENERAL,NO DEFINIDO,NO DEFINIDO,NO APLICA,18000000.0,69535396.0,2022,Tercer Trimestre,,,,,,,,,,,,,,,,,,,,,,
1117008,20210601,220115276,E.S.E. Centro de Salud - Floresta,2.1.2.02.02,ADQUISICION DE SERVICIOS,GASTOS,FUNCIONAMIENTO,ADQUISICION DE BIENES Y SERVICIOS,ADQUISICIONES DIFERENTES DE ACTIVOS,ADQUISICION DE SERVICIOS,No Aplica,No Aplica,No Aplica,No Aplica,No Aplica,VIGENCIA ACTUAL,ENTIDADES DIFERENTES A ENTIDADES TERRITORIALES - UNIDAD DE SALUD,NO DEFINIDO,NO DEFINIDO,NO DEFINIDO,185557462.0,356050405.0,2021,Segundo Trimestre,,,,,,,,,,,,,,,,,,,,,,
1121398,20230601,220115276,E.S.E. Centro de Salud - Floresta,2.1.1.01.01.001.07,BONIFICACION POR SERVICIOS PRESTADOS,GASTOS,FUNCIONAMIENTO,GASTOS DE PERSONAL,PLANTA DE PERSONAL PERMANENTE,FACTORES CONSTITUTIVOS DE SALARIO,FACTORES SALARIALES COMUNES,BONIFICACION POR SERVICIOS PRESTADOS,No Aplica,No Aplica,No Aplica,VIGENCIA ACTUAL,ENTIDADES DIFERENTES A ENTIDADES TERRITORIALES - UNIDAD DE SALUD,NO DEFINIDO,NO DEFINIDO,NO APLICA,2752055.0,2752055.0,2023,Segundo Trimestre,,,,,,,,,,,,,,,,,,,,,,
1125808,20221201,220115276,E.S.E. Centro de Salud - Floresta,2.1.2.02.02.005,CONSTRUCCION Y SERVICIOS DE LA CONSTRUCCION,GASTOS,FUNCIONAMIENTO,ADQUISICION DE BIENES Y SERVICIOS,ADQUISICIONES DIFERENTES DE ACTIVOS,ADQUISICION DE SERVICIOS,CONSTRUCCION Y SERVICIOS DE LA CONSTRUCCION,No Aplica,No Aplica,No Aplica,No Aplica,VIGENCIA ACTUAL,ENTIDADES DIFERENTES A ENTIDADES TERRITORIALES - GESTION GENERAL,NO DEFINIDO,NO DEFINIDO,NO APLICA,4000000.0,5000000.0,2022,Cuarto Trimestre,,,,,,,,,,,,,,,,,,,,,,
1125834,20210301,220115276,E.S.E. Centro de Salud - Floresta,2.1.1.01.03.001.03,BONIFICACION ESPECIAL DE RECREACION,GASTOS,FUNCIONAMIENTO,GASTOS DE PERSONAL,PLANTA DE PERSONAL PERMANENTE,REMUNERACIONES NO CONSTITUTIVAS DE FACTOR SALARIAL,PRESTACIONES SOCIALES,BONIFICACION ESPECIAL DE RECREACION,No Aplica,No Aplica,No Aplica,VIGENCIA ACTUAL,ENTIDADES DIFERENTES A ENTIDADES TERRITORIALES - UNIDAD DE SALUD,NO DEFINIDO,NO DEFINIDO,NO APLICA,1225353.0,1225353.0,2021,Primer Trimestre,,,,,,,,,,,,,,,,,,,,,,
1125893,20220901,220115276,E.S.E. Centro de Salud - Floresta,2.1.1.01.02.006,APORTES AL ICBF,GASTOS,FUNCIONAMIENTO,GASTOS DE PERSONAL,PLANTA DE PERSONAL PERMANENTE,CONTRIBUCIONES INHERENTES A LA NOMINA,APORTES AL ICBF,No Aplica,No Aplica,No Aplica,No Aplica,VIGENCIA ACTUAL,ENTIDADES DIFERENTES A ENTIDADES TERRITORIALES - GESTION GENERAL,NO DEFINIDO,NO DEFINIDO,NO APLICA,2192606.0,2192606.0,2022,Tercer Trimestre,,,,,,,,,,,,,,,,,,,,,,
1130912,20230601,220115276,E.S.E. Centro de Salud - Floresta,2.1.1.01.01.001.10,VIATICOS DE LOS FUNCIONARIOS EN COMISION,GASTOS,FUNCIONAMIENTO,GASTOS DE PERSONAL,PLANTA DE PERSONAL PERMANENTE,FACTORES CONSTITUTIVOS DE SALARIO,FACTORES SALARIALES COMUNES,VIATICOS DE LOS FUNCIONARIOS EN COMISION,No Aplica,No Aplica,No Aplica,VIGENCIA ACTUAL,ENTIDADES DIFERENTES A ENTIDADES TERRITORIALES - UNIDAD DE SALUD,NO DEFINIDO,NO DEFINIDO,NO APLICA,2000000.0,2000000.0,2023,Segundo Trimestre,,,,,,,,,,,,,,,,,,,,,,
1133929,20210901,220115276,E.S.E. Centro de Salud - Floresta,2.1.2.02.02,ADQUISICION DE SERVICIOS,GASTOS,FUNCIONAMIENTO,ADQUISICION DE BIENES Y SERVICIOS,ADQUISICIONES DIFERENTES DE ACTIVOS,ADQUISICION DE SERVICIOS,No Aplica,No Aplica,No Aplica,No Aplica,No Aplica,VIGENCIA ACTUAL,ENTIDADES TERRITORIALES - SALUD,NO DEFINIDO,NO DEFINIDO,NO DEFINIDO,185557462.0,453960837.0,2021,Tercer Trimestre,,,,,,,,,,,,,,,,,,,,,,
1136890,20220901,220115276,E.S.E. Centro de Salud - Floresta,2.4.1.01.01.001.04,SUBSIDIO DE ALIMENTACION,GASTOS,GASTOS DE OPERACION COMERCIAL,GASTOS DE PERSONAL,PLANTA DE PERSONAL PERMANENTE,FACTORES CONSTITUTIVOS DE SALARIO,FACTORES SALARIALES COMUNES,SUBSIDIO DE ALIMENTACION,No Aplica,No Aplica,No Aplica,VIGENCIA ACTUAL,ENTIDADES DIFERENTES A ENTIDADES TERRITORIALES - GESTION GENERAL,NO DEFINIDO,NO DEFINIDO,NO APLICA,2592000.0,3173992.0,2022,Tercer Trimestre,,,,,,,,,,,,,,,,,,,,,,
1137697,20220901,220115276,E.S.E. Centro de Salud - Floresta,2.1.1.01.02,CONTRIBUCIONES INHERENTES A LA NOMINA,GASTOS,FUNCIONAMIENTO,GASTOS DE PERSONAL,PLANTA DE PERSONAL PERMANENTE,CONTRIBUCIONES INHERENTES A LA NOMINA,No Aplica,No Aplica,No Aplica,No Aplica,No Aplica,VIGENCIA ACTUAL,ENTIDADES DIFERENTES A ENTIDADES TERRITORIALES - GESTION GENERAL,NO DEFINIDO,NO DEFINIDO,NO DEFINIDO,21347379.0,26544028.0,2022,Tercer Trimestre,,,,,,,,,,,,,,,,,,,,,,
1137994,20230601,220115276,E.S.E. Centro de Salud - Floresta,2.4.1.01,PLANTA DE PERSONAL PERMANENTE,GASTOS,GASTOS DE OPERACION COMERCIAL,GASTOS DE PERSONAL,PLANTA DE PERSONAL PERMANENTE,No Aplica,No Aplica,No Aplica,No Aplica,No Aplica,No Aplica,VIGENCIA ACTUAL,ENTIDADES DIFERENTES A ENTIDADES TERRITORIALES - UNIDAD DE SALUD,NO DEFINIDO,NO DEFINIDO,NO DEFINIDO,235142001.0,228808241.0,2023,Segundo Trimestre,,,,,,,,,,,,,,,,,,,,,,
1139412,20220901,220115276,E.S.E. Centro de Salud - Floresta,2.1.2.02.01.004,PRODUCTOS METALICOS Y PAQUETES DE SOFTWARE,GASTOS,FUNCIONAMIENTO,ADQUISICION DE BIENES Y SERVICIOS,ADQUISICIONES DIFERENTES DE ACTIVOS,MATERIALES Y SUMINISTROS,PRODUCTOS METALICOS Y PAQUETES DE SOFTWARE,No Aplica,No Aplica,No Aplica,No Aplica,VIGENCIA ACTUAL,ENTIDADES DIFERENTES A ENTIDADES TERRITORIALES - GESTION GENERAL,NO DEFINIDO,NO DEFINIDO,NO APLICA,6000000.0,6000000.0,2022,Tercer Trimestre,,,,,,,,,,,,,,,,,,,,,,
1148548,20230301,220115276,E.S.E. Centro de Salud - Floresta,2.4.1.01.01.001.07,BONIFICACION POR SERVICIOS PRESTADOS,GASTOS,GASTOS DE OPERACION COMERCIAL,GASTOS DE PERSONAL,PLANTA DE PERSONAL PERMANENTE,FACTORES CONSTITUTIVOS DE SALARIO,FACTORES SALARIALES COMUNES,BONIFICACION POR SERVICIOS PRESTADOS,No Aplica,No Aplica,No Aplica,VIGENCIA ACTUAL,ENTIDADES TERRITORIALES - SALUD,NO DEFINIDO,NO DEFINIDO,NO APLICA,737477.0,2239477.0,2023,Primer Trimestre,,,,,,,,,,,,,,,,,,,,,,
1149554,20220601,220115276,E.S.E. Centro de Salud - Floresta,2.4.1.01.01.001.06,PRIMA DE SERVICIO,GASTOS,GASTOS DE OPERACION COMERCIAL,GASTOS DE PERSONAL,PLANTA DE PERSONAL PERMANENTE,FACTORES CONSTITUTIVOS DE SALARIO,FACTORES SALARIALES COMUNES,PRIMA DE SERVICIO,No Aplica,No Aplica,No Aplica,VIGENCIA ACTUAL,ENTIDADES DIFERENTES A ENTIDADES TERRITORIALES - GESTION GENERAL,NO DEFINIDO,NO DEFINIDO,NO APLICA,6386576.0,7045796.0,2022,Segundo Trimestre,,,,,,,,,,,,,,,,,,,,,,
1151241,20220301,220115276,E.S.E. Centro de Salud - Floresta,2.1.1.01.01.001.08.01,PRIMA DE NAVIDAD,GASTOS,FUNCIONAMIENTO,GASTOS DE PERSONAL,PLANTA DE PERSONAL PERMANENTE,FACTORES CONSTITUTIVOS DE SALARIO,FACTORES SALARIALES COMUNES,PRESTACIONES SOCIALES,PRIMA DE NAVIDAD,No Aplica,No Aplica,VIGENCIA ACTUAL,ENTIDADES DIFERENTES A ENTIDADES TERRITORIALES - GESTION GENERAL,NO DEFINIDO,NO DEFINIDO,NO APLICA,6286630.0,6286630.0,2022,Primer Trimestre,,,,,,,,,,,,,,,,,,,,,,
1154043,20221201,220115276,E.S.E. Centro de Salud - Floresta,2.1.2.02.01,MATERIALES Y SUMINISTROS,GASTOS,FUNCIONAMIENTO,ADQUISICION DE BIENES Y SERVICIOS,ADQUISICIONES DIFERENTES DE ACTIVOS,MATERIALES Y SUMINISTROS,No Aplica,No Aplica,No Aplica,No Aplica,No Aplica,VIGENCIA ACTUAL,ENTIDADES DIFERENTES A ENTIDADES TERRITORIALES - GESTION GENERAL,NO DEFINIDO,NO DEFINIDO,NO DEFINIDO,18000000.0,62347373.0,2022,Cuarto Trimestre,,,,,,,,,,,,,,,,,,,,,,
1156290,20230301,220115276,E.S.E. Centro de Salud - Floresta,2.1.1.01.01.001.06,PRIMA DE SERVICIO,GASTOS,FUNCIONAMIENTO,GASTOS DE PERSONAL,PLANTA DE PERSONAL PERMANENTE,FACTORES CONSTITUTIVOS DE SALARIO,FACTORES SALARIALES COMUNES,PRIMA DE SERVICIO,No Aplica,No Aplica,No Aplica,VIGENCIA ACTUAL,ENTIDADES TERRITORIALES - SALUD,NO DEFINIDO,NO DEFINIDO,NO APLICA,7108853.0,7108853.0,2023,Primer Trimestre,,,,,,,,,,,,,,,,,,,,,,
1157689,20211201,220115276,E.S.E. Centro de Salud - Floresta,2.1.2.02.01.002,"PRODUCTOS ALIMENTICIOS, BEBIDAS Y TABACO, TEXTILES, PRENDAS DE VESTIR Y PRODUCTOS DE CUERO",GASTOS,FUNCIONAMIENTO,ADQUISICION DE BIENES Y SERVICIOS,ADQUISICIONES DIFERENTES DE ACTIVOS,MATERIALES Y SUMINISTROS,"PRODUCTOS ALIMENTICIOS, BEBIDAS Y TABACO, TEXTILES, PRENDAS DE VESTIR Y PRODUCTOS DE CUERO",No Aplica,No Aplica,No Aplica,No Aplica,VIGENCIA ACTUAL,ENTIDADES TERRITORIALES - SALUD,NO DEFINIDO,NO DEFINIDO,SALUD Y PROTECCION SOCIAL,5882727.0,19782727.0,2021,Cuarto Trimestre,,,,,,,,,,,,,,,,,,,,,,
1159475,20211201,220115276,E.S.E. Centro de Salud - Floresta,2.1.2.02.02.007,SERVICIOS FINANCIEROS Y SERVICIOS CONEXOS; SERVICIOS INMOBILIARIOS; Y SERVICIOS DE ARRENDAMIENTO Y LEASING,GASTOS,FUNCIONAMIENTO,ADQUISICION DE BIENES Y SERVICIOS,ADQUISICIONES DIFERENTES DE ACTIVOS,ADQUISICION DE SERVICIOS,SERVICIOS FINANCIEROS Y SERVICIOS CONEXOS; SERVICIOS INMOBILIARIOS; Y SERVICIOS DE ARRENDAMIENTO Y LEASING,No Aplica,No Aplica,No Aplica,No Aplica,VIGENCIA ACTUAL,ENTIDADES TERRITORIALES - SALUD,NO DEFINIDO,NO DEFINIDO,SALUD Y PROTECCION SOCIAL,13800000.0,13800000.0,2021,Cuarto Trimestre,,,,,,,,,,,,,,,,,,,,,,
1164244,20221201,220115276,E.S.E. Centro de Salud - Floresta,2.1.2.02.02,ADQUISICION DE SERVICIOS,GASTOS,FUNCIONAMIENTO,ADQUISICION DE BIENES Y SERVICIOS,ADQUISICIONES DIFERENTES DE ACTIVOS,ADQUISICION DE SERVICIOS,No Aplica,No Aplica,No Aplica,No Aplica,No Aplica,VIGENCIA ACTUAL,ENTIDADES DIFERENTES A ENTIDADES TERRITORIALES - GESTION GENERAL,NO DEFINIDO,NO DEFINIDO,NO DEFINIDO,103400000.0,217271252.0,2022,Cuarto Trimestre,,,,,,,,,,,,,,,,,,,,,,
1165840,20211201,220115276,E.S.E. Centro de Salud - Floresta,2.1.2.02.02.008,SERVICIOS PRESTADOS A LAS EMPRESAS Y SERVICIOS DE PRODUCCION,GASTOS,FUNCIONAMIENTO,ADQUISICION DE BIENES Y SERVICIOS,ADQUISICIONES DIFERENTES DE ACTIVOS,ADQUISICION DE SERVICIOS,SERVICIOS PRESTADOS A LAS EMPRESAS Y SERVICIOS DE PRODUCCION,No Aplica,No Aplica,No Aplica,No Aplica,VIGENCIA ACTUAL,ENTIDADES TERRITORIALES - SALUD,NO DEFINIDO,NO DEFINIDO,SALUD Y PROTECCION SOCIAL,88910000.0,316813397.0,2021,Cuarto Trimestre,,,,,,,,,,,,,,,,,,,,,,
1168557,20221201,220115276,E.S.E. Centro de Salud - Floresta,2.4.1.01.02,CONTRIBUCIONES INHERENTES A LA NOMINA,GASTOS,GASTOS DE OPERACION COMERCIAL,GASTOS DE PERSONAL,PLANTA DE PERSONAL PERMANENTE,CONTRIBUCIONES INHERENTES A LA NOMINA,No Aplica,No Aplica,No Aplica,No Aplica,No Aplica,VIGENCIA ACTUAL,ENTIDADES DIFERENTES A ENTIDADES TERRITORIALES - GESTION GENERAL,NO DEFINIDO,NO DEFINIDO,NO DEFINIDO,52118300.0,67131345.0,2022,Cuarto Trimestre,,,,,,,,,,,,,,,,,,,,,,
1168772,20221201,220115276,E.S.E. Centro de Salud - Floresta,2.4.1.01.02.007,APORTES AL SENA,GASTOS,GASTOS DE OPERACION COMERCIAL,GASTOS DE PERSONAL,PLANTA DE PERSONAL PERMANENTE,CONTRIBUCIONES INHERENTES A LA NOMINA,APORTES AL SENA,No Aplica,No Aplica,No Aplica,No Aplica,VIGENCIA ACTUAL,ENTIDADES DIFERENTES A ENTIDADES TERRITORIALES - GESTION GENERAL,NO DEFINIDO,NO DEFINIDO,NO APLICA,3146945.0,3466945.0,2022,Cuarto Trimestre,,,,,,,,,,,,,,,,,,,,,,
1171130,20230301,220115276,E.S.E. Centro de Salud - Floresta,2.1.2.02,ADQUISICIONES DIFERENTES DE ACTIVOS,GASTOS,FUNCIONAMIENTO,ADQUISICION DE BIENES Y SERVICIOS,ADQUISICIONES DIFERENTES DE ACTIVOS,No Aplica,No Aplica,No Aplica,No Aplica,No Aplica,No Aplica,VIGENCIA ACTUAL,ENTIDADES TERRITORIALES - SALUD,NO DEFINIDO,NO DEFINIDO,NO DEFINIDO,146100000.0,201662624.0,2023,Primer Trimestre,,,,,,,,,,,,,,,,,,,,,,
1171593,20230301,220115276,E.S.E. Centro de Salud - Floresta,2.1.1.01.03,REMUNERACIONES NO CONSTITUTIVAS DE FACTOR SALARIAL,GASTOS,FUNCIONAMIENTO,GASTOS DE PERSONAL,PLANTA DE PERSONAL PERMANENTE,REMUNERACIONES NO CONSTITUTIVAS DE FACTOR SALARIAL,No Aplica,No Aplica,No Aplica,No Aplica,No Aplica,VIGENCIA ACTUAL,ENTIDADES TERRITORIALES - SALUD,NO DEFINIDO,NO DEFINIDO,NO DEFINIDO,6333023.0,6333023.0,2023,Primer Trimestre,,,,,,,,,,,,,,,,,,,,,,
1172392,20210301,220115276,E.S.E. Centro de Salud - Floresta,2.1.1.01.03.001.01,VACACIONES,GASTOS,FUNCIONAMIENTO,GASTOS DE PERSONAL,PLANTA DE PERSONAL PERMANENTE,REMUNERACIONES NO CONSTITUTIVAS DE FACTOR SALARIAL,PRESTACIONES SOCIALES,VACACIONES,No Aplica,No Aplica,No Aplica,VIGENCIA ACTUAL,ENTIDADES DIFERENTES A ENTIDADES TERRITORIALES - UNIDAD DE SALUD,NO DEFINIDO,NO DEFINIDO,NO APLICA,8650941.0,8650941.0,2021,Primer Trimestre,,,,,,,,,,,,,,,,,,,,,,
1176254,20210601,220115276,E.S.E. Centro de Salud - Floresta,2.1.1.01,PLANTA DE PERSONAL PERMANENTE,GASTOS,FUNCIONAMIENTO,GASTOS DE PERSONAL,PLANTA DE PERSONAL PERMANENTE,No Aplica,No Aplica,No Aplica,No Aplica,No Aplica,No Aplica,VIGENCIA ACTUAL,ENTIDADES DIFERENTES A ENTIDADES TERRITORIALES - UNIDAD DE SALUD,NO DEFINIDO,NO DEFINIDO,NO DEFINIDO,332669811.0,314669811.0,2021,Segundo Trimestre,,,,,,,,,,,,,,,,,,,,,,
1187608,20220901,220115276,E.S.E. Centro de Salud - Floresta,2.1.2.01.01.003.04.06,OTRO EQUIPO ELECTRICO Y SUS PARTES Y PIEZAS,GASTOS,FUNCIONAMIENTO,ADQUISICION DE BIENES Y SERVICIOS,ADQUISICION DE ACTIVOS NO FINANCIEROS,ACTIVOS FIJOS,MAQUINARIA Y EQUIPO,MAQUINARIA Y APARATOS ELECTRICOS,OTRO EQUIPO ELECTRICO Y SUS PARTES Y PIEZAS,No Aplica,No Aplica,VIGENCIA ACTUAL,ENTIDADES DIFERENTES A ENTIDADES TERRITORIALES - GESTION GENERAL,NO DEFINIDO,NO DEFINIDO,NO APLICA,2500000.0,2500000.0,2022,Tercer Trimestre,,,,,,,,,,,,,,,,,,,,,,
1190145,20220901,220115276,E.S.E. Centro de Salud - Floresta,2.1.8.04.07,CONTRIBUCION DE VIGILANCIA - SUPERINTENDENCIA NACIONAL DE SALUD,GASTOS,FUNCIONAMIENTO,"GASTOS POR TRIBUTOS, TASAS, CONTRIBUCIONES, MULTAS, SANCIONES E INTERESES DE MORA",CONTRIBUCIONES,CONTRIBUCION DE VIGILANCIA - SUPERINTENDENCIA NACIONAL DE SALUD,No Aplica,No Aplica,No Aplica,No Aplica,No Aplica,VIGENCIA ACTUAL,ENTIDADES DIFERENTES A ENTIDADES TERRITORIALES - GESTION GENERAL,NO DEFINIDO,NO DEFINIDO,NO APLICA,850000.0,850000.0,2022,Tercer Trimestre,,,,,,,,,,,,,,,,,,,,,,
1190182,20211201,220115276,E.S.E. Centro de Salud - Floresta,2.1.1.01.02.005,APORTES GENERALES AL SISTEMA DE RIESGOS LABORALES,GASTOS,FUNCIONAMIENTO,GASTOS DE PERSONAL,PLANTA DE PERSONAL PERMANENTE,CONTRIBUCIONES INHERENTES A LA NOMINA,APORTES GENERALES AL SISTEMA DE RIESGOS LABORALES,No Aplica,No Aplica,No Aplica,No Aplica,VIGENCIA ACTUAL,ENTIDADES TERRITORIALES - SALUD,NO DEFINIDO,NO DEFINIDO,SALUD Y PROTECCION SOCIAL,3800000.0,4300000.0,2021,Cuarto Trimestre,,,,,,,,,,,,,,,,,,,,,,
1196602,20230301,220115276,E.S.E. Centro de Salud - Floresta,2.1.2.01.01.003.07.01,"VEHICULOS AUTOMOTORES, REMOLQUES Y SEMIRREMOLQUES, Y SUS PARTES, PIEZAS Y ACCESORIOS",GASTOS,FUNCIONAMIENTO,ADQUISICION DE BIENES Y SERVICIOS,ADQUISICION DE ACTIVOS NO FINANCIEROS,ACTIVOS FIJOS,MAQUINARIA Y EQUIPO,EQUIPO DE TRANSPORTE,"VEHICULOS AUTOMOTORES, REMOLQUES Y SEMIRREMOLQUES, Y SUS PARTES, PIEZAS Y ACCESORIOS",No Aplica,No Aplica,VIGENCIA ACTUAL,ENTIDADES TERRITORIALES - SALUD,NO DEFINIDO,NO DEFINIDO,NO APLICA,4000000.0,4000000.0,2023,Primer Trimestre,,,,,,,,,,,,,,,,,,,,,,
1197846,20220601,220115276,E.S.E. Centro de Salud - Floresta,2.4.1.01.02.004,APORTES A CAJAS DE COMPENSACION FAMILIAR,GASTOS,GASTOS DE OPERACION COMERCIAL,GASTOS DE PERSONAL,PLANTA DE PERSONAL PERMANENTE,CONTRIBUCIONES INHERENTES A LA NOMINA,APORTES A CAJAS DE COMPENSACION FAMILIAR,No Aplica,No Aplica,No Aplica,No Aplica,VIGENCIA ACTUAL,ENTIDADES DIFERENTES A ENTIDADES TERRITORIALES - GESTION GENERAL,NO DEFINIDO,NO DEFINIDO,NO APLICA,6027430.0,6027430.0,2022,Segundo Trimestre,,,,,,,,,,,,,,,,,,,,,,
1205775,20210601,220115276,E.S.E. Centro de Salud - Floresta,2.1.1.01.01.001.10,VIATICOS DE LOS FUNCIONARIOS EN COMISION,GASTOS,FUNCIONAMIENTO,GASTOS DE PERSONAL,PLANTA DE PERSONAL PERMANENTE,FACTORES CONSTITUTIVOS DE SALARIO,FACTORES SALARIALES COMUNES,VIATICOS DE LOS FUNCIONARIOS EN COMISION,No Aplica,No Aplica,No Aplica,VIGENCIA ACTUAL,ENTIDADES DIFERENTES A ENTIDADES TERRITORIALES - UNIDAD DE SALUD,NO DEFINIDO,NO DEFINIDO,NO APLICA,3000000.0,3000000.0,2021,Segundo Trimestre,,,,,,,,,,,,,,,,,,,,,,
1210461,20230301,220115276,E.S.E. Centro de Salud - Floresta,2.4.1.01.01.001.06,PRIMA DE SERVICIO,GASTOS,GASTOS DE OPERACION COMERCIAL,GASTOS DE PERSONAL,PLANTA DE PERSONAL PERMANENTE,FACTORES CONSTITUTIVOS DE SALARIO,FACTORES SALARIALES COMUNES,PRIMA DE SERVICIO,No Aplica,No Aplica,No Aplica,VIGENCIA ACTUAL,ENTIDADES TERRITORIALES - SALUD,NO DEFINIDO,NO DEFINIDO,NO APLICA,13199615.0,13199615.0,2023,Primer Trimestre,,,,,,,,,,,,,,,,,,,,,,
1218704,20221201,220115276,E.S.E. Centro de Salud - Floresta,2.4.1.01.03.001,PRESTACIONES SOCIALES,GASTOS,GASTOS DE OPERACION COMERCIAL,GASTOS DE PERSONAL,PLANTA DE PERSONAL PERMANENTE,REMUNERACIONES NO CONSTITUTIVAS DE FACTOR SALARIAL,PRESTACIONES SOCIALES,No Aplica,No Aplica,No Aplica,No Aplica,VIGENCIA ACTUAL,ENTIDADES DIFERENTES A ENTIDADES TERRITORIALES - GESTION GENERAL,NO DEFINIDO,NO DEFINIDO,NO DEFINIDO,8202287.0,9536746.0,2022,Cuarto Trimestre,,,,,,,,,,,,,,,,,,,,,,
1223492,20220301,220115276,E.S.E. Centro de Salud - Floresta,2.1.2.02.02.006,"COMERCIO Y DISTRIBUCION; ALOJAMIENTO; SERVICIOS DE SUMINISTRO DE COMIDAS Y BEBIDAS; SERVICIOS DE TRANSPORTE; Y SERVICIOS DE DISTRIBUCION DE ELECTRICIDAD, GAS Y AGUA",GASTOS,FUNCIONAMIENTO,ADQUISICION DE BIENES Y SERVICIOS,ADQUISICIONES DIFERENTES DE ACTIVOS,ADQUISICION DE SERVICIOS,"COMERCIO Y DISTRIBUCION; ALOJAMIENTO; SERVICIOS DE SUMINISTRO DE COMIDAS Y BEBIDAS; SERVICIOS DE TRANSPORTE; Y SERVICIOS DE DISTRIBUCION DE ELECTRICIDAD, GAS Y AGUA",No Aplica,No Aplica,No Aplica,No Aplica,VIGENCIA ACTUAL,ENTIDADES DIFERENTES A ENTIDADES TERRITORIALES - GESTION GENERAL,NO DEFINIDO,NO DEFINIDO,NO APLICA,6500000.0,12000000.0,2022,Primer Trimestre,,,,,,,,,,,,,,,,,,,,,,
1223780,20230301,220115276,E.S.E. Centro de Salud - Floresta,2.1.1.01.02,CONTRIBUCIONES INHERENTES A LA NOMINA,GASTOS,FUNCIONAMIENTO,GASTOS DE PERSONAL,PLANTA DE PERSONAL PERMANENTE,CONTRIBUCIONES INHERENTES A LA NOMINA,No Aplica,No Aplica,No Aplica,No Aplica,No Aplica,VIGENCIA ACTUAL,ENTIDADES TERRITORIALES - SALUD,NO DEFINIDO,NO DEFINIDO,NO DEFINIDO,32300500.0,32300500.0,2023,Primer Trimestre,,,,,,,,,,,,,,,,,,,,,,
1225372,20220301,220115276,E.S.E. Centro de Salud - Floresta,2.1.1.01.02.006,APORTES AL ICBF,GASTOS,FUNCIONAMIENTO,GASTOS DE PERSONAL,PLANTA DE PERSONAL PERMANENTE,CONTRIBUCIONES INHERENTES A LA NOMINA,APORTES AL ICBF,No Aplica,No Aplica,No Aplica,No Aplica,VIGENCIA ACTUAL,ENTIDADES DIFERENTES A ENTIDADES TERRITORIALES - GESTION GENERAL,NO DEFINIDO,NO DEFINIDO,NO APLICA,2192606.0,2192606.0,2022,Primer Trimestre,,,,,,,,,,,,,,,,,,,,,,
1230025,20210901,220115276,E.S.E. Centro de Salud - Floresta,2.1.1.01.03.001.01,VACACIONES,GASTOS,FUNCIONAMIENTO,GASTOS DE PERSONAL,PLANTA DE PERSONAL PERMANENTE,REMUNERACIONES NO CONSTITUTIVAS DE FACTOR SALARIAL,PRESTACIONES SOCIALES,VACACIONES,No Aplica,No Aplica,No Aplica,VIGENCIA ACTUAL,ENTIDADES TERRITORIALES - SALUD,NO DEFINIDO,NO DEFINIDO,NO APLICA,8650941.0,8650941.0,2021,Tercer Trimestre,,,,,,,,,,,,,,,,,,,,,,
1230108,20210601,220115276,E.S.E. Centro de Salud - Floresta,2.1.1.01.03,REMUNERACIONES NO CONSTITUTIVAS DE FACTOR SALARIAL,GASTOS,FUNCIONAMIENTO,GASTOS DE PERSONAL,PLANTA DE PERSONAL PERMANENTE,REMUNERACIONES NO CONSTITUTIVAS DE FACTOR SALARIAL,No Aplica,No Aplica,No Aplica,No Aplica,No Aplica,VIGENCIA ACTUAL,ENTIDADES DIFERENTES A ENTIDADES TERRITORIALES - UNIDAD DE SALUD,NO DEFINIDO,NO DEFINIDO,NO DEFINIDO,14853914.0,14853914.0,2021,Segundo Trimestre,,,,,,,,,,,,,,,,,,,,,,
1232828,20230601,220115276,E.S.E. Centro de Salud - Floresta,2.4.1.01.01.001.08.01,PRIMA DE NAVIDAD,GASTOS,GASTOS DE OPERACION COMERCIAL,GASTOS DE PERSONAL,PLANTA DE PERSONAL PERMANENTE,FACTORES CONSTITUTIVOS DE SALARIO,FACTORES SALARIALES COMUNES,PRESTACIONES SOCIALES,PRIMA DE NAVIDAD,No Aplica,No Aplica,VIGENCIA ACTUAL,ENTIDADES DIFERENTES A ENTIDADES TERRITORIALES - UNIDAD DE SALUD,NO DEFINIDO,NO DEFINIDO,NO APLICA,4160786.0,4160786.0,2023,Segundo Trimestre,,,,,,,,,,,,,,,,,,,,,,
1233267,20220601,220115276,E.S.E. Centro de Salud - Floresta,2.1.2.01.01.001,EDIFICACIONES Y ESTRUCTURAS,GASTOS,FUNCIONAMIENTO,ADQUISICION DE BIENES Y SERVICIOS,ADQUISICION DE ACTIVOS NO FINANCIEROS,ACTIVOS FIJOS,EDIFICACIONES Y ESTRUCTURAS,No Aplica,No Aplica,No Aplica,No Aplica,VIGENCIA ACTUAL,ENTIDADES DIFERENTES A ENTIDADES TERRITORIALES - GESTION GENERAL,NO DEFINIDO,NO DEFINIDO,NO DEFINIDO,3000000.0,3000000.0,2022,Segundo Trimestre,,,,,,,,,,,,,,,,,,,,,,
1235110,20221201,220115276,E.S.E. Centro de Salud - Floresta,2.1.2.02.02.008,SERVICIOS PRESTADOS A LAS EMPRESAS Y SERVICIOS DE PRODUCCION,GASTOS,FUNCIONAMIENTO,ADQUISICION DE BIENES Y SERVICIOS,ADQUISICIONES DIFERENTES DE ACTIVOS,ADQUISICION DE SERVICIOS,SERVICIOS PRESTADOS A LAS EMPRESAS Y SERVICIOS DE PRODUCCION,No Aplica,No Aplica,No Aplica,No Aplica,VIGENCIA ACTUAL,ENTIDADES DIFERENTES A ENTIDADES TERRITORIALES - GESTION GENERAL,NO DEFINIDO,NO DEFINIDO,NO APLICA,77900000.0,173885574.0,2022,Cuarto Trimestre,,,,,,,,,,,,,,,,,,,,,,
1235782,20230301,220115276,E.S.E. Centro de Salud - Floresta,2.4.1.01.01.001.08.02,PRIMA DE VACACIONES,GASTOS,GASTOS DE OPERACION COMERCIAL,GASTOS DE PERSONAL,PLANTA DE PERSONAL PERMANENTE,FACTORES CONSTITUTIVOS DE SALARIO,FACTORES SALARIALES COMUNES,PRESTACIONES SOCIALES,PRIMA DE VACACIONES,No Aplica,No Aplica,VIGENCIA ACTUAL,ENTIDADES TERRITORIALES - SALUD,NO DEFINIDO,NO DEFINIDO,NO APLICA,7277178.0,7277178.0,2023,Primer Trimestre,,,,,,,,,,,,,,,,,,,,,,
1236180,20210901,220115276,E.S.E. Centro de Salud - Floresta,2.1.3.13.01,FALLOS NACIONALES,GASTOS,FUNCIONAMIENTO,TRANSFERENCIAS CORRIENTES,SENTENCIAS Y CONCILIACIONES,FALLOS NACIONALES,No Aplica,No Aplica,No Aplica,No Aplica,No Aplica,VIGENCIA ACTUAL,ENTIDADES TERRITORIALES - SALUD,NO DEFINIDO,NO DEFINIDO,NO DEFINIDO,1400000.0,1400000.0,2021,Tercer Trimestre,,,,,,,,,,,,,,,,,,,,,,
1237419,20220301,220115276,E.S.E. Centro de Salud - Floresta,2.1.1,GASTOS DE PERSONAL,GASTOS,FUNCIONAMIENTO,GASTOS DE PERSONAL,No Aplica,No Aplica,No Aplica,No Aplica,No Aplica,No Aplica,No Aplica,VIGENCIA ACTUAL,ENTIDADES DIFERENTES A ENTIDADES TERRITORIALES - GESTION GENERAL,NO DEFINIDO,NO DEFINIDO,NO DEFINIDO,100602042.0,90702042.0,2022,Primer Trimestre,,,,,,,,,,,,,,,,,,,,,,
1243580,20220601,220115276,E.S.E. Centro de Salud - Floresta,2.1.1.01.02.005,APORTES GENERALES AL SISTEMA DE RIESGOS LABORALES,GASTOS,FUNCIONAMIENTO,GASTOS DE PERSONAL,PLANTA DE PERSONAL PERMANENTE,CONTRIBUCIONES INHERENTES A LA NOMINA,APORTES GENERALES AL SISTEMA DE RIESGOS LABORALES,No Aplica,No Aplica,No Aplica,No Aplica,VIGENCIA ACTUAL,ENTIDADES DIFERENTES A ENTIDADES TERRITORIALES - GESTION GENERAL,NO DEFINIDO,NO DEFINIDO,NO APLICA,1345936.0,1345936.0,2022,Segundo Trimestre,,,,,,,,,,,,,,,,,,,,,,
1243672,20220601,220115276,E.S.E. Centro de Salud - Floresta,2.1.1.01.03.001.02,INDEMNIZACION POR VACACIONES,GASTOS,FUNCIONAMIENTO,GASTOS DE PERSONAL,PLANTA DE PERSONAL PERMANENTE,REMUNERACIONES NO CONSTITUTIVAS DE FACTOR SALARIAL,PRESTACIONES SOCIALES,INDEMNIZACION POR VACACIONES,No Aplica,No Aplica,No Aplica,VIGENCIA ACTUAL,ENTIDADES DIFERENTES A ENTIDADES TERRITORIALES - GESTION GENERAL,NO DEFINIDO,NO DEFINIDO,NO APLICA,4625787.0,4625787.0,2022,Segundo Trimestre,,,,,,,,,,,,,,,,,,,,,,
1246369,20211201,220115276,E.S.E. Centro de Salud - Floresta,2.1.8,"GASTOS POR TRIBUTOS, TASAS, CONTRIBUCIONES, MULTAS, SANCIONES E INTERESES DE MORA",GASTOS,FUNCIONAMIENTO,"GASTOS POR TRIBUTOS, TASAS, CONTRIBUCIONES, MULTAS, SANCIONES E INTERESES DE MORA",No Aplica,No Aplica,No Aplica,No Aplica,No Aplica,No Aplica,No Aplica,VIGENCIA ACTUAL,ENTIDADES TERRITORIALES - SALUD,NO DEFINIDO,NO DEFINIDO,NO DEFINIDO,600000.0,600000.0,2021,Cuarto Trimestre,,,,,,,,,,,,,,,,,,,,,,
1251512,20220301,220115276,E.S.E. Centro de Salud - Floresta,2.4.1.01.01.001.07,BONIFICACION POR SERVICIOS PRESTADOS,GASTOS,GASTOS DE OPERACION COMERCIAL,GASTOS DE PERSONAL,PLANTA DE PERSONAL PERMANENTE,FACTORES CONSTITUTIVOS DE SALARIO,FACTORES SALARIALES COMUNES,BONIFICACION POR SERVICIOS PRESTADOS,No Aplica,No Aplica,No Aplica,VIGENCIA ACTUAL,ENTIDADES DIFERENTES A ENTIDADES TERRITORIALES - GESTION GENERAL,NO DEFINIDO,NO DEFINIDO,NO APLICA,662203.0,662203.0,2022,Primer Trimestre,,,,,,,,,,,,,,,,,,,,,,
1252158,20221201,220115276,E.S.E. Centro de Salud - Floresta,2.4.1.01.01.001.10,VIATICOS DE LOS FUNCIONARIOS EN COMISION,GASTOS,GASTOS DE OPERACION COMERCIAL,GASTOS DE PERSONAL,PLANTA DE PERSONAL PERMANENTE,FACTORES CONSTITUTIVOS DE SALARIO,FACTORES SALARIALES COMUNES,VIATICOS DE LOS FUNCIONARIOS EN COMISION,No Aplica,No Aplica,No Aplica,VIGENCIA ACTUAL,ENTIDADES DIFERENTES A ENTIDADES TERRITORIALES - GESTION GENERAL,NO DEFINIDO,NO DEFINIDO,NO APLICA,2000000.0,3776091.0,2022,Cuarto Trimestre,,,,,,,,,,,,,,,,,,,,,,
1256533,20211201,220115276,E.S.E. Centro de Salud - Floresta,2.1.1.01.01,FACTORES CONSTITUTIVOS DE SALARIO,GASTOS,FUNCIONAMIENTO,GASTOS DE PERSONAL,PLANTA DE PERSONAL PERMANENTE,FACTORES CONSTITUTIVOS DE SALARIO,No Aplica,No Aplica,No Aplica,No Aplica,No Aplica,VIGENCIA ACTUAL,ENTIDADES TERRITORIALES - SALUD,NO DEFINIDO,NO DEFINIDO,NO DEFINIDO,238297962.0,248274206.0,2021,Cuarto Trimestre,,,,,,,,,,,,,,,,,,,,,,
1258624,20220601,220115276,E.S.E. Centro de Salud - Floresta,2.1.1.01.02.007,APORTES AL SENA,GASTOS,FUNCIONAMIENTO,GASTOS DE PERSONAL,PLANTA DE PERSONAL PERMANENTE,CONTRIBUCIONES INHERENTES A LA NOMINA,APORTES AL SENA,No Aplica,No Aplica,No Aplica,No Aplica,VIGENCIA ACTUAL,ENTIDADES DIFERENTES A ENTIDADES TERRITORIALES - GESTION GENERAL,NO DEFINIDO,NO DEFINIDO,NO APLICA,1461737.0,1461737.0,2022,Segundo Trimestre,,,,,,,,,,,,,,,,,,,,,,
1262347,20230301,220115276,E.S.E. Centro de Salud - Floresta,2.4.1.01.01.001.08,PRESTACIONES SOCIALES,GASTOS,GASTOS DE OPERACION COMERCIAL,GASTOS DE PERSONAL,PLANTA DE PERSONAL PERMANENTE,FACTORES CONSTITUTIVOS DE SALARIO,FACTORES SALARIALES COMUNES,PRESTACIONES SOCIALES,No Aplica,No Aplica,No Aplica,VIGENCIA ACTUAL,ENTIDADES TERRITORIALES - SALUD,NO DEFINIDO,NO DEFINIDO,NO DEFINIDO,11437964.0,11437964.0,2023,Primer Trimestre,,,,,,,,,,,,,,,,,,,,,,
1262536,20230601,220115276,E.S.E. Centro de Salud - Floresta,2.1.1.01.03,REMUNERACIONES NO CONSTITUTIVAS DE FACTOR SALARIAL,GASTOS,FUNCIONAMIENTO,GASTOS DE PERSONAL,PLANTA DE PERSONAL PERMANENTE,REMUNERACIONES NO CONSTITUTIVAS DE FACTOR SALARIAL,No Aplica,No Aplica,No Aplica,No Aplica,No Aplica,VIGENCIA ACTUAL,ENTIDADES DIFERENTES A ENTIDADES TERRITORIALES - UNIDAD DE SALUD,NO DEFINIDO,NO DEFINIDO,NO DEFINIDO,6333023.0,6333023.0,2023,Segundo Trimestre,,,,,,,,,,,,,,,,,,,,,,
1267051,20210301,220115276,E.S.E. Centro de Salud - Floresta,2.1.1.01.01.001,FACTORES SALARIALES COMUNES,GASTOS,FUNCIONAMIENTO,GASTOS DE PERSONAL,PLANTA DE PERSONAL PERMANENTE,FACTORES CONSTITUTIVOS DE SALARIO,FACTORES SALARIALES COMUNES,No Aplica,No Aplica,No Aplica,No Aplica,VIGENCIA ACTUAL,ENTIDADES DIFERENTES A ENTIDADES TERRITORIALES - UNIDAD DE SALUD,NO DEFINIDO,NO DEFINIDO,NO DEFINIDO,238297962.0,238297962.0,2021,Primer Trimestre,,,,,,,,,,,,,,,,,,,,,,
1267211,20210601,220115276,E.S.E. Centro de Salud - Floresta,2.1.1.01.01.001.01,SUELDO BASICO,GASTOS,FUNCIONAMIENTO,GASTOS DE PERSONAL,PLANTA DE PERSONAL PERMANENTE,FACTORES CONSTITUTIVOS DE SALARIO,FACTORES SALARIALES COMUNES,SUELDO BASICO,No Aplica,No Aplica,No Aplica,VIGENCIA ACTUAL,ENTIDADES DIFERENTES A ENTIDADES TERRITORIALES - UNIDAD DE SALUD,NO DEFINIDO,NO DEFINIDO,SALUD Y PROTECCION SOCIAL,196116210.0,178116210.0,2021,Segundo Trimestre,,,,,,,,,,,,,,,,,,,,,,
1267785,20220601,220115276,E.S.E. Centro de Salud - Floresta,2.1.1.01.01.001.04,SUBSIDIO DE ALIMENTACION,GASTOS,FUNCIONAMIENTO,GASTOS DE PERSONAL,PLANTA DE PERSONAL PERMANENTE,FACTORES CONSTITUTIVOS DE SALARIO,FACTORES SALARIALES COMUNES,SUBSIDIO DE ALIMENTACION,No Aplica,No Aplica,No Aplica,VIGENCIA ACTUAL,ENTIDADES DIFERENTES A ENTIDADES TERRITORIALES - GESTION GENERAL,NO DEFINIDO,NO DEFINIDO,NO APLICA,1864000.0,2154996.0,2022,Segundo Trimestre,,,,,,,,,,,,,,,,,,,,,,
1269168,20211201,220115276,E.S.E. Centro de Salud - Floresta,2.1.1.01.01.001,FACTORES SALARIALES COMUNES,GASTOS,FUNCIONAMIENTO,GASTOS DE PERSONAL,PLANTA DE PERSONAL PERMANENTE,FACTORES CONSTITUTIVOS DE SALARIO,FACTORES SALARIALES COMUNES,No Aplica,No Aplica,No Aplica,No Aplica,VIGENCIA ACTUAL,ENTIDADES TERRITORIALES - SALUD,NO DEFINIDO,NO DEFINIDO,NO DEFINIDO,238297962.0,248274206.0,2021,Cuarto Trimestre,,,,,,,,,,,,,,,,,,,,,,
1269539,20211201,220115276,E.S.E. Centro de Salud - Floresta,2.1.1.01.02.001,APORTES A LA SEGURIDAD SOCIAL EN PENSIONES,GASTOS,FUNCIONAMIENTO,GASTOS DE PERSONAL,PLANTA DE PERSONAL PERMANENTE,CONTRIBUCIONES INHERENTES A LA NOMINA,APORTES A LA SEGURIDAD SOCIAL EN PENSIONES,No Aplica,No Aplica,No Aplica,No Aplica,VIGENCIA ACTUAL,ENTIDADES TERRITORIALES - SALUD,NO DEFINIDO,NO DEFINIDO,SALUD Y PROTECCION SOCIAL,26467641.0,26467641.0,2021,Cuarto Trimestre,,,,,,,,,,,,,,,,,,,,,,
1272754,20220901,220115276,E.S.E. Centro de Salud - Floresta,2.1.1.01.02.004,APORTES A CAJAS DE COMPENSACION FAMILIAR,GASTOS,FUNCIONAMIENTO,GASTOS DE PERSONAL,PLANTA DE PERSONAL PERMANENTE,CONTRIBUCIONES INHERENTES A LA NOMINA,APORTES A CAJAS DE COMPENSACION FAMILIAR,No Aplica,No Aplica,No Aplica,No Aplica,VIGENCIA ACTUAL,ENTIDADES DIFERENTES A ENTIDADES TERRITORIALES - GESTION GENERAL,NO DEFINIDO,NO DEFINIDO,NO APLICA,2923475.0,2923475.0,2022,Tercer Trimestre,,,,,,,,,,,,,,,,,,,,,,
1274514,20210301,220115276,E.S.E. Centro de Salud - Floresta,2.1.1.01.01.001.08,PRESTACIONES SOCIALES,GASTOS,FUNCIONAMIENTO,GASTOS DE PERSONAL,PLANTA DE PERSONAL PERMANENTE,FACTORES CONSTITUTIVOS DE SALARIO,FACTORES SALARIALES COMUNES,PRESTACIONES SOCIALES,No Aplica,No Aplica,No Aplica,VIGENCIA ACTUAL,ENTIDADES DIFERENTES A ENTIDADES TERRITORIALES - UNIDAD DE SALUD,NO DEFINIDO,NO DEFINIDO,NO DEFINIDO,17774785.0,17774785.0,2021,Primer Trimestre,,,,,,,,,,,,,,,,,,,,,,
1274868,20230301,220115276,E.S.E. Centro de Salud - Floresta,2.4.1.01.01.001.08.01,PRIMA DE NAVIDAD,GASTOS,GASTOS DE OPERACION COMERCIAL,GASTOS DE PERSONAL,PLANTA DE PERSONAL PERMANENTE,FACTORES CONSTITUTIVOS DE SALARIO,FACTORES SALARIALES COMUNES,PRESTACIONES SOCIALES,PRIMA DE NAVIDAD,No Aplica,No Aplica,VIGENCIA ACTUAL,ENTIDADES TERRITORIALES - SALUD,NO DEFINIDO,NO DEFINIDO,NO APLICA,4160786.0,4160786.0,2023,Primer Trimestre,,,,,,,,,,,,,,,,,,,,,,
1274972,20210901,220115276,E.S.E. Centro de Salud - Floresta,2.1.1.01.01.001.01,SUELDO BASICO,GASTOS,FUNCIONAMIENTO,GASTOS DE PERSONAL,PLANTA DE PERSONAL PERMANENTE,FACTORES CONSTITUTIVOS DE SALARIO,FACTORES SALARIALES COMUNES,SUELDO BASICO,No Aplica,No Aplica,No Aplica,VIGENCIA ACTUAL,ENTIDADES TERRITORIALES - SALUD,NO DEFINIDO,NO DEFINIDO,SALUD Y PROTECCION SOCIAL,196116210.0,143116210.0,2021,Tercer Trimestre,,,,,,,,,,,,,,,,,,,,,,
1281604,20211201,220115276,E.S.E. Centro de Salud - Floresta,2.1.2.02.02,ADQUISICION DE SERVICIOS,GASTOS,FUNCIONAMIENTO,ADQUISICION DE BIENES Y SERVICIOS,ADQUISICIONES DIFERENTES DE ACTIVOS,ADQUISICION DE SERVICIOS,No Aplica,No Aplica,No Aplica,No Aplica,No Aplica,VIGENCIA ACTUAL,ENTIDADES TERRITORIALES - SALUD,NO DEFINIDO,NO DEFINIDO,NO DEFINIDO,185557462.0,487460859.0,2021,Cuarto Trimestre,,,,,,,,,,,,,,,,,,,,,,
1283354,20220601,220115276,E.S.E. Centro de Salud - Floresta,2.1.1.01.01.001.01,SUELDO BASICO,GASTOS,FUNCIONAMIENTO,GASTOS DE PERSONAL,PLANTA DE PERSONAL PERMANENTE,FACTORES CONSTITUTIVOS DE SALARIO,FACTORES SALARIALES COMUNES,SUELDO BASICO,No Aplica,No Aplica,No Aplica,VIGENCIA ACTUAL,ENTIDADES DIFERENTES A ENTIDADES TERRITORIALES - GESTION GENERAL,NO DEFINIDO,NO DEFINIDO,NO APLICA,56049825.0,68770725.0,2022,Segundo Trimestre,,,,,,,,,,,,,,,,,,,,,,
1284247,20230601,220115276,E.S.E. Centro de Salud - Floresta,2.1.1.01.02.007,APORTES AL SENA,GASTOS,FUNCIONAMIENTO,GASTOS DE PERSONAL,PLANTA DE PERSONAL PERMANENTE,CONTRIBUCIONES INHERENTES A LA NOMINA,APORTES AL SENA,No Aplica,No Aplica,No Aplica,No Aplica,VIGENCIA ACTUAL,ENTIDADES DIFERENTES A ENTIDADES TERRITORIALES - UNIDAD DE SALUD,NO DEFINIDO,NO DEFINIDO,NO APLICA,2038326.0,2038326.0,2023,Segundo Trimestre,,,,,,,,,,,,,,,,,,,,,,
1287070,20230601,220115276,E.S.E. Centro de Salud - Floresta,2.1.2.02.01.003,"OTROS BIENES TRANSPORTABLES EXCEPTO PRODUCTOS METALICOS, MAQUINARIA Y EQUIPO",GASTOS,FUNCIONAMIENTO,ADQUISICION DE BIENES Y SERVICIOS,ADQUISICIONES DIFERENTES DE ACTIVOS,MATERIALES Y SUMINISTROS,"OTROS BIENES TRANSPORTABLES EXCEPTO PRODUCTOS METALICOS, MAQUINARIA Y EQUIPO",No Aplica,No Aplica,No Aplica,No Aplica,VIGENCIA ACTUAL,ENTIDADES DIFERENTES A ENTIDADES TERRITORIALES - UNIDAD DE SALUD,NO DEFINIDO,NO DEFINIDO,NO APLICA,6000000.0,27780000.0,2023,Segundo Trimestre,,,,,,,,,,,,,,,,,,,,,,
1287369,20211201,220115276,E.S.E. Centro de Salud - Floresta,2.1.1.01.01.001.06,PRIMA DE SERVICIO,GASTOS,FUNCIONAMIENTO,GASTOS DE PERSONAL,PLANTA DE PERSONAL PERMANENTE,FACTORES CONSTITUTIVOS DE SALARIO,FACTORES SALARIALES COMUNES,PRIMA DE SERVICIO,No Aplica,No Aplica,No Aplica,VIGENCIA ACTUAL,ENTIDADES TERRITORIALES - SALUD,NO DEFINIDO,NO DEFINIDO,SALUD Y PROTECCION SOCIAL,9190155.0,9190155.0,2021,Cuarto Trimestre,,,,,,,,,,,,,,,,,,,,,,
1289174,20220901,220115276,E.S.E. Centro de Salud - Floresta,2.1.1.01.01.001.06,PRIMA DE SERVICIO,GASTOS,FUNCIONAMIENTO,GASTOS DE PERSONAL,PLANTA DE PERSONAL PERMANENTE,FACTORES CONSTITUTIVOS DE SALARIO,FACTORES SALARIALES COMUNES,PRIMA DE SERVICIO,No Aplica,No Aplica,No Aplica,VIGENCIA ACTUAL,ENTIDADES DIFERENTES A ENTIDADES TERRITORIALES - GESTION GENERAL,NO DEFINIDO,NO DEFINIDO,NO APLICA,2896880.0,3296880.0,2022,Tercer Trimestre,,,,,,,,,,,,,,,,,,,,,,
1289189,20210601,220115276,E.S.E. Centro de Salud - Floresta,2.1.1.01.02.002,APORTES A LA SEGURIDAD SOCIAL EN SALUD,GASTOS,FUNCIONAMIENTO,GASTOS DE PERSONAL,PLANTA DE PERSONAL PERMANENTE,CONTRIBUCIONES INHERENTES A LA NOMINA,APORTES A LA SEGURIDAD SOCIAL EN SALUD,No Aplica,No Aplica,No Aplica,No Aplica,VIGENCIA ACTUAL,ENTIDADES DIFERENTES A ENTIDADES TERRITORIALES - UNIDAD DE SALUD,NO DEFINIDO,NO DEFINIDO,NO APLICA,18747912.0,18747912.0,2021,Segundo Trimestre,,,,,,,,,,,,,,,,,,,,,,
1291298,20220601,220115276,E.S.E. Centro de Salud - Floresta,2.1.2.02.02.007,SERVICIOS FINANCIEROS Y SERVICIOS CONEXOS; SERVICIOS INMOBILIARIOS; Y SERVICIOS DE ARRENDAMIENTO Y LEASING,GASTOS,FUNCIONAMIENTO,ADQUISICION DE BIENES Y SERVICIOS,ADQUISICIONES DIFERENTES DE ACTIVOS,ADQUISICION DE SERVICIOS,SERVICIOS FINANCIEROS Y SERVICIOS CONEXOS; SERVICIOS INMOBILIARIOS; Y SERVICIOS DE ARRENDAMIENTO Y LEASING,No Aplica,No Aplica,No Aplica,No Aplica,VIGENCIA ACTUAL,ENTIDADES DIFERENTES A ENTIDADES TERRITORIALES - GESTION GENERAL,NO DEFINIDO,NO DEFINIDO,NO APLICA,15000000.0,12500000.0,2022,Segundo Trimestre,,,,,,,,,,,,,,,,,,,,,,
1293653,20221201,220115276,E.S.E. Centro de Salud - Floresta,2.1.2.01,ADQUISICION DE ACTIVOS NO FINANCIEROS,GASTOS,FUNCIONAMIENTO,ADQUISICION DE BIENES Y SERVICIOS,ADQUISICION DE ACTIVOS NO FINANCIEROS,No Aplica,No Aplica,No Aplica,No Aplica,No Aplica,No Aplica,VIGENCIA ACTUAL,ENTIDADES DIFERENTES A ENTIDADES TERRITORIALES - GESTION GENERAL,NO DEFINIDO,NO DEFINIDO,NO DEFINIDO,17000000.0,36600000.0,2022,Cuarto Trimestre,,,,,,,,,,,,,,,,,,,,,,
1295066,20230301,220115276,E.S.E. Centro de Salud - Floresta,2.4.1.01.03.001.01,VACACIONES,GASTOS,GASTOS DE OPERACION COMERCIAL,GASTOS DE PERSONAL,PLANTA DE PERSONAL PERMANENTE,REMUNERACIONES NO CONSTITUTIVAS DE FACTOR SALARIAL,PRESTACIONES SOCIALES,VACACIONES,No Aplica,No Aplica,No Aplica,VIGENCIA ACTUAL,ENTIDADES TERRITORIALES - SALUD,NO DEFINIDO,NO DEFINIDO,NO APLICA,10199615.0,10199615.0,2023,Primer Trimestre,,,,,,,,,,,,,,,,,,,,,,
1299913,20220901,220115276,E.S.E. Centro de Salud - Floresta,2.4.1,GASTOS DE PERSONAL,GASTOS,GASTOS DE OPERACION COMERCIAL,GASTOS DE PERSONAL,No Aplica,No Aplica,No Aplica,No Aplica,No Aplica,No Aplica,No Aplica,VIGENCIA ACTUAL,ENTIDADES DIFERENTES A ENTIDADES TERRITORIALES - GESTION GENERAL,NO DEFINIDO,NO DEFINIDO,NO DEFINIDO,194623959.0,251637841.0,2022,Tercer Trimestre,,,,,,,,,,,,,,,,,,,,,,
1302180,20220901,220115276,E.S.E. Centro de Salud - Floresta,2.4.1.01.02.007,APORTES AL SENA,GASTOS,GASTOS DE OPERACION COMERCIAL,GASTOS DE PERSONAL,PLANTA DE PERSONAL PERMANENTE,CONTRIBUCIONES INHERENTES A LA NOMINA,APORTES AL SENA,No Aplica,No Aplica,No Aplica,No Aplica,VIGENCIA ACTUAL,ENTIDADES DIFERENTES A ENTIDADES TERRITORIALES - GESTION GENERAL,NO DEFINIDO,NO DEFINIDO,NO APLICA,3146945.0,3146945.0,2022,Tercer Trimestre,,,,,,,,,,,,,,,,,,,,,,
1308556,20220601,220115276,E.S.E. Centro de Salud - Floresta,2.1.2.01.01.003.03.02,"MAQUINARIA DE INFORMATICA Y SUS PARTES, PIEZAS Y ACCESORIOS",GASTOS,FUNCIONAMIENTO,ADQUISICION DE BIENES Y SERVICIOS,ADQUISICION DE ACTIVOS NO FINANCIEROS,ACTIVOS FIJOS,MAQUINARIA Y EQUIPO,"MAQUINARIA DE OFICINA, CONTABILIDAD E INFORMATICA","MAQUINARIA DE INFORMATICA Y SUS PARTES, PIEZAS Y ACCESORIOS",No Aplica,No Aplica,VIGENCIA ACTUAL,ENTIDADES DIFERENTES A ENTIDADES TERRITORIALES - GESTION GENERAL,NO DEFINIDO,NO DEFINIDO,NO APLICA,1500000.0,1500000.0,2022,Segundo Trimestre,,,,,,,,,,,,,,,,,,,,,,
1309538,20210601,220115276,E.S.E. Centro de Salud - Floresta,2.1.1.01.01.001,FACTORES SALARIALES COMUNES,GASTOS,FUNCIONAMIENTO,GASTOS DE PERSONAL,PLANTA DE PERSONAL PERMANENTE,FACTORES CONSTITUTIVOS DE SALARIO,FACTORES SALARIALES COMUNES,No Aplica,No Aplica,No Aplica,No Aplica,VIGENCIA ACTUAL,ENTIDADES DIFERENTES A ENTIDADES TERRITORIALES - UNIDAD DE SALUD,NO DEFINIDO,NO DEFINIDO,NO DEFINIDO,238297962.0,220297962.0,2021,Segundo Trimestre,,,,,,,,,,,,,,,,,,,,,,
1309734,20210901,220115276,E.S.E. Centro de Salud - Floresta,2.1.1.01.01.001.07,BONIFICACION POR SERVICIOS PRESTADOS,GASTOS,FUNCIONAMIENTO,GASTOS DE PERSONAL,PLANTA DE PERSONAL PERMANENTE,FACTORES CONSTITUTIVOS DE SALARIO,FACTORES SALARIALES COMUNES,BONIFICACION POR SERVICIOS PRESTADOS,No Aplica,No Aplica,No Aplica,VIGENCIA ACTUAL,ENTIDADES TERRITORIALES - SALUD,NO DEFINIDO,NO DEFINIDO,NO APLICA,8266618.0,8266618.0,2021,Tercer Trimestre,,,,,,,,,,,,,,,,,,,,,,
1310852,20230601,220115276,E.S.E. Centro de Salud - Floresta,2.1.2.02,ADQUISICIONES DIFERENTES DE ACTIVOS,GASTOS,FUNCIONAMIENTO,ADQUISICION DE BIENES Y SERVICIOS,ADQUISICIONES DIFERENTES DE ACTIVOS,No Aplica,No Aplica,No Aplica,No Aplica,No Aplica,No Aplica,VIGENCIA ACTUAL,ENTIDADES DIFERENTES A ENTIDADES TERRITORIALES - UNIDAD DE SALUD,NO DEFINIDO,NO DEFINIDO,NO DEFINIDO,146100000.0,303053764.0,2023,Segundo Trimestre,,,,,,,,,,,,,,,,,,,,,,
1318727,20220901,220115276,E.S.E. Centro de Salud - Floresta,2.4.1.01,PLANTA DE PERSONAL PERMANENTE,GASTOS,GASTOS DE OPERACION COMERCIAL,GASTOS DE PERSONAL,PLANTA DE PERSONAL PERMANENTE,No Aplica,No Aplica,No Aplica,No Aplica,No Aplica,No Aplica,VIGENCIA ACTUAL,ENTIDADES DIFERENTES A ENTIDADES TERRITORIALES - GESTION GENERAL,NO DEFINIDO,NO DEFINIDO,NO DEFINIDO,194623959.0,251637841.0,2022,Tercer Trimestre,,,,,,,,,,,,,,,,,,,,,,
1319723,20211201,220115276,E.S.E. Centro de Salud - Floresta,2.1.8.03,TASAS Y DERECHOS ADMINISTRATIVOS,GASTOS,FUNCIONAMIENTO,"GASTOS POR TRIBUTOS, TASAS, CONTRIBUCIONES, MULTAS, SANCIONES E INTERESES DE MORA",TASAS Y DERECHOS ADMINISTRATIVOS,No Aplica,No Aplica,No Aplica,No Aplica,No Aplica,No Aplica,VIGENCIA ACTUAL,ENTIDADES TERRITORIALES - SALUD,NO DEFINIDO,NO DEFINIDO,SALUD Y PROTECCION SOCIAL,600000.0,600000.0,2021,Cuarto Trimestre,,,,,,,,,,,,,,,,,,,,,,
1325338,20221201,220115276,E.S.E. Centro de Salud - Floresta,2.1.8,"GASTOS POR TRIBUTOS, TASAS, CONTRIBUCIONES, MULTAS, SANCIONES E INTERESES DE MORA",GASTOS,FUNCIONAMIENTO,"GASTOS POR TRIBUTOS, TASAS, CONTRIBUCIONES, MULTAS, SANCIONES E INTERESES DE MORA",No Aplica,No Aplica,No Aplica,No Aplica,No Aplica,No Aplica,No Aplica,VIGENCIA ACTUAL,ENTIDADES DIFERENTES A ENTIDADES TERRITORIALES - GESTION GENERAL,NO DEFINIDO,NO DEFINIDO,NO DEFINIDO,850000.0,850000.0,2022,Cuarto Trimestre,,,,,,,,,,,,,,,,,,,,,,
1325369,20220601,220115276,E.S.E. Centro de Salud - Floresta,2.1.2.02.02.005,CONSTRUCCION Y SERVICIOS DE LA CONSTRUCCION,GASTOS,FUNCIONAMIENTO,ADQUISICION DE BIENES Y SERVICIOS,ADQUISICIONES DIFERENTES DE ACTIVOS,ADQUISICION DE SERVICIOS,CONSTRUCCION Y SERVICIOS DE LA CONSTRUCCION,No Aplica,No Aplica,No Aplica,No Aplica,VIGENCIA ACTUAL,ENTIDADES DIFERENTES A ENTIDADES TERRITORIALES - GESTION GENERAL,NO DEFINIDO,NO DEFINIDO,NO APLICA,4000000.0,4000000.0,2022,Segundo Trimestre,,,,,,,,,,,,,,,,,,,,,,
1332242,20220601,220115276,E.S.E. Centro de Salud - Floresta,2.1.1.01.02.002,APORTES A LA SEGURIDAD SOCIAL EN SALUD,GASTOS,FUNCIONAMIENTO,GASTOS DE PERSONAL,PLANTA DE PERSONAL PERMANENTE,CONTRIBUCIONES INHERENTES A LA NOMINA,APORTES A LA SEGURIDAD SOCIAL EN SALUD,No Aplica,No Aplica,No Aplica,No Aplica,VIGENCIA ACTUAL,ENTIDADES DIFERENTES A ENTIDADES TERRITORIALES - GESTION GENERAL,NO DEFINIDO,NO DEFINIDO,NO APLICA,4720229.0,4720229.0,2022,Segundo Trimestre,,,,,,,,,,,,,,,,,,,,,,
1338240,20230601,220115276,E.S.E. Centro de Salud - Floresta,2.1.1.01.01.001.06,PRIMA DE SERVICIO,GASTOS,FUNCIONAMIENTO,GASTOS DE PERSONAL,PLANTA DE PERSONAL PERMANENTE,FACTORES CONSTITUTIVOS DE SALARIO,FACTORES SALARIALES COMUNES,PRIMA DE SERVICIO,No Aplica,No Aplica,No Aplica,VIGENCIA ACTUAL,ENTIDADES DIFERENTES A ENTIDADES TERRITORIALES - UNIDAD DE SALUD,NO DEFINIDO,NO DEFINIDO,NO APLICA,7108853.0,7108853.0,2023,Segundo Trimestre,,,,,,,,,,,,,,,,,,,,,,
1339247,20220901,220115276,E.S.E. Centro de Salud - Floresta,2.1.2.01.01.001.02,EDIFICACIONES DISTINTAS A VIVIENDAS,GASTOS,FUNCIONAMIENTO,ADQUISICION DE BIENES Y SERVICIOS,ADQUISICION DE ACTIVOS NO FINANCIEROS,ACTIVOS FIJOS,EDIFICACIONES Y ESTRUCTURAS,EDIFICACIONES DISTINTAS A VIVIENDAS,No Aplica,No Aplica,No Aplica,VIGENCIA ACTUAL,ENTIDADES DIFERENTES A ENTIDADES TERRITORIALES - GESTION GENERAL,NO DEFINIDO,NO DEFINIDO,NO DEFINIDO,3000000.0,3000000.0,2022,Tercer Trimestre,,,,,,,,,,,,,,,,,,,,,,
1341530,20211201,220115276,E.S.E. Centro de Salud - Floresta,2.1.3.13.01,FALLOS NACIONALES,GASTOS,FUNCIONAMIENTO,TRANSFERENCIAS CORRIENTES,SENTENCIAS Y CONCILIACIONES,FALLOS NACIONALES,No Aplica,No Aplica,No Aplica,No Aplica,No Aplica,VIGENCIA ACTUAL,ENTIDADES TERRITORIALES - SALUD,NO DEFINIDO,NO DEFINIDO,NO DEFINIDO,1400000.0,1400000.0,2021,Cuarto Trimestre,,,,,,,,,,,,,,,,,,,,,,
1343088,20210301,220115276,E.S.E. Centro de Salud - Floresta,2.1.2.02.01.003,"OTROS BIENES TRANSPORTABLES EXCEPTO PRODUCTOS METALICOS, MAQUINARIA Y EQUIPO",GASTOS,FUNCIONAMIENTO,ADQUISICION DE BIENES Y SERVICIOS,ADQUISICIONES DIFERENTES DE ACTIVOS,MATERIALES Y SUMINISTROS,"OTROS BIENES TRANSPORTABLES EXCEPTO PRODUCTOS METALICOS, MAQUINARIA Y EQUIPO",No Aplica,No Aplica,No Aplica,No Aplica,VIGENCIA ACTUAL,ENTIDADES DIFERENTES A ENTIDADES TERRITORIALES - UNIDAD DE SALUD,NO DEFINIDO,NO DEFINIDO,NO APLICA,4000000.0,7000000.0,2021,Primer Trimestre,,,,,,,,,,,,,,,,,,,,,,
1346443,20221201,220115276,E.S.E. Centro de Salud - Floresta,2.4.1.01.02.004,APORTES A CAJAS DE COMPENSACION FAMILIAR,GASTOS,GASTOS DE OPERACION COMERCIAL,GASTOS DE PERSONAL,PLANTA DE PERSONAL PERMANENTE,CONTRIBUCIONES INHERENTES A LA NOMINA,APORTES A CAJAS DE COMPENSACION FAMILIAR,No Aplica,No Aplica,No Aplica,No Aplica,VIGENCIA ACTUAL,ENTIDADES DIFERENTES A ENTIDADES TERRITORIALES - GESTION GENERAL,NO DEFINIDO,NO DEFINIDO,NO APLICA,6027430.0,7007430.0,2022,Cuarto Trimestre,,,,,,,,,,,,,,,,,,,,,,
1347923,20220601,220115276,E.S.E. Centro de Salud - Floresta,2.1.3.13.01.001,SENTENCIAS,GASTOS,FUNCIONAMIENTO,TRANSFERENCIAS CORRIENTES,SENTENCIAS Y CONCILIACIONES,FALLOS NACIONALES,SENTENCIAS,No Aplica,No Aplica,No Aplica,No Aplica,VIGENCIA ACTUAL,ENTIDADES DIFERENTES A ENTIDADES TERRITORIALES - GESTION GENERAL,NO DEFINIDO,NO DEFINIDO,NO APLICA,1000000.0,1000000.0,2022,Segundo Trimestre,,,,,,,,,,,,,,,,,,,,,,
1348339,20220301,220115276,E.S.E. Centro de Salud - Floresta,2.1.1.01,PLANTA DE PERSONAL PERMANENTE,GASTOS,FUNCIONAMIENTO,GASTOS DE PERSONAL,PLANTA DE PERSONAL PERMANENTE,No Aplica,No Aplica,No Aplica,No Aplica,No Aplica,No Aplica,VIGENCIA ACTUAL,ENTIDADES DIFERENTES A ENTIDADES TERRITORIALES - GESTION GENERAL,NO DEFINIDO,NO DEFINIDO,NO DEFINIDO,100602042.0,90702042.0,2022,Primer Trimestre,,,,,,,,,,,,,,,,,,,,,,
1348737,20210601,220115276,E.S.E. Centro de Salud - Floresta,2.1.1.01.01.001.08.01,PRIMA DE NAVIDAD,GASTOS,FUNCIONAMIENTO,GASTOS DE PERSONAL,PLANTA DE PERSONAL PERMANENTE,FACTORES CONSTITUTIVOS DE SALARIO,FACTORES SALARIALES COMUNES,PRESTACIONES SOCIALES,PRIMA DE NAVIDAD,No Aplica,No Aplica,VIGENCIA ACTUAL,ENTIDADES DIFERENTES A ENTIDADES TERRITORIALES - UNIDAD DE SALUD,NO DEFINIDO,NO DEFINIDO,NO APLICA,8201708.0,8201708.0,2021,Segundo Trimestre,,,,,,,,,,,,,,,,,,,,,,
1351147,20230301,220115276,E.S.E. Centro de Salud - Floresta,2.4.5.01,MATERIALES Y SUMINISTROS,GASTOS,GASTOS DE OPERACION COMERCIAL,GASTOS DE COMERCIALIZACION Y PRODUCCION,MATERIALES Y SUMINISTROS,No Aplica,No Aplica,No Aplica,No Aplica,No Aplica,No Aplica,VIGENCIA ACTUAL,ENTIDADES TERRITORIALES - SALUD,NO DEFINIDO,NO DEFINIDO,NO DEFINIDO,21000000.0,27000000.0,2023,Primer Trimestre,,,,,,,,,,,,,,,,,,,,,,
1351749,20230301,220115276,E.S.E. Centro de Salud - Floresta,2.1.1.01.02.006,APORTES AL ICBF,GASTOS,FUNCIONAMIENTO,GASTOS DE PERSONAL,PLANTA DE PERSONAL PERMANENTE,CONTRIBUCIONES INHERENTES A LA NOMINA,APORTES AL ICBF,No Aplica,No Aplica,No Aplica,No Aplica,VIGENCIA ACTUAL,ENTIDADES TERRITORIALES - SALUD,NO DEFINIDO,NO DEFINIDO,NO APLICA,3057489.0,3057489.0,2023,Primer Trimestre,,,,,,,,,,,,,,,,,,,,,,
1362145,20210901,220115276,E.S.E. Centro de Salud - Floresta,2,GASTOS,GASTOS,No Aplica,No Aplica,No Aplica,No Aplica,No Aplica,No Aplica,No Aplica,No Aplica,No Aplica,VIGENCIA ACTUAL,ENTIDADES TERRITORIALES - SALUD,NO DEFINIDO,NO DEFINIDO,NO DEFINIDO,530110000.0,832272531.0,2021,Tercer Trimestre,,,,,,,,,,,,,,,,,,,,,,
1364824,20220901,220115276,E.S.E. Centro de Salud - Floresta,2.1.1.01.01.001,FACTORES SALARIALES COMUNES,GASTOS,FUNCIONAMIENTO,GASTOS DE PERSONAL,PLANTA DE PERSONAL PERMANENTE,FACTORES CONSTITUTIVOS DE SALARIO,FACTORES SALARIALES COMUNES,No Aplica,No Aplica,No Aplica,No Aplica,VIGENCIA ACTUAL,ENTIDADES DIFERENTES A ENTIDADES TERRITORIALES - GESTION GENERAL,NO DEFINIDO,NO DEFINIDO,NO DEFINIDO,74343186.0,92381274.0,2022,Tercer Trimestre,,,,,,,,,,,,,,,,,,,,,,
1365494,20221201,220115276,E.S.E. Centro de Salud - Floresta,2.1.1.01.02,CONTRIBUCIONES INHERENTES A LA NOMINA,GASTOS,FUNCIONAMIENTO,GASTOS DE PERSONAL,PLANTA DE PERSONAL PERMANENTE,CONTRIBUCIONES INHERENTES A LA NOMINA,No Aplica,No Aplica,No Aplica,No Aplica,No Aplica,VIGENCIA ACTUAL,ENTIDADES DIFERENTES A ENTIDADES TERRITORIALES - GESTION GENERAL,NO DEFINIDO,NO DEFINIDO,NO DEFINIDO,21347379.0,34010567.0,2022,Cuarto Trimestre,,,,,,,,,,,,,,,,,,,,,,
1368488,20220601,220115276,E.S.E. Centro de Salud - Floresta,2.4.1.01.02.006,APORTES AL ICBF,GASTOS,GASTOS DE OPERACION COMERCIAL,GASTOS DE PERSONAL,PLANTA DE PERSONAL PERMANENTE,CONTRIBUCIONES INHERENTES A LA NOMINA,APORTES AL ICBF,No Aplica,No Aplica,No Aplica,No Aplica,VIGENCIA ACTUAL,ENTIDADES DIFERENTES A ENTIDADES TERRITORIALES - GESTION GENERAL,NO DEFINIDO,NO DEFINIDO,NO APLICA,4720417.0,4720417.0,2022,Segundo Trimestre,,,,,,,,,,,,,,,,,,,,,,
1369560,20220901,220115276,E.S.E. Centro de Salud - Floresta,2.1.2.02.01.002,"PRODUCTOS ALIMENTICIOS, BEBIDAS Y TABACO, TEXTILES, PRENDAS DE VESTIR Y PRODUCTOS DE CUERO",GASTOS,FUNCIONAMIENTO,ADQUISICION DE BIENES Y SERVICIOS,ADQUISICIONES DIFERENTES DE ACTIVOS,MATERIALES Y SUMINISTROS,"PRODUCTOS ALIMENTICIOS, BEBIDAS Y TABACO, TEXTILES, PRENDAS DE VESTIR Y PRODUCTOS DE CUERO",No Aplica,No Aplica,No Aplica,No Aplica,VIGENCIA ACTUAL,ENTIDADES DIFERENTES A ENTIDADES TERRITORIALES - GESTION GENERAL,NO DEFINIDO,NO DEFINIDO,NO APLICA,6000000.0,16803351.0,2022,Tercer Trimestre,,,,,,,,,,,,,,,,,,,,,,
1370043,20220601,220115276,E.S.E. Centro de Salud - Floresta,2.4.1.01.01,FACTORES CONSTITUTIVOS DE SALARIO,GASTOS,GASTOS DE OPERACION COMERCIAL,GASTOS DE PERSONAL,PLANTA DE PERSONAL PERMANENTE,FACTORES CONSTITUTIVOS DE SALARIO,No Aplica,No Aplica,No Aplica,No Aplica,No Aplica,VIGENCIA ACTUAL,ENTIDADES DIFERENTES A ENTIDADES TERRITORIALES - GESTION GENERAL,NO DEFINIDO,NO DEFINIDO,NO DEFINIDO,134303371.0,180366047.0,2022,Segundo Trimestre,,,,,,,,,,,,,,,,,,,,,,
1370430,20220901,220115276,E.S.E. Centro de Salud - Floresta,2.4.1.01.01.001.07,BONIFICACION POR SERVICIOS PRESTADOS,GASTOS,GASTOS DE OPERACION COMERCIAL,GASTOS DE PERSONAL,PLANTA DE PERSONAL PERMANENTE,FACTORES CONSTITUTIVOS DE SALARIO,FACTORES SALARIALES COMUNES,BONIFICACION POR SERVICIOS PRESTADOS,No Aplica,No Aplica,No Aplica,VIGENCIA ACTUAL,ENTIDADES DIFERENTES A ENTIDADES TERRITORIALES - GESTION GENERAL,NO DEFINIDO,NO DEFINIDO,NO APLICA,662203.0,4350273.0,2022,Tercer Trimestre,,,,,,,,,,,,,,,,,,,,,,
1370518,20220301,220115276,E.S.E. Centro de Salud - Floresta,2.4.1.01.01.001.06,PRIMA DE SERVICIO,GASTOS,GASTOS DE OPERACION COMERCIAL,GASTOS DE PERSONAL,PLANTA DE PERSONAL PERMANENTE,FACTORES CONSTITUTIVOS DE SALARIO,FACTORES SALARIALES COMUNES,PRIMA DE SERVICIO,No Aplica,No Aplica,No Aplica,VIGENCIA ACTUAL,ENTIDADES DIFERENTES A ENTIDADES TERRITORIALES - GESTION GENERAL,NO DEFINIDO,NO DEFINIDO,NO APLICA,6386576.0,6386576.0,2022,Primer Trimestre,,,,,,,,,,,,,,,,,,,,,,
1371800,20210601,220115276,E.S.E. Centro de Salud - Floresta,2.1.2.02.02.008,SERVICIOS PRESTADOS A LAS EMPRESAS Y SERVICIOS DE PRODUCCION,GASTOS,FUNCIONAMIENTO,ADQUISICION DE BIENES Y SERVICIOS,ADQUISICIONES DIFERENTES DE ACTIVOS,ADQUISICION DE SERVICIOS,SERVICIOS PRESTADOS A LAS EMPRESAS Y SERVICIOS DE PRODUCCION,No Aplica,No Aplica,No Aplica,No Aplica,VIGENCIA ACTUAL,ENTIDADES DIFERENTES A ENTIDADES TERRITORIALES - UNIDAD DE SALUD,NO DEFINIDO,NO DEFINIDO,NO APLICA,88910000.0,231902943.0,2021,Segundo Trimestre,,,,,,,,,,,,,,,,,,,,,,
1372124,20210601,220115276,E.S.E. Centro de Salud - Floresta,2.1.1.01.03.001.01,VACACIONES,GASTOS,FUNCIONAMIENTO,GASTOS DE PERSONAL,PLANTA DE PERSONAL PERMANENTE,REMUNERACIONES NO CONSTITUTIVAS DE FACTOR SALARIAL,PRESTACIONES SOCIALES,VACACIONES,No Aplica,No Aplica,No Aplica,VIGENCIA ACTUAL,ENTIDADES DIFERENTES A ENTIDADES TERRITORIALES - UNIDAD DE SALUD,NO DEFINIDO,NO DEFINIDO,NO APLICA,8650941.0,8650941.0,2021,Segundo Trimestre,,,,,,,,,,,,,,,,,,,,,,
1372201,20210601,220115276,E.S.E. Centro de Salud - Floresta,2.1.1.01.02.006,APORTES AL ICBF,GASTOS,FUNCIONAMIENTO,GASTOS DE PERSONAL,PLANTA DE PERSONAL PERMANENTE,CONTRIBUCIONES INHERENTES A LA NOMINA,APORTES AL ICBF,No Aplica,No Aplica,No Aplica,No Aplica,VIGENCIA ACTUAL,ENTIDADES DIFERENTES A ENTIDADES TERRITORIALES - UNIDAD DE SALUD,NO DEFINIDO,NO DEFINIDO,NO APLICA,6616910.0,6616910.0,2021,Segundo Trimestre,,,,,,,,,,,,,,,,,,,,,,
1373466,20230301,220115276,E.S.E. Centro de Salud - Floresta,2.4.1.01.01.001.04,SUBSIDIO DE ALIMENTACION,GASTOS,GASTOS DE OPERACION COMERCIAL,GASTOS DE PERSONAL,PLANTA DE PERSONAL PERMANENTE,FACTORES CONSTITUTIVOS DE SALARIO,FACTORES SALARIALES COMUNES,SUBSIDIO DE ALIMENTACION,No Aplica,No Aplica,No Aplica,VIGENCIA ACTUAL,ENTIDADES TERRITORIALES - SALUD,NO DEFINIDO,NO DEFINIDO,NO APLICA,2880864.0,2880864.0,2023,Primer Trimestre,,,,,,,,,,,,,,,,,,,,,,
1380938,20230301,220115276,E.S.E. Centro de Salud - Floresta,2.1.2.01.01.001.02.08,EDIFICIOS RELACIONADOS CON SALUD,GASTOS,FUNCIONAMIENTO,ADQUISICION DE BIENES Y SERVICIOS,ADQUISICION DE ACTIVOS NO FINANCIEROS,ACTIVOS FIJOS,EDIFICACIONES Y ESTRUCTURAS,EDIFICACIONES DISTINTAS A VIVIENDAS,EDIFICIOS RELACIONADOS CON SALUD,No Aplica,No Aplica,VIGENCIA ACTUAL,ENTIDADES TERRITORIALES - SALUD,NO DEFINIDO,NO DEFINIDO,NO APLICA,3000000.0,3000000.0,2023,Primer Trimestre,,,,,,,,,,,,,,,,,,,,,,
1382139,20211201,220115276,E.S.E. Centro de Salud - Floresta,2.1.1.01.01.001.07,BONIFICACION POR SERVICIOS PRESTADOS,GASTOS,FUNCIONAMIENTO,GASTOS DE PERSONAL,PLANTA DE PERSONAL PERMANENTE,FACTORES CONSTITUTIVOS DE SALARIO,FACTORES SALARIALES COMUNES,BONIFICACION POR SERVICIOS PRESTADOS,No Aplica,No Aplica,No Aplica,VIGENCIA ACTUAL,ENTIDADES TERRITORIALES - SALUD,NO DEFINIDO,NO DEFINIDO,SALUD Y PROTECCION SOCIAL,8266618.0,8266618.0,2021,Cuarto Trimestre,,,,,,,,,,,,,,,,,,,,,,
1391181,20211201,220115276,E.S.E. Centro de Salud - Floresta,2.1.1.01.03.001,PRESTACIONES SOCIALES,GASTOS,FUNCIONAMIENTO,GASTOS DE PERSONAL,PLANTA DE PERSONAL PERMANENTE,REMUNERACIONES NO CONSTITUTIVAS DE FACTOR SALARIAL,PRESTACIONES SOCIALES,No Aplica,No Aplica,No Aplica,No Aplica,VIGENCIA ACTUAL,ENTIDADES TERRITORIALES - SALUD,NO DEFINIDO,NO DEFINIDO,NO DEFINIDO,14853914.0,18053914.0,2021,Cuarto Trimestre,,,,,,,,,,,,,,,,,,,,,,
1392117,20230601,220115276,E.S.E. Centro de Salud - Floresta,2.1.1.01,PLANTA DE PERSONAL PERMANENTE,GASTOS,FUNCIONAMIENTO,GASTOS DE PERSONAL,PLANTA DE PERSONAL PERMANENTE,No Aplica,No Aplica,No Aplica,No Aplica,No Aplica,No Aplica,VIGENCIA ACTUAL,ENTIDADES DIFERENTES A ENTIDADES TERRITORIALES - UNIDAD DE SALUD,NO DEFINIDO,NO DEFINIDO,NO DEFINIDO,135199999.0,126969999.0,2023,Segundo Trimestre,,,,,,,,,,,,,,,,,,,,,,
1392705,20230601,220115276,E.S.E. Centro de Salud - Floresta,2.1.2.02.01.004,PRODUCTOS METALICOS Y PAQUETES DE SOFTWARE,GASTOS,FUNCIONAMIENTO,ADQUISICION DE BIENES Y SERVICIOS,ADQUISICIONES DIFERENTES DE ACTIVOS,MATERIALES Y SUMINISTROS,PRODUCTOS METALICOS Y PAQUETES DE SOFTWARE,No Aplica,No Aplica,No Aplica,No Aplica,VIGENCIA ACTUAL,ENTIDADES DIFERENTES A ENTIDADES TERRITORIALES - UNIDAD DE SALUD,NO DEFINIDO,NO DEFINIDO,NO APLICA,9000000.0,19687840.0,2023,Segundo Trimestre,,,,,,,,,,,,,,,,,,,,,,
1392763,20221201,220115276,E.S.E. Centro de Salud - Floresta,2.1.1.01.01,FACTORES CONSTITUTIVOS DE SALARIO,GASTOS,FUNCIONAMIENTO,GASTOS DE PERSONAL,PLANTA DE PERSONAL PERMANENTE,FACTORES CONSTITUTIVOS DE SALARIO,No Aplica,No Aplica,No Aplica,No Aplica,No Aplica,VIGENCIA ACTUAL,ENTIDADES DIFERENTES A ENTIDADES TERRITORIALES - GESTION GENERAL,NO DEFINIDO,NO DEFINIDO,NO DEFINIDO,74343186.0,102626274.0,2022,Cuarto Trimestre,,,,,,,,,,,,,,,,,,,,,,
1395356,20220901,220115276,E.S.E. Centro de Salud - Floresta,2.1.1.01.01,FACTORES CONSTITUTIVOS DE SALARIO,GASTOS,FUNCIONAMIENTO,GASTOS DE PERSONAL,PLANTA DE PERSONAL PERMANENTE,FACTORES CONSTITUTIVOS DE SALARIO,No Aplica,No Aplica,No Aplica,No Aplica,No Aplica,VIGENCIA ACTUAL,ENTIDADES DIFERENTES A ENTIDADES TERRITORIALES - GESTION GENERAL,NO DEFINIDO,NO DEFINIDO,NO DEFINIDO,74343186.0,92381274.0,2022,Tercer Trimestre,,,,,,,,,,,,,,,,,,,,,,
1397633,20210901,220115276,E.S.E. Centro de Salud - Floresta,2.1.1.01.02.001,APORTES A LA SEGURIDAD SOCIAL EN PENSIONES,GASTOS,FUNCIONAMIENTO,GASTOS DE PERSONAL,PLANTA DE PERSONAL PERMANENTE,CONTRIBUCIONES INHERENTES A LA NOMINA,APORTES A LA SEGURIDAD SOCIAL EN PENSIONES,No Aplica,No Aplica,No Aplica,No Aplica,VIGENCIA ACTUAL,ENTIDADES TERRITORIALES - SALUD,NO DEFINIDO,NO DEFINIDO,NO APLICA,26467641.0,26467641.0,2021,Tercer Trimestre,,,,,,,,,,,,,,,,,,,,,,
1398630,20220301,220115276,E.S.E. Centro de Salud - Floresta,2.4.1.01.03,REMUNERACIONES NO CONSTITUTIVAS DE FACTOR SALARIAL,GASTOS,GASTOS DE OPERACION COMERCIAL,GASTOS DE PERSONAL,PLANTA DE PERSONAL PERMANENTE,REMUNERACIONES NO CONSTITUTIVAS DE FACTOR SALARIAL,No Aplica,No Aplica,No Aplica,No Aplica,No Aplica,VIGENCIA ACTUAL,ENTIDADES DIFERENTES A ENTIDADES TERRITORIALES - GESTION GENERAL,NO DEFINIDO,NO DEFINIDO,NO DEFINIDO,8202287.0,8202287.0,2022,Primer Trimestre,,,,,,,,,,,,,,,,,,,,,,
1402832,20221201,220115276,E.S.E. Centro de Salud - Floresta,2.4,GASTOS DE OPERACION COMERCIAL,GASTOS,GASTOS DE OPERACION COMERCIAL,No Aplica,No Aplica,No Aplica,No Aplica,No Aplica,No Aplica,No Aplica,No Aplica,VIGENCIA ACTUAL,ENTIDADES DIFERENTES A ENTIDADES TERRITORIALES - GESTION GENERAL,NO DEFINIDO,NO DEFINIDO,NO DEFINIDO,284923958.0,539157098.0,2022,Cuarto Trimestre,,,,,,,,,,,,,,,,,,,,,,
1405171,20230301,220115276,E.S.E. Centro de Salud - Floresta,2.1.1.01.03.001,PRESTACIONES SOCIALES,GASTOS,FUNCIONAMIENTO,GASTOS DE PERSONAL,PLANTA DE PERSONAL PERMANENTE,REMUNERACIONES NO CONSTITUTIVAS DE FACTOR SALARIAL,PRESTACIONES SOCIALES,No Aplica,No Aplica,No Aplica,No Aplica,VIGENCIA ACTUAL,ENTIDADES TERRITORIALES - SALUD,NO DEFINIDO,NO DEFINIDO,NO DEFINIDO,6333023.0,6333023.0,2023,Primer Trimestre,,,,,,,,,,,,,,,,,,,,,,
1412419,20220901,220115276,E.S.E. Centro de Salud - Floresta,2.4,GASTOS DE OPERACION COMERCIAL,GASTOS,GASTOS DE OPERACION COMERCIAL,No Aplica,No Aplica,No Aplica,No Aplica,No Aplica,No Aplica,No Aplica,No Aplica,VIGENCIA ACTUAL,ENTIDADES DIFERENTES A ENTIDADES TERRITORIALES - GESTION GENERAL,NO DEFINIDO,NO DEFINIDO,NO DEFINIDO,284923959.0,489436615.0,2022,Tercer Trimestre,,,,,,,,,,,,,,,,,,,,,,
1416665,20230601,220115276,E.S.E. Centro de Salud - Floresta,2.1.8.04,CONTRIBUCIONES,GASTOS,FUNCIONAMIENTO,"GASTOS POR TRIBUTOS, TASAS, CONTRIBUCIONES, MULTAS, SANCIONES E INTERESES DE MORA",CONTRIBUCIONES,No Aplica,No Aplica,No Aplica,No Aplica,No Aplica,No Aplica,VIGENCIA ACTUAL,ENTIDADES DIFERENTES A ENTIDADES TERRITORIALES - UNIDAD DE SALUD,NO DEFINIDO,NO DEFINIDO,NO DEFINIDO,850000.0,850000.0,2023,Segundo Trimestre,,,,,,,,,,,,,,,,,,,,,,
1419094,20211201,220115276,E.S.E. Centro de Salud - Floresta,2.1.2.02.01,MATERIALES Y SUMINISTROS,GASTOS,FUNCIONAMIENTO,ADQUISICION DE BIENES Y SERVICIOS,ADQUISICIONES DIFERENTES DE ACTIVOS,MATERIALES Y SUMINISTROS,No Aplica,No Aplica,No Aplica,No Aplica,No Aplica,VIGENCIA ACTUAL,ENTIDADES TERRITORIALES - SALUD,NO DEFINIDO,NO DEFINIDO,NO DEFINIDO,9882727.0,42782727.0,2021,Cuarto Trimestre,,,,,,,,,,,,,,,,,,,,,,
1423285,20211201,220115276,E.S.E. Centro de Salud - Floresta,2.1.1.01.03,REMUNERACIONES NO CONSTITUTIVAS DE FACTOR SALARIAL,GASTOS,FUNCIONAMIENTO,GASTOS DE PERSONAL,PLANTA DE PERSONAL PERMANENTE,REMUNERACIONES NO CONSTITUTIVAS DE FACTOR SALARIAL,No Aplica,No Aplica,No Aplica,No Aplica,No Aplica,VIGENCIA ACTUAL,ENTIDADES TERRITORIALES - SALUD,NO DEFINIDO,NO DEFINIDO,NO DEFINIDO,14853914.0,18053914.0,2021,Cuarto Trimestre,,,,,,,,,,,,,,,,,,,,,,
1425160,20210901,220115276,E.S.E. Centro de Salud - Floresta,2.1.3.13.01.001,SENTENCIAS,GASTOS,FUNCIONAMIENTO,TRANSFERENCIAS CORRIENTES,SENTENCIAS Y CONCILIACIONES,FALLOS NACIONALES,SENTENCIAS,No Aplica,No Aplica,No Aplica,No Aplica,VIGENCIA ACTUAL,ENTIDADES TERRITORIALES - SALUD,NO DEFINIDO,NO DEFINIDO,NO APLICA,1400000.0,1400000.0,2021,Tercer Trimestre,,,,,,,,,,,,,,,,,,,,,,
1425976,20230601,220115276,E.S.E. Centro de Salud - Floresta,2.1.2.01.01,ACTIVOS FIJOS,GASTOS,FUNCIONAMIENTO,ADQUISICION DE BIENES Y SERVICIOS,ADQUISICION DE ACTIVOS NO FINANCIEROS,ACTIVOS FIJOS,No Aplica,No Aplica,No Aplica,No Aplica,No Aplica,VIGENCIA ACTUAL,ENTIDADES DIFERENTES A ENTIDADES TERRITORIALES - UNIDAD DE SALUD,NO DEFINIDO,NO DEFINIDO,NO DEFINIDO,15500000.0,15500000.0,2023,Segundo Trimestre,,,,,,,,,,,,,,,,,,,,,,
1426399,20220601,220115276,E.S.E. Centro de Salud - Floresta,2.1.1.01,PLANTA DE PERSONAL PERMANENTE,GASTOS,FUNCIONAMIENTO,GASTOS DE PERSONAL,PLANTA DE PERSONAL PERMANENTE,No Aplica,No Aplica,No Aplica,No Aplica,No Aplica,No Aplica,VIGENCIA ACTUAL,ENTIDADES DIFERENTES A ENTIDADES TERRITORIALES - GESTION GENERAL,NO DEFINIDO,NO DEFINIDO,NO DEFINIDO,100602042.0,114013938.0,2022,Segundo Trimestre,,,,,,,,,,,,,,,,,,,,,,
1428779,20220301,220115276,E.S.E. Centro de Salud - Floresta,2.1.3,TRANSFERENCIAS CORRIENTES,GASTOS,FUNCIONAMIENTO,TRANSFERENCIAS CORRIENTES,No Aplica,No Aplica,No Aplica,No Aplica,No Aplica,No Aplica,No Aplica,VIGENCIA ACTUAL,ENTIDADES DIFERENTES A ENTIDADES TERRITORIALES - GESTION GENERAL,NO DEFINIDO,NO DEFINIDO,NO DEFINIDO,1000000.0,1000000.0,2022,Primer Trimestre,,,,,,,,,,,,,,,,,,,,,,
1431650,20220301,220115276,E.S.E. Centro de Salud - Floresta,2.1.2.01,ADQUISICION DE ACTIVOS NO FINANCIEROS,GASTOS,FUNCIONAMIENTO,ADQUISICION DE BIENES Y SERVICIOS,ADQUISICION DE ACTIVOS NO FINANCIEROS,No Aplica,No Aplica,No Aplica,No Aplica,No Aplica,No Aplica,VIGENCIA ACTUAL,ENTIDADES DIFERENTES A ENTIDADES TERRITORIALES - GESTION GENERAL,NO DEFINIDO,NO DEFINIDO,NO DEFINIDO,17000000.0,21000000.0,2022,Primer Trimestre,,,,,,,,,,,,,,,,,,,,,,
1431796,20221201,220115276,E.S.E. Centro de Salud - Floresta,2.1.1.01.01.001.07,BONIFICACION POR SERVICIOS PRESTADOS,GASTOS,FUNCIONAMIENTO,GASTOS DE PERSONAL,PLANTA DE PERSONAL PERMANENTE,FACTORES CONSTITUTIVOS DE SALARIO,FACTORES SALARIALES COMUNES,BONIFICACION POR SERVICIOS PRESTADOS,No Aplica,No Aplica,No Aplica,VIGENCIA ACTUAL,ENTIDADES DIFERENTES A ENTIDADES TERRITORIALES - GESTION GENERAL,NO DEFINIDO,NO DEFINIDO,NO APLICA,2228268.0,2854460.0,2022,Cuarto Trimestre,,,,,,,,,,,,,,,,,,,,,,
1438899,20220301,220115276,E.S.E. Centro de Salud - Floresta,2.4.5.02.09,"SERVICIOS PARA LA COMUNIDAD, SOCIALES Y PERSONALES",GASTOS,GASTOS DE OPERACION COMERCIAL,GASTOS DE COMERCIALIZACION Y PRODUCCION,ADQUISICION DE SERVICIOS,"SERVICIOS PARA LA COMUNIDAD, SOCIALES Y PERSONALES",No Aplica,No Aplica,No Aplica,No Aplica,No Aplica,VIGENCIA ACTUAL,ENTIDADES DIFERENTES A ENTIDADES TERRITORIALES - GESTION GENERAL,NO DEFINIDO,NO DEFINIDO,NO APLICA,72300000.0,92300000.0,2022,Primer Trimestre,,,,,,,,,,,,,,,,,,,,,,
1444845,20221201,220115276,E.S.E. Centro de Salud - Floresta,2.1.2.02.01.002,"PRODUCTOS ALIMENTICIOS, BEBIDAS Y TABACO, TEXTILES, PRENDAS DE VESTIR Y PRODUCTOS DE CUERO",GASTOS,FUNCIONAMIENTO,ADQUISICION DE BIENES Y SERVICIOS,ADQUISICIONES DIFERENTES DE ACTIVOS,MATERIALES Y SUMINISTROS,"PRODUCTOS ALIMENTICIOS, BEBIDAS Y TABACO, TEXTILES, PRENDAS DE VESTIR Y PRODUCTOS DE CUERO",No Aplica,No Aplica,No Aplica,No Aplica,VIGENCIA ACTUAL,ENTIDADES DIFERENTES A ENTIDADES TERRITORIALES - GESTION GENERAL,NO DEFINIDO,NO DEFINIDO,NO APLICA,6000000.0,29220351.0,2022,Cuarto Trimestre,,,,,,,,,,,,,,,,,,,,,,
1450041,20220601,220115276,E.S.E. Centro de Salud - Floresta,2,GASTOS,GASTOS,No Aplica,No Aplica,No Aplica,No Aplica,No Aplica,No Aplica,No Aplica,No Aplica,No Aplica,VIGENCIA ACTUAL,ENTIDADES DIFERENTES A ENTIDADES TERRITORIALES - GESTION GENERAL,NO DEFINIDO,NO DEFINIDO,NO DEFINIDO,531776000.0,887530439.0,2022,Segundo Trimestre,,,,,,,,,,,,,,,,,,,,,,
1451742,20230301,220115276,E.S.E. Centro de Salud - Floresta,2.1.1.01.01.001.08,PRESTACIONES SOCIALES,GASTOS,FUNCIONAMIENTO,GASTOS DE PERSONAL,PLANTA DE PERSONAL PERMANENTE,FACTORES CONSTITUTIVOS DE SALARIO,FACTORES SALARIALES COMUNES,PRESTACIONES SOCIALES,No Aplica,No Aplica,No Aplica,VIGENCIA ACTUAL,ENTIDADES TERRITORIALES - SALUD,NO DEFINIDO,NO DEFINIDO,NO DEFINIDO,11746625.0,11746625.0,2023,Primer Trimestre,,,,,,,,,,,,,,,,,,,,,,
1454756,20220901,220115276,E.S.E. Centro de Salud - Floresta,2.4.5.02,ADQUISICION DE SERVICIOS,GASTOS,GASTOS DE OPERACION COMERCIAL,GASTOS DE COMERCIALIZACION Y PRODUCCION,ADQUISICION DE SERVICIOS,No Aplica,No Aplica,No Aplica,No Aplica,No Aplica,No Aplica,VIGENCIA ACTUAL,ENTIDADES DIFERENTES A ENTIDADES TERRITORIALES - GESTION GENERAL,NO DEFINIDO,NO DEFINIDO,NO DEFINIDO,72300000.0,168263378.0,2022,Tercer Trimestre,,,,,,,,,,,,,,,,,,,,,,
1456294,20220901,220115276,E.S.E. Centro de Salud - Floresta,2.1.8.04,CONTRIBUCIONES,GASTOS,FUNCIONAMIENTO,"GASTOS POR TRIBUTOS, TASAS, CONTRIBUCIONES, MULTAS, SANCIONES E INTERESES DE MORA",CONTRIBUCIONES,No Aplica,No Aplica,No Aplica,No Aplica,No Aplica,No Aplica,VIGENCIA ACTUAL,ENTIDADES DIFERENTES A ENTIDADES TERRITORIALES - GESTION GENERAL,NO DEFINIDO,NO DEFINIDO,NO DEFINIDO,850000.0,850000.0,2022,Tercer Trimestre,,,,,,,,,,,,,,,,,,,,,,
1459918,20220901,220115276,E.S.E. Centro de Salud - Floresta,2.4.1.01.02.002,APORTES A LA SEGURIDAD SOCIAL EN SALUD,GASTOS,GASTOS DE OPERACION COMERCIAL,GASTOS DE PERSONAL,PLANTA DE PERSONAL PERMANENTE,CONTRIBUCIONES INHERENTES A LA NOMINA,APORTES A LA SEGURIDAD SOCIAL EN SALUD,No Aplica,No Aplica,No Aplica,No Aplica,VIGENCIA ACTUAL,ENTIDADES DIFERENTES A ENTIDADES TERRITORIALES - GESTION GENERAL,NO DEFINIDO,NO DEFINIDO,NO APLICA,11369396.0,12397845.0,2022,Tercer Trimestre,,,,,,,,,,,,,,,,,,,,,,
1462540,20221201,220115276,E.S.E. Centro de Salud - Floresta,2.1.2.01.01.003.04.06,OTRO EQUIPO ELECTRICO Y SUS PARTES Y PIEZAS,GASTOS,FUNCIONAMIENTO,ADQUISICION DE BIENES Y SERVICIOS,ADQUISICION DE ACTIVOS NO FINANCIEROS,ACTIVOS FIJOS,MAQUINARIA Y EQUIPO,MAQUINARIA Y APARATOS ELECTRICOS,OTRO EQUIPO ELECTRICO Y SUS PARTES Y PIEZAS,No Aplica,No Aplica,VIGENCIA ACTUAL,ENTIDADES DIFERENTES A ENTIDADES TERRITORIALES - GESTION GENERAL,NO DEFINIDO,NO DEFINIDO,NO APLICA,2500000.0,2500000.0,2022,Cuarto Trimestre,,,,,,,,,,,,,,,,,,,,,,
1463036,20210601,220115276,E.S.E. Centro de Salud - Floresta,2.1.1.01.01.001.08,PRESTACIONES SOCIALES,GASTOS,FUNCIONAMIENTO,GASTOS DE PERSONAL,PLANTA DE PERSONAL PERMANENTE,FACTORES CONSTITUTIVOS DE SALARIO,FACTORES SALARIALES COMUNES,PRESTACIONES SOCIALES,No Aplica,No Aplica,No Aplica,VIGENCIA ACTUAL,ENTIDADES DIFERENTES A ENTIDADES TERRITORIALES - UNIDAD DE SALUD,NO DEFINIDO,NO DEFINIDO,NO DEFINIDO,17774785.0,17774785.0,2021,Segundo Trimestre,,,,,,,,,,,,,,,,,,,,,,
1464804,20221201,220115276,E.S.E. Centro de Salud - Floresta,2.4.5.01.03,"OTROS BIENES TRANSPORTABLES EXCEPTO PRODUCTOS METALICOS, MAQUINARIA Y EQUIPO",GASTOS,GASTOS DE OPERACION COMERCIAL,GASTOS DE COMERCIALIZACION Y PRODUCCION,MATERIALES Y SUMINISTROS,"OTROS BIENES TRANSPORTABLES EXCEPTO PRODUCTOS METALICOS, MAQUINARIA Y EQUIPO",No Aplica,No Aplica,No Aplica,No Aplica,No Aplica,VIGENCIA ACTUAL,ENTIDADES DIFERENTES A ENTIDADES TERRITORIALES - GESTION GENERAL,NO DEFINIDO,NO DEFINIDO,NO APLICA,18000000.0,95541489.0,2022,Cuarto Trimestre,,,,,,,,,,,,,,,,,,,,,,
1466835,20220301,220115276,E.S.E. Centro de Salud - Floresta,2.4.1.01,PLANTA DE PERSONAL PERMANENTE,GASTOS,GASTOS DE OPERACION COMERCIAL,GASTOS DE PERSONAL,PLANTA DE PERSONAL PERMANENTE,No Aplica,No Aplica,No Aplica,No Aplica,No Aplica,No Aplica,VIGENCIA ACTUAL,ENTIDADES DIFERENTES A ENTIDADES TERRITORIALES - GESTION GENERAL,NO DEFINIDO,NO DEFINIDO,NO DEFINIDO,194623958.0,194623958.0,2022,Primer Trimestre,,,,,,,,,,,,,,,,,,,,,,
1469314,20221201,220115276,E.S.E. Centro de Salud - Floresta,2.1.1.01.02.004,APORTES A CAJAS DE COMPENSACION FAMILIAR,GASTOS,FUNCIONAMIENTO,GASTOS DE PERSONAL,PLANTA DE PERSONAL PERMANENTE,CONTRIBUCIONES INHERENTES A LA NOMINA,APORTES A CAJAS DE COMPENSACION FAMILIAR,No Aplica,No Aplica,No Aplica,No Aplica,VIGENCIA ACTUAL,ENTIDADES DIFERENTES A ENTIDADES TERRITORIALES - GESTION GENERAL,NO DEFINIDO,NO DEFINIDO,NO APLICA,2923475.0,3395450.0,2022,Cuarto Trimestre,,,,,,,,,,,,,,,,,,,,,,
1469538,20221201,220115276,E.S.E. Centro de Salud - Floresta,2.1.2.01.01.003.06.01,APARATOS MEDICOS Y QUIRURGICOS Y APARATOS ORTESICOS Y PROTESICOS,GASTOS,FUNCIONAMIENTO,ADQUISICION DE BIENES Y SERVICIOS,ADQUISICION DE ACTIVOS NO FINANCIEROS,ACTIVOS FIJOS,MAQUINARIA Y EQUIPO,"APARATOS MEDICOS, INSTRUMENTOS OPTICOS Y DE PRECISION, RELOJES",APARATOS MEDICOS Y QUIRURGICOS Y APARATOS ORTESICOS Y PROTESICOS,No Aplica,No Aplica,VIGENCIA ACTUAL,ENTIDADES DIFERENTES A ENTIDADES TERRITORIALES - GESTION GENERAL,NO DEFINIDO,NO DEFINIDO,NO APLICA,5000000.0,9000000.0,2022,Cuarto Trimestre,,,,,,,,,,,,,,,,,,,,,,
1471341,20210601,220115276,E.S.E. Centro de Salud - Floresta,2.1.1.01.03.001.03,BONIFICACION ESPECIAL DE RECREACION,GASTOS,FUNCIONAMIENTO,GASTOS DE PERSONAL,PLANTA DE PERSONAL PERMANENTE,REMUNERACIONES NO CONSTITUTIVAS DE FACTOR SALARIAL,PRESTACIONES SOCIALES,BONIFICACION ESPECIAL DE RECREACION,No Aplica,No Aplica,No Aplica,VIGENCIA ACTUAL,ENTIDADES DIFERENTES A ENTIDADES TERRITORIALES - UNIDAD DE SALUD,NO DEFINIDO,NO DEFINIDO,NO APLICA,1225353.0,1225353.0,2021,Segundo Trimestre,,,,,,,,,,,,,,,,,,,,,,
1474253,20220601,220115276,E.S.E. Centro de Salud - Floresta,2.1.1.01.02.003,APORTES DE CESANTIAS,GASTOS,FUNCIONAMIENTO,GASTOS DE PERSONAL,PLANTA DE PERSONAL PERMANENTE,CONTRIBUCIONES INHERENTES A LA NOMINA,APORTES DE CESANTIAS,No Aplica,No Aplica,No Aplica,No Aplica,VIGENCIA ACTUAL,ENTIDADES DIFERENTES A ENTIDADES TERRITORIALES - GESTION GENERAL,NO DEFINIDO,NO DEFINIDO,NO APLICA,2627778.0,2627778.0,2022,Segundo Trimestre,,,,,,,,,,,,,,,,,,,,,,
1478278,20230601,220115276,E.S.E. Centro de Salud - Floresta,2.1.2.02.02.008,SERVICIOS PRESTADOS A LAS EMPRESAS Y SERVICIOS DE PRODUCCION,GASTOS,FUNCIONAMIENTO,ADQUISICION DE BIENES Y SERVICIOS,ADQUISICIONES DIFERENTES DE ACTIVOS,ADQUISICION DE SERVICIOS,SERVICIOS PRESTADOS A LAS EMPRESAS Y SERVICIOS DE PRODUCCION,No Aplica,No Aplica,No Aplica,No Aplica,VIGENCIA ACTUAL,ENTIDADES DIFERENTES A ENTIDADES TERRITORIALES - UNIDAD DE SALUD,NO DEFINIDO,NO DEFINIDO,NO APLICA,100100000.0,195795824.0,2023,Segundo Trimestre,,,,,,,,,,,,,,,,,,,,,,
1478673,20210901,220115276,E.S.E. Centro de Salud - Floresta,2.1.1.01.02.007,APORTES AL SENA,GASTOS,FUNCIONAMIENTO,GASTOS DE PERSONAL,PLANTA DE PERSONAL PERMANENTE,CONTRIBUCIONES INHERENTES A LA NOMINA,APORTES AL SENA,No Aplica,No Aplica,No Aplica,No Aplica,VIGENCIA ACTUAL,ENTIDADES TERRITORIALES - SALUD,NO DEFINIDO,NO DEFINIDO,NO APLICA,4411273.0,4411273.0,2021,Tercer Trimestre,,,,,,,,,,,,,,,,,,,,,,
1478859,20230601,220115276,E.S.E. Centro de Salud - Floresta,2.1.2.01.01.003,MAQUINARIA Y EQUIPO,GASTOS,FUNCIONAMIENTO,ADQUISICION DE BIENES Y SERVICIOS,ADQUISICION DE ACTIVOS NO FINANCIEROS,ACTIVOS FIJOS,MAQUINARIA Y EQUIPO,No Aplica,No Aplica,No Aplica,No Aplica,VIGENCIA ACTUAL,ENTIDADES DIFERENTES A ENTIDADES TERRITORIALES - UNIDAD DE SALUD,NO DEFINIDO,NO DEFINIDO,NO DEFINIDO,11500000.0,11500000.0,2023,Segundo Trimestre,,,,,,,,,,,,,,,,,,,,,,
1479022,20220901,220115276,E.S.E. Centro de Salud - Floresta,2.4.1.01.03,REMUNERACIONES NO CONSTITUTIVAS DE FACTOR SALARIAL,GASTOS,GASTOS DE OPERACION COMERCIAL,GASTOS DE PERSONAL,PLANTA DE PERSONAL PERMANENTE,REMUNERACIONES NO CONSTITUTIVAS DE FACTOR SALARIAL,No Aplica,No Aplica,No Aplica,No Aplica,No Aplica,VIGENCIA ACTUAL,ENTIDADES DIFERENTES A ENTIDADES TERRITORIALES - GESTION GENERAL,NO DEFINIDO,NO DEFINIDO,NO DEFINIDO,8202287.0,8202287.0,2022,Tercer Trimestre,,,,,,,,,,,,,,,,,,,,,,
1481816,20220301,220115276,E.S.E. Centro de Salud - Floresta,2.1.8,"GASTOS POR TRIBUTOS, TASAS, CONTRIBUCIONES, MULTAS, SANCIONES E INTERESES DE MORA",GASTOS,FUNCIONAMIENTO,"GASTOS POR TRIBUTOS, TASAS, CONTRIBUCIONES, MULTAS, SANCIONES E INTERESES DE MORA",No Aplica,No Aplica,No Aplica,No Aplica,No Aplica,No Aplica,No Aplica,VIGENCIA ACTUAL,ENTIDADES DIFERENTES A ENTIDADES TERRITORIALES - GESTION GENERAL,NO DEFINIDO,NO DEFINIDO,NO DEFINIDO,850000.0,850000.0,2022,Primer Trimestre,,,,,,,,,,,,,,,,,,,,,,
1482152,20210301,220115276,E.S.E. Centro de Salud - Floresta,2.1.3.13.01,FALLOS NACIONALES,GASTOS,FUNCIONAMIENTO,TRANSFERENCIAS CORRIENTES,SENTENCIAS Y CONCILIACIONES,FALLOS NACIONALES,No Aplica,No Aplica,No Aplica,No Aplica,No Aplica,VIGENCIA ACTUAL,ENTIDADES DIFERENTES A ENTIDADES TERRITORIALES - UNIDAD DE SALUD,NO DEFINIDO,NO DEFINIDO,NO DEFINIDO,1400000.0,1400000.0,2021,Primer Trimestre,,,,,,,,,,,,,,,,,,,,,,
1483021,20220301,220115276,E.S.E. Centro de Salud - Floresta,2.1.1.01.02.004,APORTES A CAJAS DE COMPENSACION FAMILIAR,GASTOS,FUNCIONAMIENTO,GASTOS DE PERSONAL,PLANTA DE PERSONAL PERMANENTE,CONTRIBUCIONES INHERENTES A LA NOMINA,APORTES A CAJAS DE COMPENSACION FAMILIAR,No Aplica,No Aplica,No Aplica,No Aplica,VIGENCIA ACTUAL,ENTIDADES DIFERENTES A ENTIDADES TERRITORIALES - GESTION GENERAL,NO DEFINIDO,NO DEFINIDO,NO APLICA,2923475.0,2923475.0,2022,Primer Trimestre,,,,,,,,,,,,,,,,,,,,,,
1483722,20230601,220115276,E.S.E. Centro de Salud - Floresta,2.1.2.01.01.001,EDIFICACIONES Y ESTRUCTURAS,GASTOS,FUNCIONAMIENTO,ADQUISICION DE BIENES Y SERVICIOS,ADQUISICION DE ACTIVOS NO FINANCIEROS,ACTIVOS FIJOS,EDIFICACIONES Y ESTRUCTURAS,No Aplica,No Aplica,No Aplica,No Aplica,VIGENCIA ACTUAL,ENTIDADES DIFERENTES A ENTIDADES TERRITORIALES - UNIDAD DE SALUD,NO DEFINIDO,NO DEFINIDO,NO DEFINIDO,3000000.0,3000000.0,2023,Segundo Trimestre,,,,,,,,,,,,,,,,,,,,,,
1483799,20230301,220115276,E.S.E. Centro de Salud - Floresta,2.4.1.01.02.006,APORTES AL ICBF,GASTOS,GASTOS DE OPERACION COMERCIAL,GASTOS DE PERSONAL,PLANTA DE PERSONAL PERMANENTE,CONTRIBUCIONES INHERENTES A LA NOMINA,APORTES AL ICBF,No Aplica,No Aplica,No Aplica,No Aplica,VIGENCIA ACTUAL,ENTIDADES TERRITORIALES - SALUD,NO DEFINIDO,NO DEFINIDO,NO APLICA,5708578.0,5708578.0,2023,Primer Trimestre,,,,,,,,,,,,,,,,,,,,,,
1487371,20210301,220115276,E.S.E. Centro de Salud - Floresta,2.1.8,"GASTOS POR TRIBUTOS, TASAS, CONTRIBUCIONES, MULTAS, SANCIONES E INTERESES DE MORA",GASTOS,FUNCIONAMIENTO,"GASTOS POR TRIBUTOS, TASAS, CONTRIBUCIONES, MULTAS, SANCIONES E INTERESES DE MORA",No Aplica,No Aplica,No Aplica,No Aplica,No Aplica,No Aplica,No Aplica,VIGENCIA ACTUAL,ENTIDADES DIFERENTES A ENTIDADES TERRITORIALES - UNIDAD DE SALUD,NO DEFINIDO,NO DEFINIDO,NO DEFINIDO,600000.0,600000.0,2021,Primer Trimestre,,,,,,,,,,,,,,,,,,,,,,
1487433,20230301,220115276,E.S.E. Centro de Salud - Floresta,2.1.1.01.01.001.08.02,PRIMA DE VACACIONES,GASTOS,FUNCIONAMIENTO,GASTOS DE PERSONAL,PLANTA DE PERSONAL PERMANENTE,FACTORES CONSTITUTIVOS DE SALARIO,FACTORES SALARIALES COMUNES,PRESTACIONES SOCIALES,PRIMA DE VACACIONES,No Aplica,No Aplica,VIGENCIA ACTUAL,ENTIDADES TERRITORIALES - SALUD,NO DEFINIDO,NO DEFINIDO,NO APLICA,3957059.0,3957059.0,2023,Primer Trimestre,,,,,,,,,,,,,,,,,,,,,,
1487889,20221201,220115276,E.S.E. Centro de Salud - Floresta,2.4.5.02.09,"SERVICIOS PARA LA COMUNIDAD, SOCIALES Y PERSONALES",GASTOS,GASTOS DE OPERACION COMERCIAL,GASTOS DE COMERCIALIZACION Y PRODUCCION,ADQUISICION DE SERVICIOS,"SERVICIOS PARA LA COMUNIDAD, SOCIALES Y PERSONALES",No Aplica,No Aplica,No Aplica,No Aplica,No Aplica,VIGENCIA ACTUAL,ENTIDADES DIFERENTES A ENTIDADES TERRITORIALES - GESTION GENERAL,NO DEFINIDO,NO DEFINIDO,NO APLICA,72300000.0,172020958.0,2022,Cuarto Trimestre,,,,,,,,,,,,,,,,,,,,,,
1493430,20210601,220115276,E.S.E. Centro de Salud - Floresta,2,GASTOS,GASTOS,No Aplica,No Aplica,No Aplica,No Aplica,No Aplica,No Aplica,No Aplica,No Aplica,No Aplica,VIGENCIA ACTUAL,ENTIDADES DIFERENTES A ENTIDADES TERRITORIALES - UNIDAD DE SALUD,NO DEFINIDO,NO DEFINIDO,NO DEFINIDO,530110000.0,701602943.0,2021,Segundo Trimestre,,,,,,,,,,,,,,,,,,,,,,
1496077,20211201,220115276,E.S.E. Centro de Salud - Floresta,2.1.1.01.01.001.08.01,PRIMA DE NAVIDAD,GASTOS,FUNCIONAMIENTO,GASTOS DE PERSONAL,PLANTA DE PERSONAL PERMANENTE,FACTORES CONSTITUTIVOS DE SALARIO,FACTORES SALARIALES COMUNES,PRESTACIONES SOCIALES,PRIMA DE NAVIDAD,No Aplica,No Aplica,VIGENCIA ACTUAL,ENTIDADES TERRITORIALES - SALUD,NO DEFINIDO,NO DEFINIDO,SALUD Y PROTECCION SOCIAL,8201708.0,17701708.0,2021,Cuarto Trimestre,,,,,,,,,,,,,,,,,,,,,,
1496398,20211201,220115276,E.S.E. Centro de Salud - Floresta,2.1.1.01.01.001.01,SUELDO BASICO,GASTOS,FUNCIONAMIENTO,GASTOS DE PERSONAL,PLANTA DE PERSONAL PERMANENTE,FACTORES CONSTITUTIVOS DE SALARIO,FACTORES SALARIALES COMUNES,SUELDO BASICO,No Aplica,No Aplica,No Aplica,VIGENCIA ACTUAL,ENTIDADES TERRITORIALES - SALUD,NO DEFINIDO,NO DEFINIDO,SALUD Y PROTECCION SOCIAL,196116210.0,195092454.0,2021,Cuarto Trimestre,,,,,,,,,,,,,,,,,,,,,,
1497702,20220601,220115276,E.S.E. Centro de Salud - Floresta,2.1.2,ADQUISICION DE BIENES Y SERVICIOS,GASTOS,FUNCIONAMIENTO,ADQUISICION DE BIENES Y SERVICIOS,No Aplica,No Aplica,No Aplica,No Aplica,No Aplica,No Aplica,No Aplica,VIGENCIA ACTUAL,ENTIDADES DIFERENTES A ENTIDADES TERRITORIALES - GESTION GENERAL,NO DEFINIDO,NO DEFINIDO,NO DEFINIDO,138400000.0,248081093.0,2022,Segundo Trimestre,,,,,,,,,,,,,,,,,,,,,,
1497819,20220901,220115276,E.S.E. Centro de Salud - Floresta,2.1.1.01.02.003,APORTES DE CESANTIAS,GASTOS,FUNCIONAMIENTO,GASTOS DE PERSONAL,PLANTA DE PERSONAL PERMANENTE,CONTRIBUCIONES INHERENTES A LA NOMINA,APORTES DE CESANTIAS,No Aplica,No Aplica,No Aplica,No Aplica,VIGENCIA ACTUAL,ENTIDADES DIFERENTES A ENTIDADES TERRITORIALES - GESTION GENERAL,NO DEFINIDO,NO DEFINIDO,NO APLICA,2627778.0,2627778.0,2022,Tercer Trimestre,,,,,,,,,,,,,,,,,,,,,,
1499027,20210901,220115276,E.S.E. Centro de Salud - Floresta,2.1.3.13,SENTENCIAS Y CONCILIACIONES,GASTOS,FUNCIONAMIENTO,TRANSFERENCIAS CORRIENTES,SENTENCIAS Y CONCILIACIONES,No Aplica,No Aplica,No Aplica,No Aplica,No Aplica,No Aplica,VIGENCIA ACTUAL,ENTIDADES TERRITORIALES - SALUD,NO DEFINIDO,NO DEFINIDO,NO DEFINIDO,1400000.0,1400000.0,2021,Tercer Trimestre,,,,,,,,,,,,,,,,,,,,,,
1501279,20220901,220115276,E.S.E. Centro de Salud - Floresta,2.1.1.01.03.001.03,BONIFICACION ESPECIAL DE RECREACION,GASTOS,FUNCIONAMIENTO,GASTOS DE PERSONAL,PLANTA DE PERSONAL PERMANENTE,REMUNERACIONES NO CONSTITUTIVAS DE FACTOR SALARIAL,PRESTACIONES SOCIALES,BONIFICACION ESPECIAL DE RECREACION,No Aplica,No Aplica,No Aplica,VIGENCIA ACTUAL,ENTIDADES DIFERENTES A ENTIDADES TERRITORIALES - GESTION GENERAL,NO DEFINIDO,NO DEFINIDO,NO APLICA,285690.0,285690.0,2022,Tercer Trimestre,,,,,,,,,,,,,,,,,,,,,,
1503196,20220601,220115276,E.S.E. Centro de Salud - Floresta,2.4.5.02,ADQUISICION DE SERVICIOS,GASTOS,GASTOS DE OPERACION COMERCIAL,GASTOS DE COMERCIALIZACION Y PRODUCCION,ADQUISICION DE SERVICIOS,No Aplica,No Aplica,No Aplica,No Aplica,No Aplica,No Aplica,VIGENCIA ACTUAL,ENTIDADES DIFERENTES A ENTIDADES TERRITORIALES - GESTION GENERAL,NO DEFINIDO,NO DEFINIDO,NO DEFINIDO,72300000.0,168263378.0,2022,Segundo Trimestre,,,,,,,,,,,,,,,,,,,,,,
1506262,20230301,220115276,E.S.E. Centro de Salud - Floresta,2.1.8.04,CONTRIBUCIONES,GASTOS,FUNCIONAMIENTO,"GASTOS POR TRIBUTOS, TASAS, CONTRIBUCIONES, MULTAS, SANCIONES E INTERESES DE MORA",CONTRIBUCIONES,No Aplica,No Aplica,No Aplica,No Aplica,No Aplica,No Aplica,VIGENCIA ACTUAL,ENTIDADES TERRITORIALES - SALUD,NO DEFINIDO,NO DEFINIDO,NO DEFINIDO,850000.0,850000.0,2023,Primer Trimestre,,,,,,,,,,,,,,,,,,,,,,
1509070,20230601,220115276,E.S.E. Centro de Salud - Floresta,2.1.2.02.02,ADQUISICION DE SERVICIOS,GASTOS,FUNCIONAMIENTO,ADQUISICION DE BIENES Y SERVICIOS,ADQUISICIONES DIFERENTES DE ACTIVOS,ADQUISICION DE SERVICIOS,No Aplica,No Aplica,No Aplica,No Aplica,No Aplica,VIGENCIA ACTUAL,ENTIDADES DIFERENTES A ENTIDADES TERRITORIALES - UNIDAD DE SALUD,NO DEFINIDO,NO DEFINIDO,NO DEFINIDO,125100000.0,220795824.0,2023,Segundo Trimestre,,,,,,,,,,,,,,,,,,,,,,
1510932,20220301,220115276,E.S.E. Centro de Salud - Floresta,2.1.1.01.02.003,APORTES DE CESANTIAS,GASTOS,FUNCIONAMIENTO,GASTOS DE PERSONAL,PLANTA DE PERSONAL PERMANENTE,CONTRIBUCIONES INHERENTES A LA NOMINA,APORTES DE CESANTIAS,No Aplica,No Aplica,No Aplica,No Aplica,VIGENCIA ACTUAL,ENTIDADES DIFERENTES A ENTIDADES TERRITORIALES - GESTION GENERAL,NO DEFINIDO,NO DEFINIDO,NO APLICA,2627778.0,2627778.0,2022,Primer Trimestre,,,,,,,,,,,,,,,,,,,,,,
1511133,20221201,220115276,E.S.E. Centro de Salud - Floresta,2.1.1.01.01.001.08.02,PRIMA DE VACACIONES,GASTOS,FUNCIONAMIENTO,GASTOS DE PERSONAL,PLANTA DE PERSONAL PERMANENTE,FACTORES CONSTITUTIVOS DE SALARIO,FACTORES SALARIALES COMUNES,PRESTACIONES SOCIALES,PRIMA DE VACACIONES,No Aplica,No Aplica,VIGENCIA ACTUAL,ENTIDADES DIFERENTES A ENTIDADES TERRITORIALES - GESTION GENERAL,NO DEFINIDO,NO DEFINIDO,NO APLICA,3017583.0,3717583.0,2022,Cuarto Trimestre,,,,,,,,,,,,,,,,,,,,,,
1515591,20220601,220115276,E.S.E. Centro de Salud - Floresta,2.1.2.01,ADQUISICION DE ACTIVOS NO FINANCIEROS,GASTOS,FUNCIONAMIENTO,ADQUISICION DE BIENES Y SERVICIOS,ADQUISICION DE ACTIVOS NO FINANCIEROS,No Aplica,No Aplica,No Aplica,No Aplica,No Aplica,No Aplica,VIGENCIA ACTUAL,ENTIDADES DIFERENTES A ENTIDADES TERRITORIALES - GESTION GENERAL,NO DEFINIDO,NO DEFINIDO,NO DEFINIDO,17000000.0,25000000.0,2022,Segundo Trimestre,,,,,,,,,,,,,,,,,,,,,,
1516672,20230301,220115276,E.S.E. Centro de Salud - Floresta,2.1.1.01.01.001.01,SUELDO BASICO,GASTOS,FUNCIONAMIENTO,GASTOS DE PERSONAL,PLANTA DE PERSONAL PERMANENTE,FACTORES CONSTITUTIVOS DE SALARIO,FACTORES SALARIALES COMUNES,SUELDO BASICO,No Aplica,No Aplica,No Aplica,VIGENCIA ACTUAL,ENTIDADES TERRITORIALES - SALUD,NO DEFINIDO,NO DEFINIDO,NO APLICA,71038367.0,62808367.0,2023,Primer Trimestre,,,,,,,,,,,,,,,,,,,,,,
1517712,20220301,220115276,E.S.E. Centro de Salud - Floresta,2.1.2.01.01.003.07.01,"VEHICULOS AUTOMOTORES, REMOLQUES Y SEMIRREMOLQUES, Y SUS PARTES, PIEZAS Y ACCESORIOS",GASTOS,FUNCIONAMIENTO,ADQUISICION DE BIENES Y SERVICIOS,ADQUISICION DE ACTIVOS NO FINANCIEROS,ACTIVOS FIJOS,MAQUINARIA Y EQUIPO,EQUIPO DE TRANSPORTE,"VEHICULOS AUTOMOTORES, REMOLQUES Y SEMIRREMOLQUES, Y SUS PARTES, PIEZAS Y ACCESORIOS",No Aplica,No Aplica,VIGENCIA ACTUAL,ENTIDADES DIFERENTES A ENTIDADES TERRITORIALES - GESTION GENERAL,NO DEFINIDO,NO DEFINIDO,NO APLICA,4000000.0,5000000.0,2022,Primer Trimestre,,,,,,,,,,,,,,,,,,,,,,
1519925,20230601,220115276,E.S.E. Centro de Salud - Floresta,2.1.2.01.01.003.06,"APARATOS MEDICOS, INSTRUMENTOS OPTICOS Y DE PRECISION, RELOJES",GASTOS,FUNCIONAMIENTO,ADQUISICION DE BIENES Y SERVICIOS,ADQUISICION DE ACTIVOS NO FINANCIEROS,ACTIVOS FIJOS,MAQUINARIA Y EQUIPO,"APARATOS MEDICOS, INSTRUMENTOS OPTICOS Y DE PRECISION, RELOJES",No Aplica,No Aplica,No Aplica,VIGENCIA ACTUAL,ENTIDADES DIFERENTES A ENTIDADES TERRITORIALES - UNIDAD DE SALUD,NO DEFINIDO,NO DEFINIDO,NO DEFINIDO,6000000.0,6000000.0,2023,Segundo Trimestre,,,,,,,,,,,,,,,,,,,,,,
1530982,20210301,220115276,E.S.E. Centro de Salud - Floresta,2.1.1.01.02,CONTRIBUCIONES INHERENTES A LA NOMINA,GASTOS,FUNCIONAMIENTO,GASTOS DE PERSONAL,PLANTA DE PERSONAL PERMANENTE,CONTRIBUCIONES INHERENTES A LA NOMINA,No Aplica,No Aplica,No Aplica,No Aplica,No Aplica,VIGENCIA ACTUAL,ENTIDADES DIFERENTES A ENTIDADES TERRITORIALES - UNIDAD DE SALUD,NO DEFINIDO,NO DEFINIDO,NO DEFINIDO,79517935.0,79517935.0,2021,Primer Trimestre,,,,,,,,,,,,,,,,,,,,,,
1537430,20210901,220115276,E.S.E. Centro de Salud - Floresta,2.1.1.01,PLANTA DE PERSONAL PERMANENTE,GASTOS,FUNCIONAMIENTO,GASTOS DE PERSONAL,PLANTA DE PERSONAL PERMANENTE,No Aplica,No Aplica,No Aplica,No Aplica,No Aplica,No Aplica,VIGENCIA ACTUAL,ENTIDADES TERRITORIALES - SALUD,NO DEFINIDO,NO DEFINIDO,NO DEFINIDO,332669811.0,347428967.0,2021,Tercer Trimestre,,,,,,,,,,,,,,,,,,,,,,
1540705,20220901,220115276,E.S.E. Centro de Salud - Floresta,2.1.2.02.01,MATERIALES Y SUMINISTROS,GASTOS,FUNCIONAMIENTO,ADQUISICION DE BIENES Y SERVICIOS,ADQUISICIONES DIFERENTES DE ACTIVOS,MATERIALES Y SUMINISTROS,No Aplica,No Aplica,No Aplica,No Aplica,No Aplica,VIGENCIA ACTUAL,ENTIDADES DIFERENTES A ENTIDADES TERRITORIALES - GESTION GENERAL,NO DEFINIDO,NO DEFINIDO,NO DEFINIDO,18000000.0,45303351.0,2022,Tercer Trimestre,,,,,,,,,,,,,,,,,,,,,,
1541001,20220301,220115276,E.S.E. Centro de Salud - Floresta,2.1.2.01.01.003.03,"MAQUINARIA DE OFICINA, CONTABILIDAD E INFORMATICA",GASTOS,FUNCIONAMIENTO,ADQUISICION DE BIENES Y SERVICIOS,ADQUISICION DE ACTIVOS NO FINANCIEROS,ACTIVOS FIJOS,MAQUINARIA Y EQUIPO,"MAQUINARIA DE OFICINA, CONTABILIDAD E INFORMATICA",No Aplica,No Aplica,No Aplica,VIGENCIA ACTUAL,ENTIDADES DIFERENTES A ENTIDADES TERRITORIALES - GESTION GENERAL,NO DEFINIDO,NO DEFINIDO,NO DEFINIDO,1500000.0,1500000.0,2022,Primer Trimestre,,,,,,,,,,,,,,,,,,,,,,
1544167,20220301,220115276,E.S.E. Centro de Salud - Floresta,2.1.2,ADQUISICION DE BIENES Y SERVICIOS,GASTOS,FUNCIONAMIENTO,ADQUISICION DE BIENES Y SERVICIOS,No Aplica,No Aplica,No Aplica,No Aplica,No Aplica,No Aplica,No Aplica,VIGENCIA ACTUAL,ENTIDADES DIFERENTES A ENTIDADES TERRITORIALES - GESTION GENERAL,NO DEFINIDO,NO DEFINIDO,NO DEFINIDO,138400000.0,177415254.0,2022,Primer Trimestre,,,,,,,,,,,,,,,,,,,,,,
1546160,20210601,220115276,E.S.E. Centro de Salud - Floresta,2.1.1.01.03.001,PRESTACIONES SOCIALES,GASTOS,FUNCIONAMIENTO,GASTOS DE PERSONAL,PLANTA DE PERSONAL PERMANENTE,REMUNERACIONES NO CONSTITUTIVAS DE FACTOR SALARIAL,PRESTACIONES SOCIALES,No Aplica,No Aplica,No Aplica,No Aplica,VIGENCIA ACTUAL,ENTIDADES DIFERENTES A ENTIDADES TERRITORIALES - UNIDAD DE SALUD,NO DEFINIDO,NO DEFINIDO,NO DEFINIDO,14853914.0,14853914.0,2021,Segundo Trimestre,,,,,,,,,,,,,,,,,,,,,,
1546664,20230301,220115276,E.S.E. Centro de Salud - Floresta,2.4.5.02,ADQUISICION DE SERVICIOS,GASTOS,GASTOS DE OPERACION COMERCIAL,GASTOS DE COMERCIALIZACION Y PRODUCCION,ADQUISICION DE SERVICIOS,No Aplica,No Aplica,No Aplica,No Aplica,No Aplica,No Aplica,VIGENCIA ACTUAL,ENTIDADES TERRITORIALES - SALUD,NO DEFINIDO,NO DEFINIDO,NO DEFINIDO,73740000.0,106929613.0,2023,Primer Trimestre,,,,,,,,,,,,,,,,,,,,,,
1548531,20211201,220115276,E.S.E. Centro de Salud - Floresta,2.1.1.01.01.001.08.02,PRIMA DE VACACIONES,GASTOS,FUNCIONAMIENTO,GASTOS DE PERSONAL,PLANTA DE PERSONAL PERMANENTE,FACTORES CONSTITUTIVOS DE SALARIO,FACTORES SALARIALES COMUNES,PRESTACIONES SOCIALES,PRIMA DE VACACIONES,No Aplica,No Aplica,VIGENCIA ACTUAL,ENTIDADES TERRITORIALES - SALUD,NO DEFINIDO,NO DEFINIDO,SALUD Y PROTECCION SOCIAL,9573077.0,10573077.0,2021,Cuarto Trimestre,,,,,,,,,,,,,,,,,,,,,,
1550454,20210901,220115276,E.S.E. Centro de Salud - Floresta,2.1.2.02.01.003,"OTROS BIENES TRANSPORTABLES EXCEPTO PRODUCTOS METALICOS, MAQUINARIA Y EQUIPO",GASTOS,FUNCIONAMIENTO,ADQUISICION DE BIENES Y SERVICIOS,ADQUISICIONES DIFERENTES DE ACTIVOS,MATERIALES Y SUMINISTROS,"OTROS BIENES TRANSPORTABLES EXCEPTO PRODUCTOS METALICOS, MAQUINARIA Y EQUIPO",No Aplica,No Aplica,No Aplica,No Aplica,VIGENCIA ACTUAL,ENTIDADES TERRITORIALES - SALUD,NO DEFINIDO,NO DEFINIDO,NO APLICA,4000000.0,16000000.0,2021,Tercer Trimestre,,,,,,,,,,,,,,,,,,,,,,
1554743,20220601,220115276,E.S.E. Centro de Salud - Floresta,2.4.5.01.03,"OTROS BIENES TRANSPORTABLES EXCEPTO PRODUCTOS METALICOS, MAQUINARIA Y EQUIPO",GASTOS,GASTOS DE OPERACION COMERCIAL,GASTOS DE COMERCIALIZACION Y PRODUCCION,MATERIALES Y SUMINISTROS,"OTROS BIENES TRANSPORTABLES EXCEPTO PRODUCTOS METALICOS, MAQUINARIA Y EQUIPO",No Aplica,No Aplica,No Aplica,No Aplica,No Aplica,VIGENCIA ACTUAL,ENTIDADES DIFERENTES A ENTIDADES TERRITORIALES - GESTION GENERAL,NO DEFINIDO,NO DEFINIDO,NO APLICA,18000000.0,67535396.0,2022,Segundo Trimestre,,,,,,,,,,,,,,,,,,,,,,
1558997,20210901,220115276,E.S.E. Centro de Salud - Floresta,2.1.1.01.01.001.01,SUELDO BASICO,GASTOS,FUNCIONAMIENTO,GASTOS DE PERSONAL,PLANTA DE PERSONAL PERMANENTE,FACTORES CONSTITUTIVOS DE SALARIO,FACTORES SALARIALES COMUNES,SUELDO BASICO,No Aplica,No Aplica,No Aplica,VIGENCIA ACTUAL,ENTIDADES TERRITORIALES - SALUD,NO DEFINIDO,NO DEFINIDO,NO APLICA,0.0,52976244.0,2021,Tercer Trimestre,,,,,,,,,,,,,,,,,,,,,,
1565403,20220601,220115276,E.S.E. Centro de Salud - Floresta,2.1.1.01.03,REMUNERACIONES NO CONSTITUTIVAS DE FACTOR SALARIAL,GASTOS,FUNCIONAMIENTO,GASTOS DE PERSONAL,PLANTA DE PERSONAL PERMANENTE,REMUNERACIONES NO CONSTITUTIVAS DE FACTOR SALARIAL,No Aplica,No Aplica,No Aplica,No Aplica,No Aplica,VIGENCIA ACTUAL,ENTIDADES DIFERENTES A ENTIDADES TERRITORIALES - GESTION GENERAL,NO DEFINIDO,NO DEFINIDO,NO DEFINIDO,4911477.0,4911477.0,2022,Segundo Trimestre,,,,,,,,,,,,,,,,,,,,,,
1566038,20221201,220115276,E.S.E. Centro de Salud - Floresta,2.1.3,TRANSFERENCIAS CORRIENTES,GASTOS,FUNCIONAMIENTO,TRANSFERENCIAS CORRIENTES,No Aplica,No Aplica,No Aplica,No Aplica,No Aplica,No Aplica,No Aplica,VIGENCIA ACTUAL,ENTIDADES DIFERENTES A ENTIDADES TERRITORIALES - GESTION GENERAL,NO DEFINIDO,NO DEFINIDO,NO DEFINIDO,1000000.0,1000000.0,2022,Cuarto Trimestre,,,,,,,,,,,,,,,,,,,,,,
1569179,20221201,220115276,E.S.E. Centro de Salud - Floresta,2.4.1.01.01.001.06,PRIMA DE SERVICIO,GASTOS,GASTOS DE OPERACION COMERCIAL,GASTOS DE PERSONAL,PLANTA DE PERSONAL PERMANENTE,FACTORES CONSTITUTIVOS DE SALARIO,FACTORES SALARIALES COMUNES,PRIMA DE SERVICIO,No Aplica,No Aplica,No Aplica,VIGENCIA ACTUAL,ENTIDADES DIFERENTES A ENTIDADES TERRITORIALES - GESTION GENERAL,NO DEFINIDO,NO DEFINIDO,NO APLICA,6386576.0,7045796.0,2022,Cuarto Trimestre,,,,,,,,,,,,,,,,,,,,,,
1573961,20211201,220115276,E.S.E. Centro de Salud - Floresta,2.1.1.01.03.001.02,INDEMNIZACION POR VACACIONES,GASTOS,FUNCIONAMIENTO,GASTOS DE PERSONAL,PLANTA DE PERSONAL PERMANENTE,REMUNERACIONES NO CONSTITUTIVAS DE FACTOR SALARIAL,PRESTACIONES SOCIALES,INDEMNIZACION POR VACACIONES,No Aplica,No Aplica,No Aplica,VIGENCIA ACTUAL,ENTIDADES TERRITORIALES - SALUD,NO DEFINIDO,NO DEFINIDO,SALUD Y PROTECCION SOCIAL,4977620.0,6977620.0,2021,Cuarto Trimestre,,,,,,,,,,,,,,,,,,,,,,
1574796,20220301,220115276,E.S.E. Centro de Salud - Floresta,2.4.1.01.02,CONTRIBUCIONES INHERENTES A LA NOMINA,GASTOS,GASTOS DE OPERACION COMERCIAL,GASTOS DE PERSONAL,PLANTA DE PERSONAL PERMANENTE,CONTRIBUCIONES INHERENTES A LA NOMINA,No Aplica,No Aplica,No Aplica,No Aplica,No Aplica,VIGENCIA ACTUAL,ENTIDADES DIFERENTES A ENTIDADES TERRITORIALES - GESTION GENERAL,NO DEFINIDO,NO DEFINIDO,NO DEFINIDO,52118300.0,52118300.0,2022,Primer Trimestre,,,,,,,,,,,,,,,,,,,,,,
1575894,20220301,220115276,E.S.E. Centro de Salud - Floresta,2.1.2.01.01.003.04.06,OTRO EQUIPO ELECTRICO Y SUS PARTES Y PIEZAS,GASTOS,FUNCIONAMIENTO,ADQUISICION DE BIENES Y SERVICIOS,ADQUISICION DE ACTIVOS NO FINANCIEROS,ACTIVOS FIJOS,MAQUINARIA Y EQUIPO,MAQUINARIA Y APARATOS ELECTRICOS,OTRO EQUIPO ELECTRICO Y SUS PARTES Y PIEZAS,No Aplica,No Aplica,VIGENCIA ACTUAL,ENTIDADES DIFERENTES A ENTIDADES TERRITORIALES - GESTION GENERAL,NO DEFINIDO,NO DEFINIDO,NO APLICA,2500000.0,2500000.0,2022,Primer Trimestre,,,,,,,,,,,,,,,,,,,,,,
1576832,20221201,220115276,E.S.E. Centro de Salud - Floresta,2.4.1.01.03.001.02,INDEMNIZACION POR VACACIONES,GASTOS,GASTOS DE OPERACION COMERCIAL,GASTOS DE PERSONAL,PLANTA DE PERSONAL PERMANENTE,REMUNERACIONES NO CONSTITUTIVAS DE FACTOR SALARIAL,PRESTACIONES SOCIALES,INDEMNIZACION POR VACACIONES,No Aplica,No Aplica,No Aplica,VIGENCIA ACTUAL,ENTIDADES DIFERENTES A ENTIDADES TERRITORIALES - GESTION GENERAL,NO DEFINIDO,NO DEFINIDO,NO APLICA,4000000.0,4000000.0,2022,Cuarto Trimestre,,,,,,,,,,,,,,,,,,,,,,
1578476,20220601,220115276,E.S.E. Centro de Salud - Floresta,2.1.2.01.01.003.07,EQUIPO DE TRANSPORTE,GASTOS,FUNCIONAMIENTO,ADQUISICION DE BIENES Y SERVICIOS,ADQUISICION DE ACTIVOS NO FINANCIEROS,ACTIVOS FIJOS,MAQUINARIA Y EQUIPO,EQUIPO DE TRANSPORTE,No Aplica,No Aplica,No Aplica,VIGENCIA ACTUAL,ENTIDADES DIFERENTES A ENTIDADES TERRITORIALES - GESTION GENERAL,NO DEFINIDO,NO DEFINIDO,NO DEFINIDO,4000000.0,5000000.0,2022,Segundo Trimestre,,,,,,,,,,,,,,,,,,,,,,
1579187,20230601,220115276,E.S.E. Centro de Salud - Floresta,2.4.1.01.03.001,PRESTACIONES SOCIALES,GASTOS,GASTOS DE OPERACION COMERCIAL,GASTOS DE PERSONAL,PLANTA DE PERSONAL PERMANENTE,REMUNERACIONES NO CONSTITUTIVAS DE FACTOR SALARIAL,PRESTACIONES SOCIALES,No Aplica,No Aplica,No Aplica,No Aplica,VIGENCIA ACTUAL,ENTIDADES DIFERENTES A ENTIDADES TERRITORIALES - UNIDAD DE SALUD,NO DEFINIDO,NO DEFINIDO,NO DEFINIDO,18642292.0,18642292.0,2023,Segundo Trimestre,,,,,,,,,,,,,,,,,,,,,,
1579259,20230301,220115276,E.S.E. Centro de Salud - Floresta,2.1.8.04.07,CONTRIBUCION DE VIGILANCIA - SUPERINTENDENCIA NACIONAL DE SALUD,GASTOS,FUNCIONAMIENTO,"GASTOS POR TRIBUTOS, TASAS, CONTRIBUCIONES, MULTAS, SANCIONES E INTERESES DE MORA",CONTRIBUCIONES,CONTRIBUCION DE VIGILANCIA - SUPERINTENDENCIA NACIONAL DE SALUD,No Aplica,No Aplica,No Aplica,No Aplica,No Aplica,VIGENCIA ACTUAL,ENTIDADES TERRITORIALES - SALUD,NO DEFINIDO,NO DEFINIDO,NO APLICA,850000.0,850000.0,2023,Primer Trimestre,,,,,,,,,,,,,,,,,,,,,,
1583257,20210601,220115276,E.S.E. Centro de Salud - Floresta,2.1,FUNCIONAMIENTO,GASTOS,FUNCIONAMIENTO,No Aplica,No Aplica,No Aplica,No Aplica,No Aplica,No Aplica,No Aplica,No Aplica,VIGENCIA ACTUAL,ENTIDADES DIFERENTES A ENTIDADES TERRITORIALES - UNIDAD DE SALUD,NO DEFINIDO,NO DEFINIDO,NO DEFINIDO,530110000.0,701602943.0,2021,Segundo Trimestre,,,,,,,,,,,,,,,,,,,,,,
1587257,20220901,220115276,E.S.E. Centro de Salud - Floresta,2.1.1.01,PLANTA DE PERSONAL PERMANENTE,GASTOS,FUNCIONAMIENTO,GASTOS DE PERSONAL,PLANTA DE PERSONAL PERMANENTE,No Aplica,No Aplica,No Aplica,No Aplica,No Aplica,No Aplica,VIGENCIA ACTUAL,ENTIDADES DIFERENTES A ENTIDADES TERRITORIALES - GESTION GENERAL,NO DEFINIDO,NO DEFINIDO,NO DEFINIDO,100602042.0,123836779.0,2022,Tercer Trimestre,,,,,,,,,,,,,,,,,,,,,,
1587436,20230301,220115276,E.S.E. Centro de Salud - Floresta,2.1.3,TRANSFERENCIAS CORRIENTES,GASTOS,FUNCIONAMIENTO,TRANSFERENCIAS CORRIENTES,No Aplica,No Aplica,No Aplica,No Aplica,No Aplica,No Aplica,No Aplica,VIGENCIA ACTUAL,ENTIDADES TERRITORIALES - SALUD,NO DEFINIDO,NO DEFINIDO,NO DEFINIDO,1000000.0,1000000.0,2023,Primer Trimestre,,,,,,,,,,,,,,,,,,,,,,
1590394,20220301,220115276,E.S.E. Centro de Salud - Floresta,2.4.1.01.01.001.08.01,PRIMA DE NAVIDAD,GASTOS,GASTOS DE OPERACION COMERCIAL,GASTOS DE PERSONAL,PLANTA DE PERSONAL PERMANENTE,FACTORES CONSTITUTIVOS DE SALARIO,FACTORES SALARIALES COMUNES,PRESTACIONES SOCIALES,PRIMA DE NAVIDAD,No Aplica,No Aplica,VIGENCIA ACTUAL,ENTIDADES DIFERENTES A ENTIDADES TERRITORIALES - GESTION GENERAL,NO DEFINIDO,NO DEFINIDO,NO APLICA,9462353.0,9462353.0,2022,Primer Trimestre,,,,,,,,,,,,,,,,,,,,,,
1593774,20230301,220115276,E.S.E. Centro de Salud - Floresta,2.1.1.01.01.001.08.01,PRIMA DE NAVIDAD,GASTOS,FUNCIONAMIENTO,GASTOS DE PERSONAL,PLANTA DE PERSONAL PERMANENTE,FACTORES CONSTITUTIVOS DE SALARIO,FACTORES SALARIALES COMUNES,PRESTACIONES SOCIALES,PRIMA DE NAVIDAD,No Aplica,No Aplica,VIGENCIA ACTUAL,ENTIDADES TERRITORIALES - SALUD,NO DEFINIDO,NO DEFINIDO,NO APLICA,7789566.0,7789566.0,2023,Primer Trimestre,,,,,,,,,,,,,,,,,,,,,,
1594599,20220301,220115276,E.S.E. Centro de Salud - Floresta,2.1.2.02.02.008,SERVICIOS PRESTADOS A LAS EMPRESAS Y SERVICIOS DE PRODUCCION,GASTOS,FUNCIONAMIENTO,ADQUISICION DE BIENES Y SERVICIOS,ADQUISICIONES DIFERENTES DE ACTIVOS,ADQUISICION DE SERVICIOS,SERVICIOS PRESTADOS A LAS EMPRESAS Y SERVICIOS DE PRODUCCION,No Aplica,No Aplica,No Aplica,No Aplica,VIGENCIA ACTUAL,ENTIDADES DIFERENTES A ENTIDADES TERRITORIALES - GESTION GENERAL,NO DEFINIDO,NO DEFINIDO,NO APLICA,77900000.0,100415254.0,2022,Primer Trimestre,,,,,,,,,,,,,,,,,,,,,,
1596469,20221201,220115276,E.S.E. Centro de Salud - Floresta,2.1.2.02,ADQUISICIONES DIFERENTES DE ACTIVOS,GASTOS,FUNCIONAMIENTO,ADQUISICION DE BIENES Y SERVICIOS,ADQUISICIONES DIFERENTES DE ACTIVOS,No Aplica,No Aplica,No Aplica,No Aplica,No Aplica,No Aplica,VIGENCIA ACTUAL,ENTIDADES DIFERENTES A ENTIDADES TERRITORIALES - GESTION GENERAL,NO DEFINIDO,NO DEFINIDO,NO DEFINIDO,121400000.0,279618625.0,2022,Cuarto Trimestre,,,,,,,,,,,,,,,,,,,,,,
1597857,20230301,220115276,E.S.E. Centro de Salud - Floresta,2,GASTOS,GASTOS,No Aplica,No Aplica,No Aplica,No Aplica,No Aplica,No Aplica,No Aplica,No Aplica,No Aplica,VIGENCIA ACTUAL,ENTIDADES TERRITORIALES - SALUD,NO DEFINIDO,NO DEFINIDO,NO DEFINIDO,634532000.0,741556237.0,2023,Primer Trimestre,,,,,,,,,,,,,,,,,,,,,,
1603438,20220901,220115276,E.S.E. Centro de Salud - Floresta,2.1.3.13.01.001,SENTENCIAS,GASTOS,FUNCIONAMIENTO,TRANSFERENCIAS CORRIENTES,SENTENCIAS Y CONCILIACIONES,FALLOS NACIONALES,SENTENCIAS,No Aplica,No Aplica,No Aplica,No Aplica,VIGENCIA ACTUAL,ENTIDADES DIFERENTES A ENTIDADES TERRITORIALES - GESTION GENERAL,NO DEFINIDO,NO DEFINIDO,NO APLICA,1000000.0,1000000.0,2022,Tercer Trimestre,,,,,,,,,,,,,,,,,,,,,,
1605918,20221201,220115276,E.S.E. Centro de Salud - Floresta,2.1.2.01.01.003.03,"MAQUINARIA DE OFICINA, CONTABILIDAD E INFORMATICA",GASTOS,FUNCIONAMIENTO,ADQUISICION DE BIENES Y SERVICIOS,ADQUISICION DE ACTIVOS NO FINANCIEROS,ACTIVOS FIJOS,MAQUINARIA Y EQUIPO,"MAQUINARIA DE OFICINA, CONTABILIDAD E INFORMATICA",No Aplica,No Aplica,No Aplica,VIGENCIA ACTUAL,ENTIDADES DIFERENTES A ENTIDADES TERRITORIALES - GESTION GENERAL,NO DEFINIDO,NO DEFINIDO,NO DEFINIDO,1500000.0,1500000.0,2022,Cuarto Trimestre,,,,,,,,,,,,,,,,,,,,,,
1614265,20220601,220115276,E.S.E. Centro de Salud - Floresta,2.1.2.02.02.006,"COMERCIO Y DISTRIBUCION; ALOJAMIENTO; SERVICIOS DE SUMINISTRO DE COMIDAS Y BEBIDAS; SERVICIOS DE TRANSPORTE; Y SERVICIOS DE DISTRIBUCION DE ELECTRICIDAD, GAS Y AGUA",GASTOS,FUNCIONAMIENTO,ADQUISICION DE BIENES Y SERVICIOS,ADQUISICIONES DIFERENTES DE ACTIVOS,ADQUISICION DE SERVICIOS,"COMERCIO Y DISTRIBUCION; ALOJAMIENTO; SERVICIOS DE SUMINISTRO DE COMIDAS Y BEBIDAS; SERVICIOS DE TRANSPORTE; Y SERVICIOS DE DISTRIBUCION DE ELECTRICIDAD, GAS Y AGUA",No Aplica,No Aplica,No Aplica,No Aplica,VIGENCIA ACTUAL,ENTIDADES DIFERENTES A ENTIDADES TERRITORIALES - GESTION GENERAL,NO DEFINIDO,NO DEFINIDO,NO APLICA,6500000.0,16665839.0,2022,Segundo Trimestre,,,,,,,,,,,,,,,,,,,,,,
1615019,20220901,220115276,E.S.E. Centro de Salud - Floresta,2.4.1.01.03.001.03,BONIFICACION ESPECIAL DE RECREACION,GASTOS,GASTOS DE OPERACION COMERCIAL,GASTOS DE PERSONAL,PLANTA DE PERSONAL PERMANENTE,REMUNERACIONES NO CONSTITUTIVAS DE FACTOR SALARIAL,PRESTACIONES SOCIALES,BONIFICACION ESPECIAL DE RECREACION,No Aplica,No Aplica,No Aplica,VIGENCIA ACTUAL,ENTIDADES DIFERENTES A ENTIDADES TERRITORIALES - GESTION GENERAL,NO DEFINIDO,NO DEFINIDO,NO APLICA,702287.0,702287.0,2022,Tercer Trimestre,,,,,,,,,,,,,,,,,,,,,,
1616528,20210301,220115276,E.S.E. Centro de Salud - Floresta,2.1.2.02.01,MATERIALES Y SUMINISTROS,GASTOS,FUNCIONAMIENTO,ADQUISICION DE BIENES Y SERVICIOS,ADQUISICIONES DIFERENTES DE ACTIVOS,MATERIALES Y SUMINISTROS,No Aplica,No Aplica,No Aplica,No Aplica,No Aplica,VIGENCIA ACTUAL,ENTIDADES DIFERENTES A ENTIDADES TERRITORIALES - UNIDAD DE SALUD,NO DEFINIDO,NO DEFINIDO,NO DEFINIDO,9882727.0,15882727.0,2021,Primer Trimestre,,,,,,,,,,,,,,,,,,,,,,
1620040,20210601,220115276,E.S.E. Centro de Salud - Floresta,2.1.1.01.01.001.08.02,PRIMA DE VACACIONES,GASTOS,FUNCIONAMIENTO,GASTOS DE PERSONAL,PLANTA DE PERSONAL PERMANENTE,FACTORES CONSTITUTIVOS DE SALARIO,FACTORES SALARIALES COMUNES,PRESTACIONES SOCIALES,PRIMA DE VACACIONES,No Aplica,No Aplica,VIGENCIA ACTUAL,ENTIDADES DIFERENTES A ENTIDADES TERRITORIALES - UNIDAD DE SALUD,NO DEFINIDO,NO DEFINIDO,NO APLICA,9573077.0,9573077.0,2021,Segundo Trimestre,,,,,,,,,,,,,,,,,,,,,,
1622386,20220601,220115276,E.S.E. Centro de Salud - Floresta,2.1.2.02.02.008,SERVICIOS PRESTADOS A LAS EMPRESAS Y SERVICIOS DE PRODUCCION,GASTOS,FUNCIONAMIENTO,ADQUISICION DE BIENES Y SERVICIOS,ADQUISICIONES DIFERENTES DE ACTIVOS,ADQUISICION DE SERVICIOS,SERVICIOS PRESTADOS A LAS EMPRESAS Y SERVICIOS DE PRODUCCION,No Aplica,No Aplica,No Aplica,No Aplica,VIGENCIA ACTUAL,ENTIDADES DIFERENTES A ENTIDADES TERRITORIALES - GESTION GENERAL,NO DEFINIDO,NO DEFINIDO,NO APLICA,77900000.0,152415254.0,2022,Segundo Trimestre,,,,,,,,,,,,,,,,,,,,,,
1630226,20220301,220115276,E.S.E. Centro de Salud - Floresta,2.1.2.01.01.001.02,EDIFICACIONES DISTINTAS A VIVIENDAS,GASTOS,FUNCIONAMIENTO,ADQUISICION DE BIENES Y SERVICIOS,ADQUISICION DE ACTIVOS NO FINANCIEROS,ACTIVOS FIJOS,EDIFICACIONES Y ESTRUCTURAS,EDIFICACIONES DISTINTAS A VIVIENDAS,No Aplica,No Aplica,No Aplica,VIGENCIA ACTUAL,ENTIDADES DIFERENTES A ENTIDADES TERRITORIALES - GESTION GENERAL,NO DEFINIDO,NO DEFINIDO,NO DEFINIDO,3000000.0,3000000.0,2022,Primer Trimestre,,,,,,,,,,,,,,,,,,,,,,
1634002,20220901,220115276,E.S.E. Centro de Salud - Floresta,2.4.1.01.01,FACTORES CONSTITUTIVOS DE SALARIO,GASTOS,GASTOS DE OPERACION COMERCIAL,GASTOS DE PERSONAL,PLANTA DE PERSONAL PERMANENTE,FACTORES CONSTITUTIVOS DE SALARIO,No Aplica,No Aplica,No Aplica,No Aplica,No Aplica,VIGENCIA ACTUAL,ENTIDADES DIFERENTES A ENTIDADES TERRITORIALES - GESTION GENERAL,NO DEFINIDO,NO DEFINIDO,NO DEFINIDO,134303372.0,184830209.0,2022,Tercer Trimestre,,,,,,,,,,,,,,,,,,,,,,
1635523,20230601,220115276,E.S.E. Centro de Salud - Floresta,2.4.1.01.03.001.02,INDEMNIZACION POR VACACIONES,GASTOS,GASTOS DE OPERACION COMERCIAL,GASTOS DE PERSONAL,PLANTA DE PERSONAL PERMANENTE,REMUNERACIONES NO CONSTITUTIVAS DE FACTOR SALARIAL,PRESTACIONES SOCIALES,INDEMNIZACION POR VACACIONES,No Aplica,No Aplica,No Aplica,VIGENCIA ACTUAL,ENTIDADES DIFERENTES A ENTIDADES TERRITORIALES - UNIDAD DE SALUD,NO DEFINIDO,NO DEFINIDO,NO APLICA,7673191.0,7673191.0,2023,Segundo Trimestre,,,,,,,,,,,,,,,,,,,,,,
1643370,20230301,220115276,E.S.E. Centro de Salud - Floresta,2.4.5,GASTOS DE COMERCIALIZACION Y PRODUCCION,GASTOS,GASTOS DE OPERACION COMERCIAL,GASTOS DE COMERCIALIZACION Y PRODUCCION,No Aplica,No Aplica,No Aplica,No Aplica,No Aplica,No Aplica,No Aplica,VIGENCIA ACTUAL,ENTIDADES TERRITORIALES - SALUD,NO DEFINIDO,NO DEFINIDO,NO DEFINIDO,94740000.0,133929613.0,2023,Primer Trimestre,,,,,,,,,,,,,,,,,,,,,,
1643691,20220601,220115276,E.S.E. Centro de Salud - Floresta,2.4.1.01.01.001,FACTORES SALARIALES COMUNES,GASTOS,GASTOS DE OPERACION COMERCIAL,GASTOS DE PERSONAL,PLANTA DE PERSONAL PERMANENTE,FACTORES CONSTITUTIVOS DE SALARIO,FACTORES SALARIALES COMUNES,No Aplica,No Aplica,No Aplica,No Aplica,VIGENCIA ACTUAL,ENTIDADES DIFERENTES A ENTIDADES TERRITORIALES - GESTION GENERAL,NO DEFINIDO,NO DEFINIDO,NO DEFINIDO,134303371.0,180366047.0,2022,Segundo Trimestre,,,,,,,,,,,,,,,,,,,,,,
1646642,20210901,220115276,E.S.E. Centro de Salud - Floresta,2.1.3,TRANSFERENCIAS CORRIENTES,GASTOS,FUNCIONAMIENTO,TRANSFERENCIAS CORRIENTES,No Aplica,No Aplica,No Aplica,No Aplica,No Aplica,No Aplica,No Aplica,VIGENCIA ACTUAL,ENTIDADES TERRITORIALES - SALUD,NO DEFINIDO,NO DEFINIDO,NO DEFINIDO,1400000.0,1400000.0,2021,Tercer Trimestre,,,,,,,,,,,,,,,,,,,,,,
1647373,20220301,220115276,E.S.E. Centro de Salud - Floresta,2,GASTOS,GASTOS,No Aplica,No Aplica,No Aplica,No Aplica,No Aplica,No Aplica,No Aplica,No Aplica,No Aplica,VIGENCIA ACTUAL,ENTIDADES DIFERENTES A ENTIDADES TERRITORIALES - GESTION GENERAL,NO DEFINIDO,NO DEFINIDO,NO DEFINIDO,531776000.0,638991254.0,2022,Primer Trimestre,,,,,,,,,,,,,,,,,,,,,,
1650562,20211201,220115276,E.S.E. Centro de Salud - Floresta,2.1.2.02,ADQUISICIONES DIFERENTES DE ACTIVOS,GASTOS,FUNCIONAMIENTO,ADQUISICION DE BIENES Y SERVICIOS,ADQUISICIONES DIFERENTES DE ACTIVOS,No Aplica,No Aplica,No Aplica,No Aplica,No Aplica,No Aplica,VIGENCIA ACTUAL,ENTIDADES TERRITORIALES - SALUD,NO DEFINIDO,NO DEFINIDO,NO DEFINIDO,195440189.0,530243586.0,2021,Cuarto Trimestre,,,,,,,,,,,,,,,,,,,,,,
1654996,20230601,220115276,E.S.E. Centro de Salud - Floresta,2.1.2.02.02.007,SERVICIOS FINANCIEROS Y SERVICIOS CONEXOS; SERVICIOS INMOBILIARIOS; Y SERVICIOS DE ARRENDAMIENTO Y LEASING,GASTOS,FUNCIONAMIENTO,ADQUISICION DE BIENES Y SERVICIOS,ADQUISICIONES DIFERENTES DE ACTIVOS,ADQUISICION DE SERVICIOS,SERVICIOS FINANCIEROS Y SERVICIOS CONEXOS; SERVICIOS INMOBILIARIOS; Y SERVICIOS DE ARRENDAMIENTO Y LEASING,No Aplica,No Aplica,No Aplica,No Aplica,VIGENCIA ACTUAL,ENTIDADES DIFERENTES A ENTIDADES TERRITORIALES - UNIDAD DE SALUD,NO DEFINIDO,NO DEFINIDO,NO APLICA,15000000.0,15000000.0,2023,Segundo Trimestre,,,,,,,,,,,,,,,,,,,,,,
1658219,20230301,220115276,E.S.E. Centro de Salud - Floresta,2.1.2.02.02.005,CONSTRUCCION Y SERVICIOS DE LA CONSTRUCCION,GASTOS,FUNCIONAMIENTO,ADQUISICION DE BIENES Y SERVICIOS,ADQUISICIONES DIFERENTES DE ACTIVOS,ADQUISICION DE SERVICIOS,CONSTRUCCION Y SERVICIOS DE LA CONSTRUCCION,No Aplica,No Aplica,No Aplica,No Aplica,VIGENCIA ACTUAL,ENTIDADES TERRITORIALES - SALUD,NO DEFINIDO,NO DEFINIDO,NO APLICA,4000000.0,4000000.0,2023,Primer Trimestre,,,,,,,,,,,,,,,,,,,,,,
1658907,20220301,220115276,E.S.E. Centro de Salud - Floresta,2.4.1.01.01.001.10,VIATICOS DE LOS FUNCIONARIOS EN COMISION,GASTOS,GASTOS DE OPERACION COMERCIAL,GASTOS DE PERSONAL,PLANTA DE PERSONAL PERMANENTE,FACTORES CONSTITUTIVOS DE SALARIO,FACTORES SALARIALES COMUNES,VIATICOS DE LOS FUNCIONARIOS EN COMISION,No Aplica,No Aplica,No Aplica,VIGENCIA ACTUAL,ENTIDADES DIFERENTES A ENTIDADES TERRITORIALES - GESTION GENERAL,NO DEFINIDO,NO DEFINIDO,NO APLICA,2000000.0,2000000.0,2022,Primer Trimestre,,,,,,,,,,,,,,,,,,,,,,
1665011,20221201,220115276,E.S.E. Centro de Salud - Floresta,2.4.1.01.01.001.08.01,PRIMA DE NAVIDAD,GASTOS,GASTOS DE OPERACION COMERCIAL,GASTOS DE PERSONAL,PLANTA DE PERSONAL PERMANENTE,FACTORES CONSTITUTIVOS DE SALARIO,FACTORES SALARIALES COMUNES,PRESTACIONES SOCIALES,PRIMA DE NAVIDAD,No Aplica,No Aplica,VIGENCIA ACTUAL,ENTIDADES DIFERENTES A ENTIDADES TERRITORIALES - GESTION GENERAL,NO DEFINIDO,NO DEFINIDO,NO APLICA,9462353.0,13792353.0,2022,Cuarto Trimestre,,,,,,,,,,,,,,,,,,,,,,
1665433,20230601,220115276,E.S.E. Centro de Salud - Floresta,2.1.2.01.01.003.03.02,"MAQUINARIA DE INFORMATICA Y SUS PARTES, PIEZAS Y ACCESORIOS",GASTOS,FUNCIONAMIENTO,ADQUISICION DE BIENES Y SERVICIOS,ADQUISICION DE ACTIVOS NO FINANCIEROS,ACTIVOS FIJOS,MAQUINARIA Y EQUIPO,"MAQUINARIA DE OFICINA, CONTABILIDAD E INFORMATICA","MAQUINARIA DE INFORMATICA Y SUS PARTES, PIEZAS Y ACCESORIOS",No Aplica,No Aplica,VIGENCIA ACTUAL,ENTIDADES DIFERENTES A ENTIDADES TERRITORIALES - UNIDAD DE SALUD,NO DEFINIDO,NO DEFINIDO,NO APLICA,1500000.0,2302000.0,2023,Segundo Trimestre,,,,,,,,,,,,,,,,,,,,,,
1668467,20221201,220115276,E.S.E. Centro de Salud - Floresta,2.1.3.13.01.001,SENTENCIAS,GASTOS,FUNCIONAMIENTO,TRANSFERENCIAS CORRIENTES,SENTENCIAS Y CONCILIACIONES,FALLOS NACIONALES,SENTENCIAS,No Aplica,No Aplica,No Aplica,No Aplica,VIGENCIA ACTUAL,ENTIDADES DIFERENTES A ENTIDADES TERRITORIALES - GESTION GENERAL,NO DEFINIDO,NO DEFINIDO,NO APLICA,1000000.0,1000000.0,2022,Cuarto Trimestre,,,,,,,,,,,,,,,,,,,,,,
1672372,20210601,220115276,E.S.E. Centro de Salud - Floresta,2.1.2.02,ADQUISICIONES DIFERENTES DE ACTIVOS,GASTOS,FUNCIONAMIENTO,ADQUISICION DE BIENES Y SERVICIOS,ADQUISICIONES DIFERENTES DE ACTIVOS,No Aplica,No Aplica,No Aplica,No Aplica,No Aplica,No Aplica,VIGENCIA ACTUAL,ENTIDADES DIFERENTES A ENTIDADES TERRITORIALES - UNIDAD DE SALUD,NO DEFINIDO,NO DEFINIDO,NO DEFINIDO,195440189.0,384933132.0,2021,Segundo Trimestre,,,,,,,,,,,,,,,,,,,,,,
1672649,20230601,220115276,E.S.E. Centro de Salud - Floresta,2.1.2.01.01.003.07,EQUIPO DE TRANSPORTE,GASTOS,FUNCIONAMIENTO,ADQUISICION DE BIENES Y SERVICIOS,ADQUISICION DE ACTIVOS NO FINANCIEROS,ACTIVOS FIJOS,MAQUINARIA Y EQUIPO,EQUIPO DE TRANSPORTE,No Aplica,No Aplica,No Aplica,VIGENCIA ACTUAL,ENTIDADES DIFERENTES A ENTIDADES TERRITORIALES - UNIDAD DE SALUD,NO DEFINIDO,NO DEFINIDO,NO DEFINIDO,4000000.0,3198000.0,2023,Segundo Trimestre,,,,,,,,,,,,,,,,,,,,,,
1673459,20211201,220115276,E.S.E. Centro de Salud - Floresta,2.1.1.01.02.002,APORTES A LA SEGURIDAD SOCIAL EN SALUD,GASTOS,FUNCIONAMIENTO,GASTOS DE PERSONAL,PLANTA DE PERSONAL PERMANENTE,CONTRIBUCIONES INHERENTES A LA NOMINA,APORTES A LA SEGURIDAD SOCIAL EN SALUD,No Aplica,No Aplica,No Aplica,No Aplica,VIGENCIA ACTUAL,ENTIDADES TERRITORIALES - SALUD,NO DEFINIDO,NO DEFINIDO,SALUD Y PROTECCION SOCIAL,18747912.0,18747912.0,2021,Cuarto Trimestre,,,,,,,,,,,,,,,,,,,,,,
1676044,20221201,220115276,E.S.E. Centro de Salud - Floresta,2.1.3.13.01,FALLOS NACIONALES,GASTOS,FUNCIONAMIENTO,TRANSFERENCIAS CORRIENTES,SENTENCIAS Y CONCILIACIONES,FALLOS NACIONALES,No Aplica,No Aplica,No Aplica,No Aplica,No Aplica,VIGENCIA ACTUAL,ENTIDADES DIFERENTES A ENTIDADES TERRITORIALES - GESTION GENERAL,NO DEFINIDO,NO DEFINIDO,NO DEFINIDO,1000000.0,1000000.0,2022,Cuarto Trimestre,,,,,,,,,,,,,,,,,,,,,,
1676167,20220601,220115276,E.S.E. Centro de Salud - Floresta,2.4.5.01,MATERIALES Y SUMINISTROS,GASTOS,GASTOS DE OPERACION COMERCIAL,GASTOS DE COMERCIALIZACION Y PRODUCCION,MATERIALES Y SUMINISTROS,No Aplica,No Aplica,No Aplica,No Aplica,No Aplica,No Aplica,VIGENCIA ACTUAL,ENTIDADES DIFERENTES A ENTIDADES TERRITORIALES - GESTION GENERAL,NO DEFINIDO,NO DEFINIDO,NO DEFINIDO,18000000.0,67535396.0,2022,Segundo Trimestre,,,,,,,,,,,,,,,,,,,,,,
1676395,20211201,220115276,E.S.E. Centro de Salud - Floresta,2.1.3.13,SENTENCIAS Y CONCILIACIONES,GASTOS,FUNCIONAMIENTO,TRANSFERENCIAS CORRIENTES,SENTENCIAS Y CONCILIACIONES,No Aplica,No Aplica,No Aplica,No Aplica,No Aplica,No Aplica,VIGENCIA ACTUAL,ENTIDADES TERRITORIALES - SALUD,NO DEFINIDO,NO DEFINIDO,NO DEFINIDO,1400000.0,1400000.0,2021,Cuarto Trimestre,,,,,,,,,,,,,,,,,,,,,,
1678840,20220901,220115276,E.S.E. Centro de Salud - Floresta,2.1.1.01.03.001,PRESTACIONES SOCIALES,GASTOS,FUNCIONAMIENTO,GASTOS DE PERSONAL,PLANTA DE PERSONAL PERMANENTE,REMUNERACIONES NO CONSTITUTIVAS DE FACTOR SALARIAL,PRESTACIONES SOCIALES,No Aplica,No Aplica,No Aplica,No Aplica,VIGENCIA ACTUAL,ENTIDADES DIFERENTES A ENTIDADES TERRITORIALES - GESTION GENERAL,NO DEFINIDO,NO DEFINIDO,NO DEFINIDO,4911477.0,4911477.0,2022,Tercer Trimestre,,,,,,,,,,,,,,,,,,,,,,
1680315,20220901,220115276,E.S.E. Centro de Salud - Floresta,2.1.3.13,SENTENCIAS Y CONCILIACIONES,GASTOS,FUNCIONAMIENTO,TRANSFERENCIAS CORRIENTES,SENTENCIAS Y CONCILIACIONES,No Aplica,No Aplica,No Aplica,No Aplica,No Aplica,No Aplica,VIGENCIA ACTUAL,ENTIDADES DIFERENTES A ENTIDADES TERRITORIALES - GESTION GENERAL,NO DEFINIDO,NO DEFINIDO,NO DEFINIDO,1000000.0,1000000.0,2022,Tercer Trimestre,,,,,,,,,,,,,,,,,,,,,,
1688550,20230601,220115276,E.S.E. Centro de Salud - Floresta,2.1.1.01.03.001,PRESTACIONES SOCIALES,GASTOS,FUNCIONAMIENTO,GASTOS DE PERSONAL,PLANTA DE PERSONAL PERMANENTE,REMUNERACIONES NO CONSTITUTIVAS DE FACTOR SALARIAL,PRESTACIONES SOCIALES,No Aplica,No Aplica,No Aplica,No Aplica,VIGENCIA ACTUAL,ENTIDADES DIFERENTES A ENTIDADES TERRITORIALES - UNIDAD DE SALUD,NO DEFINIDO,NO DEFINIDO,NO DEFINIDO,6333023.0,6333023.0,2023,Segundo Trimestre,,,,,,,,,,,,,,,,,,,,,,
1693000,20230301,220115276,E.S.E. Centro de Salud - Floresta,2.4.1.01.03.001.03,BONIFICACION ESPECIAL DE RECREACION,GASTOS,GASTOS DE OPERACION COMERCIAL,GASTOS DE PERSONAL,PLANTA DE PERSONAL PERMANENTE,REMUNERACIONES NO CONSTITUTIVAS DE FACTOR SALARIAL,PRESTACIONES SOCIALES,BONIFICACION ESPECIAL DE RECREACION,No Aplica,No Aplica,No Aplica,VIGENCIA ACTUAL,ENTIDADES TERRITORIALES - SALUD,NO DEFINIDO,NO DEFINIDO,NO APLICA,769486.0,769486.0,2023,Primer Trimestre,,,,,,,,,,,,,,,,,,,,,,
1693171,20210601,220115276,E.S.E. Centro de Salud - Floresta,2.1.2.02.02.007,SERVICIOS FINANCIEROS Y SERVICIOS CONEXOS; SERVICIOS INMOBILIARIOS; Y SERVICIOS DE ARRENDAMIENTO Y LEASING,GASTOS,FUNCIONAMIENTO,ADQUISICION DE BIENES Y SERVICIOS,ADQUISICIONES DIFERENTES DE ACTIVOS,ADQUISICION DE SERVICIOS,SERVICIOS FINANCIEROS Y SERVICIOS CONEXOS; SERVICIOS INMOBILIARIOS; Y SERVICIOS DE ARRENDAMIENTO Y LEASING,No Aplica,No Aplica,No Aplica,No Aplica,VIGENCIA ACTUAL,ENTIDADES DIFERENTES A ENTIDADES TERRITORIALES - UNIDAD DE SALUD,NO DEFINIDO,NO DEFINIDO,NO APLICA,13800000.0,13800000.0,2021,Segundo Trimestre,,,,,,,,,,,,,,,,,,,,,,
1704948,20220601,220115276,E.S.E. Centro de Salud - Floresta,2.1,FUNCIONAMIENTO,GASTOS,FUNCIONAMIENTO,No Aplica,No Aplica,No Aplica,No Aplica,No Aplica,No Aplica,No Aplica,No Aplica,VIGENCIA ACTUAL,ENTIDADES DIFERENTES A ENTIDADES TERRITORIALES - GESTION GENERAL,NO DEFINIDO,NO DEFINIDO,NO DEFINIDO,240852042.0,363945031.0,2022,Segundo Trimestre,,,,,,,,,,,,,,,,,,,,,,
1710325,20221201,220115276,E.S.E. Centro de Salud - Floresta,2.1.2.02.02.006,"COMERCIO Y DISTRIBUCION; ALOJAMIENTO; SERVICIOS DE SUMINISTRO DE COMIDAS Y BEBIDAS; SERVICIOS DE TRANSPORTE; Y SERVICIOS DE DISTRIBUCION DE ELECTRICIDAD, GAS Y AGUA",GASTOS,FUNCIONAMIENTO,ADQUISICION DE BIENES Y SERVICIOS,ADQUISICIONES DIFERENTES DE ACTIVOS,ADQUISICION DE SERVICIOS,"COMERCIO Y DISTRIBUCION; ALOJAMIENTO; SERVICIOS DE SUMINISTRO DE COMIDAS Y BEBIDAS; SERVICIOS DE TRANSPORTE; Y SERVICIOS DE DISTRIBUCION DE ELECTRICIDAD, GAS Y AGUA",No Aplica,No Aplica,No Aplica,No Aplica,VIGENCIA ACTUAL,ENTIDADES DIFERENTES A ENTIDADES TERRITORIALES - GESTION GENERAL,NO DEFINIDO,NO DEFINIDO,NO APLICA,6500000.0,16665839.0,2022,Cuarto Trimestre,,,,,,,,,,,,,,,,,,,,,,
1719352,20230301,220115276,E.S.E. Centro de Salud - Floresta,2.1.2.02.01.002,"PRODUCTOS ALIMENTICIOS, BEBIDAS Y TABACO, TEXTILES, PRENDAS DE VESTIR Y PRODUCTOS DE CUERO",GASTOS,FUNCIONAMIENTO,ADQUISICION DE BIENES Y SERVICIOS,ADQUISICIONES DIFERENTES DE ACTIVOS,MATERIALES Y SUMINISTROS,"PRODUCTOS ALIMENTICIOS, BEBIDAS Y TABACO, TEXTILES, PRENDAS DE VESTIR Y PRODUCTOS DE CUERO",No Aplica,No Aplica,No Aplica,No Aplica,VIGENCIA ACTUAL,ENTIDADES TERRITORIALES - SALUD,NO DEFINIDO,NO DEFINIDO,NO APLICA,6000000.0,9844800.0,2023,Primer Trimestre,,,,,,,,,,,,,,,,,,,,,,
1722640,20210301,220115276,E.S.E. Centro de Salud - Floresta,2.1.1.01.01.001.06,PRIMA DE SERVICIO,GASTOS,FUNCIONAMIENTO,GASTOS DE PERSONAL,PLANTA DE PERSONAL PERMANENTE,FACTORES CONSTITUTIVOS DE SALARIO,FACTORES SALARIALES COMUNES,PRIMA DE SERVICIO,No Aplica,No Aplica,No Aplica,VIGENCIA ACTUAL,ENTIDADES DIFERENTES A ENTIDADES TERRITORIALES - UNIDAD DE SALUD,NO DEFINIDO,NO DEFINIDO,SALUD Y PROTECCION SOCIAL,9190155.0,9190155.0,2021,Primer Trimestre,,,,,,,,,,,,,,,,,,,,,,
1729723,20230601,220115276,E.S.E. Centro de Salud - Floresta,2.1.1.01.02.004,APORTES A CAJAS DE COMPENSACION FAMILIAR,GASTOS,FUNCIONAMIENTO,GASTOS DE PERSONAL,PLANTA DE PERSONAL PERMANENTE,CONTRIBUCIONES INHERENTES A LA NOMINA,APORTES A CAJAS DE COMPENSACION FAMILIAR,No Aplica,No Aplica,No Aplica,No Aplica,VIGENCIA ACTUAL,ENTIDADES DIFERENTES A ENTIDADES TERRITORIALES - UNIDAD DE SALUD,NO DEFINIDO,NO DEFINIDO,NO APLICA,4076652.0,4076652.0,2023,Segundo Trimestre,,,,,,,,,,,,,,,,,,,,,,
1734807,20230301,220115276,E.S.E. Centro de Salud - Floresta,2.1.1.01.02.005,APORTES GENERALES AL SISTEMA DE RIESGOS LABORALES,GASTOS,FUNCIONAMIENTO,GASTOS DE PERSONAL,PLANTA DE PERSONAL PERMANENTE,CONTRIBUCIONES INHERENTES A LA NOMINA,APORTES GENERALES AL SISTEMA DE RIESGOS LABORALES,No Aplica,No Aplica,No Aplica,No Aplica,VIGENCIA ACTUAL,ENTIDADES TERRITORIALES - SALUD,NO DEFINIDO,NO DEFINIDO,NO APLICA,1763446.0,1763446.0,2023,Primer Trimestre,,,,,,,,,,,,,,,,,,,,,,
1736306,20230601,220115276,E.S.E. Centro de Salud - Floresta,2.1.1.01.01.001.04,SUBSIDIO DE ALIMENTACION,GASTOS,FUNCIONAMIENTO,GASTOS DE PERSONAL,PLANTA DE PERSONAL PERMANENTE,FACTORES CONSTITUTIVOS DE SALARIO,FACTORES SALARIALES COMUNES,SUBSIDIO DE ALIMENTACION,No Aplica,No Aplica,No Aplica,VIGENCIA ACTUAL,ENTIDADES DIFERENTES A ENTIDADES TERRITORIALES - UNIDAD DE SALUD,NO DEFINIDO,NO DEFINIDO,NO APLICA,1920576.0,1920576.0,2023,Segundo Trimestre,,,,,,,,,,,,,,,,,,,,,,
1736644,20230301,220115276,E.S.E. Centro de Salud - Floresta,2.1.2.02.02.008,SERVICIOS PRESTADOS A LAS EMPRESAS Y SERVICIOS DE PRODUCCION,GASTOS,FUNCIONAMIENTO,ADQUISICION DE BIENES Y SERVICIOS,ADQUISICIONES DIFERENTES DE ACTIVOS,ADQUISICION DE SERVICIOS,SERVICIOS PRESTADOS A LAS EMPRESAS Y SERVICIOS DE PRODUCCION,No Aplica,No Aplica,No Aplica,No Aplica,VIGENCIA ACTUAL,ENTIDADES TERRITORIALES - SALUD,NO DEFINIDO,NO DEFINIDO,NO APLICA,100100000.0,122817824.0,2023,Primer Trimestre,,,,,,,,,,,,,,,,,,,,,,
1741027,20210301,220115276,E.S.E. Centro de Salud - Floresta,2.1.1.01.01.001.08.02,PRIMA DE VACACIONES,GASTOS,FUNCIONAMIENTO,GASTOS DE PERSONAL,PLANTA DE PERSONAL PERMANENTE,FACTORES CONSTITUTIVOS DE SALARIO,FACTORES SALARIALES COMUNES,PRESTACIONES SOCIALES,PRIMA DE VACACIONES,No Aplica,No Aplica,VIGENCIA ACTUAL,ENTIDADES DIFERENTES A ENTIDADES TERRITORIALES - UNIDAD DE SALUD,NO DEFINIDO,NO DEFINIDO,NO APLICA,9573077.0,9573077.0,2021,Primer Trimestre,,,,,,,,,,,,,,,,,,,,,,
1742688,20210301,220115276,E.S.E. Centro de Salud - Floresta,2.1.2.02.02.008,SERVICIOS PRESTADOS A LAS EMPRESAS Y SERVICIOS DE PRODUCCION,GASTOS,FUNCIONAMIENTO,ADQUISICION DE BIENES Y SERVICIOS,ADQUISICIONES DIFERENTES DE ACTIVOS,ADQUISICION DE SERVICIOS,SERVICIOS PRESTADOS A LAS EMPRESAS Y SERVICIOS DE PRODUCCION,No Aplica,No Aplica,No Aplica,No Aplica,VIGENCIA ACTUAL,ENTIDADES DIFERENTES A ENTIDADES TERRITORIALES - UNIDAD DE SALUD,NO DEFINIDO,NO DEFINIDO,NO APLICA,88910000.0,153908835.0,2021,Primer Trimestre,,,,,,,,,,,,,,,,,,,,,,
1745561,20220301,220115276,E.S.E. Centro de Salud - Floresta,2.4.1.01.01.001.01,SUELDO BASICO,GASTOS,GASTOS DE OPERACION COMERCIAL,GASTOS DE PERSONAL,PLANTA DE PERSONAL PERMANENTE,FACTORES CONSTITUTIVOS DE SALARIO,FACTORES SALARIALES COMUNES,SUELDO BASICO,No Aplica,No Aplica,No Aplica,VIGENCIA ACTUAL,ENTIDADES DIFERENTES A ENTIDADES TERRITORIALES - GESTION GENERAL,NO DEFINIDO,NO DEFINIDO,NO APLICA,108658308.0,108658308.0,2022,Primer Trimestre,,,,,,,,,,,,,,,,,,,,,,
1749076,20230601,220115276,E.S.E. Centro de Salud - Floresta,2.1.1.01.01.001.08.02,PRIMA DE VACACIONES,GASTOS,FUNCIONAMIENTO,GASTOS DE PERSONAL,PLANTA DE PERSONAL PERMANENTE,FACTORES CONSTITUTIVOS DE SALARIO,FACTORES SALARIALES COMUNES,PRESTACIONES SOCIALES,PRIMA DE VACACIONES,No Aplica,No Aplica,VIGENCIA ACTUAL,ENTIDADES DIFERENTES A ENTIDADES TERRITORIALES - UNIDAD DE SALUD,NO DEFINIDO,NO DEFINIDO,NO APLICA,3957059.0,3957059.0,2023,Segundo Trimestre,,,,,,,,,,,,,,,,,,,,,,
1753088,20220601,220115276,E.S.E. Centro de Salud - Floresta,2.1.3,TRANSFERENCIAS CORRIENTES,GASTOS,FUNCIONAMIENTO,TRANSFERENCIAS CORRIENTES,No Aplica,No Aplica,No Aplica,No Aplica,No Aplica,No Aplica,No Aplica,VIGENCIA ACTUAL,ENTIDADES DIFERENTES A ENTIDADES TERRITORIALES - GESTION GENERAL,NO DEFINIDO,NO DEFINIDO,NO DEFINIDO,1000000.0,1000000.0,2022,Segundo Trimestre,,,,,,,,,,,,,,,,,,,,,,
1757347,20230301,220115276,E.S.E. Centro de Salud - Floresta,2.4.1.01.01.001.10,VIATICOS DE LOS FUNCIONARIOS EN COMISION,GASTOS,GASTOS DE OPERACION COMERCIAL,GASTOS DE PERSONAL,PLANTA DE PERSONAL PERMANENTE,FACTORES CONSTITUTIVOS DE SALARIO,FACTORES SALARIALES COMUNES,VIATICOS DE LOS FUNCIONARIOS EN COMISION,No Aplica,No Aplica,No Aplica,VIGENCIA ACTUAL,ENTIDADES TERRITORIALES - SALUD,NO DEFINIDO,NO DEFINIDO,NO APLICA,2000000.0,2000000.0,2023,Primer Trimestre,,,,,,,,,,,,,,,,,,,,,,
1764784,20210601,220115276,E.S.E. Centro de Salud - Floresta,2.1.1,GASTOS DE PERSONAL,GASTOS,FUNCIONAMIENTO,GASTOS DE PERSONAL,No Aplica,No Aplica,No Aplica,No Aplica,No Aplica,No Aplica,No Aplica,VIGENCIA ACTUAL,ENTIDADES DIFERENTES A ENTIDADES TERRITORIALES - UNIDAD DE SALUD,NO DEFINIDO,NO DEFINIDO,NO DEFINIDO,332669811.0,314669811.0,2021,Segundo Trimestre,,,,,,,,,,,,,,,,,,,,,,
1767599,20210301,220115276,E.S.E. Centro de Salud - Floresta,2.1.1.01.01.001.07,BONIFICACION POR SERVICIOS PRESTADOS,GASTOS,FUNCIONAMIENTO,GASTOS DE PERSONAL,PLANTA DE PERSONAL PERMANENTE,FACTORES CONSTITUTIVOS DE SALARIO,FACTORES SALARIALES COMUNES,BONIFICACION POR SERVICIOS PRESTADOS,No Aplica,No Aplica,No Aplica,VIGENCIA ACTUAL,ENTIDADES DIFERENTES A ENTIDADES TERRITORIALES - UNIDAD DE SALUD,NO DEFINIDO,NO DEFINIDO,NO APLICA,8266618.0,8266618.0,2021,Primer Trimestre,,,,,,,,,,,,,,,,,,,,,,
1768000,20221201,220115276,E.S.E. Centro de Salud - Floresta,2.1.2.01.01.001.02.08,EDIFICIOS RELACIONADOS CON SALUD,GASTOS,FUNCIONAMIENTO,ADQUISICION DE BIENES Y SERVICIOS,ADQUISICION DE ACTIVOS NO FINANCIEROS,ACTIVOS FIJOS,EDIFICACIONES Y ESTRUCTURAS,EDIFICACIONES DISTINTAS A VIVIENDAS,EDIFICIOS RELACIONADOS CON SALUD,No Aplica,No Aplica,VIGENCIA ACTUAL,ENTIDADES DIFERENTES A ENTIDADES TERRITORIALES - GESTION GENERAL,NO DEFINIDO,NO DEFINIDO,NO APLICA,3000000.0,11600000.0,2022,Cuarto Trimestre,,,,,,,,,,,,,,,,,,,,,,
1780865,20220601,220115276,E.S.E. Centro de Salud - Floresta,2.4.1.01.03.001,PRESTACIONES SOCIALES,GASTOS,GASTOS DE OPERACION COMERCIAL,GASTOS DE PERSONAL,PLANTA DE PERSONAL PERMANENTE,REMUNERACIONES NO CONSTITUTIVAS DE FACTOR SALARIAL,PRESTACIONES SOCIALES,No Aplica,No Aplica,No Aplica,No Aplica,VIGENCIA ACTUAL,ENTIDADES DIFERENTES A ENTIDADES TERRITORIALES - GESTION GENERAL,NO DEFINIDO,NO DEFINIDO,NO DEFINIDO,8202287.0,8202287.0,2022,Segundo Trimestre,,,,,,,,,,,,,,,,,,,,,,
1784636,20211201,220115276,E.S.E. Centro de Salud - Floresta,2.1.1.01.03.001.01,VACACIONES,GASTOS,FUNCIONAMIENTO,GASTOS DE PERSONAL,PLANTA DE PERSONAL PERMANENTE,REMUNERACIONES NO CONSTITUTIVAS DE FACTOR SALARIAL,PRESTACIONES SOCIALES,VACACIONES,No Aplica,No Aplica,No Aplica,VIGENCIA ACTUAL,ENTIDADES TERRITORIALES - SALUD,NO DEFINIDO,NO DEFINIDO,SALUD Y PROTECCION SOCIAL,8650941.0,9650941.0,2021,Cuarto Trimestre,,,,,,,,,,,,,,,,,,,,,,
1785268,20220301,220115276,E.S.E. Centro de Salud - Floresta,2.1.2.01.01.003,MAQUINARIA Y EQUIPO,GASTOS,FUNCIONAMIENTO,ADQUISICION DE BIENES Y SERVICIOS,ADQUISICION DE ACTIVOS NO FINANCIEROS,ACTIVOS FIJOS,MAQUINARIA Y EQUIPO,No Aplica,No Aplica,No Aplica,No Aplica,VIGENCIA ACTUAL,ENTIDADES DIFERENTES A ENTIDADES TERRITORIALES - GESTION GENERAL,NO DEFINIDO,NO DEFINIDO,NO DEFINIDO,13000000.0,17000000.0,2022,Primer Trimestre,,,,,,,,,,,,,,,,,,,,,,
1786338,20230301,220115276,E.S.E. Centro de Salud - Floresta,2.1.1.01.02.001,APORTES A LA SEGURIDAD SOCIAL EN PENSIONES,GASTOS,FUNCIONAMIENTO,GASTOS DE PERSONAL,PLANTA DE PERSONAL PERMANENTE,CONTRIBUCIONES INHERENTES A LA NOMINA,APORTES A LA SEGURIDAD SOCIAL EN PENSIONES,No Aplica,No Aplica,No Aplica,No Aplica,VIGENCIA ACTUAL,ENTIDADES TERRITORIALES - SALUD,NO DEFINIDO,NO DEFINIDO,NO APLICA,8580675.0,8580675.0,2023,Primer Trimestre,,,,,,,,,,,,,,,,,,,,,,
1789192,20220301,220115276,E.S.E. Centro de Salud - Floresta,2.1.1.01.01.001.06,PRIMA DE SERVICIO,GASTOS,FUNCIONAMIENTO,GASTOS DE PERSONAL,PLANTA DE PERSONAL PERMANENTE,FACTORES CONSTITUTIVOS DE SALARIO,FACTORES SALARIALES COMUNES,PRIMA DE SERVICIO,No Aplica,No Aplica,No Aplica,VIGENCIA ACTUAL,ENTIDADES DIFERENTES A ENTIDADES TERRITORIALES - GESTION GENERAL,NO DEFINIDO,NO DEFINIDO,NO APLICA,2896880.0,2896880.0,2022,Primer Trimestre,,,,,,,,,,,,,,,,,,,,,,
1790763,20220901,220115276,E.S.E. Centro de Salud - Floresta,2.1.2.02.02,ADQUISICION DE SERVICIOS,GASTOS,FUNCIONAMIENTO,ADQUISICION DE BIENES Y SERVICIOS,ADQUISICIONES DIFERENTES DE ACTIVOS,ADQUISICION DE SERVICIOS,No Aplica,No Aplica,No Aplica,No Aplica,No Aplica,VIGENCIA ACTUAL,ENTIDADES DIFERENTES A ENTIDADES TERRITORIALES - GESTION GENERAL,NO DEFINIDO,NO DEFINIDO,NO DEFINIDO,103400000.0,196551413.0,2022,Tercer Trimestre,,,,,,,,,,,,,,,,,,,,,,
1793861,20210901,220115276,E.S.E. Centro de Salud - Floresta,2.1.2.02.02.009,"SERVICIOS PARA LA COMUNIDAD, SOCIALES Y PERSONALES",GASTOS,FUNCIONAMIENTO,ADQUISICION DE BIENES Y SERVICIOS,ADQUISICIONES DIFERENTES DE ACTIVOS,ADQUISICION DE SERVICIOS,"SERVICIOS PARA LA COMUNIDAD, SOCIALES Y PERSONALES",No Aplica,No Aplica,No Aplica,No Aplica,VIGENCIA ACTUAL,ENTIDADES TERRITORIALES - SALUD,NO DEFINIDO,NO DEFINIDO,NO APLICA,77847462.0,139347462.0,2021,Tercer Trimestre,,,,,,,,,,,,,,,,,,,,,,
1794074,20230301,220115276,E.S.E. Centro de Salud - Floresta,2.1.2.01.01.003.03.02,"MAQUINARIA DE INFORMATICA Y SUS PARTES, PIEZAS Y ACCESORIOS",GASTOS,FUNCIONAMIENTO,ADQUISICION DE BIENES Y SERVICIOS,ADQUISICION DE ACTIVOS NO FINANCIEROS,ACTIVOS FIJOS,MAQUINARIA Y EQUIPO,"MAQUINARIA DE OFICINA, CONTABILIDAD E INFORMATICA","MAQUINARIA DE INFORMATICA Y SUS PARTES, PIEZAS Y ACCESORIOS",No Aplica,No Aplica,VIGENCIA ACTUAL,ENTIDADES TERRITORIALES - SALUD,NO DEFINIDO,NO DEFINIDO,NO APLICA,1500000.0,1500000.0,2023,Primer Trimestre,,,,,,,,,,,,,,,,,,,,,,
1795386,20230301,220115276,E.S.E. Centro de Salud - Floresta,2.4.1.01.02.007,APORTES AL SENA,GASTOS,GASTOS DE OPERACION COMERCIAL,GASTOS DE PERSONAL,PLANTA DE PERSONAL PERMANENTE,CONTRIBUCIONES INHERENTES A LA NOMINA,APORTES AL SENA,No Aplica,No Aplica,No Aplica,No Aplica,VIGENCIA ACTUAL,ENTIDADES TERRITORIALES - SALUD,NO DEFINIDO,NO DEFINIDO,NO APLICA,3805719.0,3805719.0,2023,Primer Trimestre,,,,,,,,,,,,,,,,,,,,,,
1795806,20220901,220115276,E.S.E. Centro de Salud - Floresta,2.1.1.01.01.001.04,SUBSIDIO DE ALIMENTACION,GASTOS,FUNCIONAMIENTO,GASTOS DE PERSONAL,PLANTA DE PERSONAL PERMANENTE,FACTORES CONSTITUTIVOS DE SALARIO,FACTORES SALARIALES COMUNES,SUBSIDIO DE ALIMENTACION,No Aplica,No Aplica,No Aplica,VIGENCIA ACTUAL,ENTIDADES DIFERENTES A ENTIDADES TERRITORIALES - GESTION GENERAL,NO DEFINIDO,NO DEFINIDO,NO APLICA,1864000.0,2154996.0,2022,Tercer Trimestre,,,,,,,,,,,,,,,,,,,,,,
1802893,20220901,220115276,E.S.E. Centro de Salud - Floresta,2.4.1.01.02.006,APORTES AL ICBF,GASTOS,GASTOS DE OPERACION COMERCIAL,GASTOS DE PERSONAL,PLANTA DE PERSONAL PERMANENTE,CONTRIBUCIONES INHERENTES A LA NOMINA,APORTES AL ICBF,No Aplica,No Aplica,No Aplica,No Aplica,VIGENCIA ACTUAL,ENTIDADES DIFERENTES A ENTIDADES TERRITORIALES - GESTION GENERAL,NO DEFINIDO,NO DEFINIDO,NO APLICA,4720417.0,4720417.0,2022,Tercer Trimestre,,,,,,,,,,,,,,,,,,,,,,
1809591,20220301,220115276,E.S.E. Centro de Salud - Floresta,2.1.2.02,ADQUISICIONES DIFERENTES DE ACTIVOS,GASTOS,FUNCIONAMIENTO,ADQUISICION DE BIENES Y SERVICIOS,ADQUISICIONES DIFERENTES DE ACTIVOS,No Aplica,No Aplica,No Aplica,No Aplica,No Aplica,No Aplica,VIGENCIA ACTUAL,ENTIDADES DIFERENTES A ENTIDADES TERRITORIALES - GESTION GENERAL,NO DEFINIDO,NO DEFINIDO,NO DEFINIDO,121400000.0,156415254.0,2022,Primer Trimestre,,,,,,,,,,,,,,,,,,,,,,
1812091,20210601,220115276,E.S.E. Centro de Salud - Floresta,2.1.1.01.02.003,APORTES DE CESANTIAS,GASTOS,FUNCIONAMIENTO,GASTOS DE PERSONAL,PLANTA DE PERSONAL PERMANENTE,CONTRIBUCIONES INHERENTES A LA NOMINA,APORTES DE CESANTIAS,No Aplica,No Aplica,No Aplica,No Aplica,VIGENCIA ACTUAL,ENTIDADES DIFERENTES A ENTIDADES TERRITORIALES - UNIDAD DE SALUD,NO DEFINIDO,NO DEFINIDO,NO APLICA,10651652.0,10651652.0,2021,Segundo Trimestre,,,,,,,,,,,,,,,,,,,,,,
1813177,20230301,220115276,E.S.E. Centro de Salud - Floresta,2.1.2,ADQUISICION DE BIENES Y SERVICIOS,GASTOS,FUNCIONAMIENTO,ADQUISICION DE BIENES Y SERVICIOS,No Aplica,No Aplica,No Aplica,No Aplica,No Aplica,No Aplica,No Aplica,VIGENCIA ACTUAL,ENTIDADES TERRITORIALES - SALUD,NO DEFINIDO,NO DEFINIDO,NO DEFINIDO,161600000.0,217162624.0,2023,Primer Trimestre,,,,,,,,,,,,,,,,,,,,,,
1813773,20221201,220115276,E.S.E. Centro de Salud - Floresta,2.1.1.01.02.003,APORTES DE CESANTIAS,GASTOS,FUNCIONAMIENTO,GASTOS DE PERSONAL,PLANTA DE PERSONAL PERMANENTE,CONTRIBUCIONES INHERENTES A LA NOMINA,APORTES DE CESANTIAS,No Aplica,No Aplica,No Aplica,No Aplica,VIGENCIA ACTUAL,ENTIDADES DIFERENTES A ENTIDADES TERRITORIALES - GESTION GENERAL,NO DEFINIDO,NO DEFINIDO,NO APLICA,2627778.0,8787778.0,2022,Cuarto Trimestre,,,,,,,,,,,,,,,,,,,,,,
1816051,20220301,220115276,E.S.E. Centro de Salud - Floresta,2.1.2.01.01.003.06.01,APARATOS MEDICOS Y QUIRURGICOS Y APARATOS ORTESICOS Y PROTESICOS,GASTOS,FUNCIONAMIENTO,ADQUISICION DE BIENES Y SERVICIOS,ADQUISICION DE ACTIVOS NO FINANCIEROS,ACTIVOS FIJOS,MAQUINARIA Y EQUIPO,"APARATOS MEDICOS, INSTRUMENTOS OPTICOS Y DE PRECISION, RELOJES",APARATOS MEDICOS Y QUIRURGICOS Y APARATOS ORTESICOS Y PROTESICOS,No Aplica,No Aplica,VIGENCIA ACTUAL,ENTIDADES DIFERENTES A ENTIDADES TERRITORIALES - GESTION GENERAL,NO DEFINIDO,NO DEFINIDO,NO APLICA,5000000.0,8000000.0,2022,Primer Trimestre,,,,,,,,,,,,,,,,,,,,,,
1816532,20220901,220115276,E.S.E. Centro de Salud - Floresta,2.4.5.02.09,"SERVICIOS PARA LA COMUNIDAD, SOCIALES Y PERSONALES",GASTOS,GASTOS DE OPERACION COMERCIAL,GASTOS DE COMERCIALIZACION Y PRODUCCION,ADQUISICION DE SERVICIOS,"SERVICIOS PARA LA COMUNIDAD, SOCIALES Y PERSONALES",No Aplica,No Aplica,No Aplica,No Aplica,No Aplica,VIGENCIA ACTUAL,ENTIDADES DIFERENTES A ENTIDADES TERRITORIALES - GESTION GENERAL,NO DEFINIDO,NO DEFINIDO,NO APLICA,72300000.0,168263378.0,2022,Tercer Trimestre,,,,,,,,,,,,,,,,,,,,,,
1816895,20230601,220115276,E.S.E. Centro de Salud - Floresta,2.1.2,ADQUISICION DE BIENES Y SERVICIOS,GASTOS,FUNCIONAMIENTO,ADQUISICION DE BIENES Y SERVICIOS,No Aplica,No Aplica,No Aplica,No Aplica,No Aplica,No Aplica,No Aplica,VIGENCIA ACTUAL,ENTIDADES DIFERENTES A ENTIDADES TERRITORIALES - UNIDAD DE SALUD,NO DEFINIDO,NO DEFINIDO,NO DEFINIDO,161600000.0,318553764.0,2023,Segundo Trimestre,,,,,,,,,,,,,,,,,,,,,,
1820635,20230301,220115276,E.S.E. Centro de Salud - Floresta,2.1.2.02.01.003,"OTROS BIENES TRANSPORTABLES EXCEPTO PRODUCTOS METALICOS, MAQUINARIA Y EQUIPO",GASTOS,FUNCIONAMIENTO,ADQUISICION DE BIENES Y SERVICIOS,ADQUISICIONES DIFERENTES DE ACTIVOS,MATERIALES Y SUMINISTROS,"OTROS BIENES TRANSPORTABLES EXCEPTO PRODUCTOS METALICOS, MAQUINARIA Y EQUIPO",No Aplica,No Aplica,No Aplica,No Aplica,VIGENCIA ACTUAL,ENTIDADES TERRITORIALES - SALUD,NO DEFINIDO,NO DEFINIDO,NO APLICA,6000000.0,25000000.0,2023,Primer Trimestre,,,,,,,,,,,,,,,,,,,,,,
1822776,20220601,220115276,E.S.E. Centro de Salud - Floresta,2.1.1.01.02.001,APORTES A LA SEGURIDAD SOCIAL EN PENSIONES,GASTOS,FUNCIONAMIENTO,GASTOS DE PERSONAL,PLANTA DE PERSONAL PERMANENTE,CONTRIBUCIONES INHERENTES A LA NOMINA,APORTES A LA SEGURIDAD SOCIAL EN PENSIONES,No Aplica,No Aplica,No Aplica,No Aplica,VIGENCIA ACTUAL,ENTIDADES DIFERENTES A ENTIDADES TERRITORIALES - GESTION GENERAL,NO DEFINIDO,NO DEFINIDO,NO APLICA,6075618.0,6075618.0,2022,Segundo Trimestre,,,,,,,,,,,,,,,,,,,,,,
1823984,20220301,220115276,E.S.E. Centro de Salud - Floresta,2.1.2.02.01,MATERIALES Y SUMINISTROS,GASTOS,FUNCIONAMIENTO,ADQUISICION DE BIENES Y SERVICIOS,ADQUISICIONES DIFERENTES DE ACTIVOS,MATERIALES Y SUMINISTROS,No Aplica,No Aplica,No Aplica,No Aplica,No Aplica,VIGENCIA ACTUAL,ENTIDADES DIFERENTES A ENTIDADES TERRITORIALES - GESTION GENERAL,NO DEFINIDO,NO DEFINIDO,NO DEFINIDO,18000000.0,27500000.0,2022,Primer Trimestre,,,,,,,,,,,,,,,,,,,,,,
1824237,20220601,220115276,E.S.E. Centro de Salud - Floresta,2.1.2.01.01.003.07.01,"VEHICULOS AUTOMOTORES, REMOLQUES Y SEMIRREMOLQUES, Y SUS PARTES, PIEZAS Y ACCESORIOS",GASTOS,FUNCIONAMIENTO,ADQUISICION DE BIENES Y SERVICIOS,ADQUISICION DE ACTIVOS NO FINANCIEROS,ACTIVOS FIJOS,MAQUINARIA Y EQUIPO,EQUIPO DE TRANSPORTE,"VEHICULOS AUTOMOTORES, REMOLQUES Y SEMIRREMOLQUES, Y SUS PARTES, PIEZAS Y ACCESORIOS",No Aplica,No Aplica,VIGENCIA ACTUAL,ENTIDADES DIFERENTES A ENTIDADES TERRITORIALES - GESTION GENERAL,NO DEFINIDO,NO DEFINIDO,NO APLICA,4000000.0,5000000.0,2022,Segundo Trimestre,,,,,,,,,,,,,,,,,,,,,,
1826803,20210601,220115276,E.S.E. Centro de Salud - Floresta,2.1.8,"GASTOS POR TRIBUTOS, TASAS, CONTRIBUCIONES, MULTAS, SANCIONES E INTERESES DE MORA",GASTOS,FUNCIONAMIENTO,"GASTOS POR TRIBUTOS, TASAS, CONTRIBUCIONES, MULTAS, SANCIONES E INTERESES DE MORA",No Aplica,No Aplica,No Aplica,No Aplica,No Aplica,No Aplica,No Aplica,VIGENCIA ACTUAL,ENTIDADES DIFERENTES A ENTIDADES TERRITORIALES - UNIDAD DE SALUD,NO DEFINIDO,NO DEFINIDO,NO DEFINIDO,600000.0,600000.0,2021,Segundo Trimestre,,,,,,,,,,,,,,,,,,,,,,
1828590,20210301,220115276,E.S.E. Centro de Salud - Floresta,2.1.1.01.02.005,APORTES GENERALES AL SISTEMA DE RIESGOS LABORALES,GASTOS,FUNCIONAMIENTO,GASTOS DE PERSONAL,PLANTA DE PERSONAL PERMANENTE,CONTRIBUCIONES INHERENTES A LA NOMINA,APORTES GENERALES AL SISTEMA DE RIESGOS LABORALES,No Aplica,No Aplica,No Aplica,No Aplica,VIGENCIA ACTUAL,ENTIDADES DIFERENTES A ENTIDADES TERRITORIALES - UNIDAD DE SALUD,NO DEFINIDO,NO DEFINIDO,NO APLICA,3800000.0,3800000.0,2021,Primer Trimestre,,,,,,,,,,,,,,,,,,,,,,
1832708,20220901,220115276,E.S.E. Centro de Salud - Floresta,2.1.3,TRANSFERENCIAS CORRIENTES,GASTOS,FUNCIONAMIENTO,TRANSFERENCIAS CORRIENTES,No Aplica,No Aplica,No Aplica,No Aplica,No Aplica,No Aplica,No Aplica,VIGENCIA ACTUAL,ENTIDADES DIFERENTES A ENTIDADES TERRITORIALES - GESTION GENERAL,NO DEFINIDO,NO DEFINIDO,NO DEFINIDO,1000000.0,1000000.0,2022,Tercer Trimestre,,,,,,,,,,,,,,,,,,,,,,
1838881,20220901,220115276,E.S.E. Centro de Salud - Floresta,2,GASTOS,GASTOS,No Aplica,No Aplica,No Aplica,No Aplica,No Aplica,No Aplica,No Aplica,No Aplica,No Aplica,VIGENCIA ACTUAL,ENTIDADES DIFERENTES A ENTIDADES TERRITORIALES - GESTION GENERAL,NO DEFINIDO,NO DEFINIDO,NO DEFINIDO,531776001.0,928591113.0,2022,Tercer Trimestre,,,,,,,,,,,,,,,,,,,,,,
1839799,20220601,220115276,E.S.E. Centro de Salud - Floresta,2.4.1.01.01.001.04,SUBSIDIO DE ALIMENTACION,GASTOS,GASTOS DE OPERACION COMERCIAL,GASTOS DE PERSONAL,PLANTA DE PERSONAL PERMANENTE,FACTORES CONSTITUTIVOS DE SALARIO,FACTORES SALARIALES COMUNES,SUBSIDIO DE ALIMENTACION,No Aplica,No Aplica,No Aplica,VIGENCIA ACTUAL,ENTIDADES DIFERENTES A ENTIDADES TERRITORIALES - GESTION GENERAL,NO DEFINIDO,NO DEFINIDO,NO APLICA,2592000.0,3173992.0,2022,Segundo Trimestre,,,,,,,,,,,,,,,,,,,,,,
1840564,20220301,220115276,E.S.E. Centro de Salud - Floresta,2.4.1,GASTOS DE PERSONAL,GASTOS,GASTOS DE OPERACION COMERCIAL,GASTOS DE PERSONAL,No Aplica,No Aplica,No Aplica,No Aplica,No Aplica,No Aplica,No Aplica,VIGENCIA ACTUAL,ENTIDADES DIFERENTES A ENTIDADES TERRITORIALES - GESTION GENERAL,NO DEFINIDO,NO DEFINIDO,NO DEFINIDO,194623958.0,194623958.0,2022,Primer Trimestre,,,,,,,,,,,,,,,,,,,,,,
1846663,20220901,220115276,E.S.E. Centro de Salud - Floresta,2.1.1.01.01.001.07,BONIFICACION POR SERVICIOS PRESTADOS,GASTOS,FUNCIONAMIENTO,GASTOS DE PERSONAL,PLANTA DE PERSONAL PERMANENTE,FACTORES CONSTITUTIVOS DE SALARIO,FACTORES SALARIALES COMUNES,BONIFICACION POR SERVICIOS PRESTADOS,No Aplica,No Aplica,No Aplica,VIGENCIA ACTUAL,ENTIDADES DIFERENTES A ENTIDADES TERRITORIALES - GESTION GENERAL,NO DEFINIDO,NO DEFINIDO,NO APLICA,2228268.0,2854460.0,2022,Tercer Trimestre,,,,,,,,,,,,,,,,,,,,,,
1846875,20221201,220115276,E.S.E. Centro de Salud - Floresta,2.4.1.01.01.001.04,SUBSIDIO DE ALIMENTACION,GASTOS,GASTOS DE OPERACION COMERCIAL,GASTOS DE PERSONAL,PLANTA DE PERSONAL PERMANENTE,FACTORES CONSTITUTIVOS DE SALARIO,FACTORES SALARIALES COMUNES,SUBSIDIO DE ALIMENTACION,No Aplica,No Aplica,No Aplica,VIGENCIA ACTUAL,ENTIDADES DIFERENTES A ENTIDADES TERRITORIALES - GESTION GENERAL,NO DEFINIDO,NO DEFINIDO,NO APLICA,2592000.0,3478992.0,2022,Cuarto Trimestre,,,,,,,,,,,,,,,,,,,,,,
1851235,20221201,220115276,E.S.E. Centro de Salud - Floresta,2.1.1,GASTOS DE PERSONAL,GASTOS,FUNCIONAMIENTO,GASTOS DE PERSONAL,No Aplica,No Aplica,No Aplica,No Aplica,No Aplica,No Aplica,No Aplica,VIGENCIA ACTUAL,ENTIDADES DIFERENTES A ENTIDADES TERRITORIALES - GESTION GENERAL,NO DEFINIDO,NO DEFINIDO,NO DEFINIDO,100602042.0,142723318.0,2022,Cuarto Trimestre,,,,,,,,,,,,,,,,,,,,,,
1852623,20230301,220115276,E.S.E. Centro de Salud - Floresta,2.1.2.01.01.001.02,EDIFICACIONES DISTINTAS A VIVIENDAS,GASTOS,FUNCIONAMIENTO,ADQUISICION DE BIENES Y SERVICIOS,ADQUISICION DE ACTIVOS NO FINANCIEROS,ACTIVOS FIJOS,EDIFICACIONES Y ESTRUCTURAS,EDIFICACIONES DISTINTAS A VIVIENDAS,No Aplica,No Aplica,No Aplica,VIGENCIA ACTUAL,ENTIDADES TERRITORIALES - SALUD,NO DEFINIDO,NO DEFINIDO,NO DEFINIDO,3000000.0,3000000.0,2023,Primer Trimestre,,,,,,,,,,,,,,,,,,,,,,
1858655,20230301,220115276,E.S.E. Centro de Salud - Floresta,2.1.1.01.01,FACTORES CONSTITUTIVOS DE SALARIO,GASTOS,FUNCIONAMIENTO,GASTOS DE PERSONAL,PLANTA DE PERSONAL PERMANENTE,FACTORES CONSTITUTIVOS DE SALARIO,No Aplica,No Aplica,No Aplica,No Aplica,No Aplica,VIGENCIA ACTUAL,ENTIDADES TERRITORIALES - SALUD,NO DEFINIDO,NO DEFINIDO,NO DEFINIDO,96566476.0,88336476.0,2023,Primer Trimestre,,,,,,,,,,,,,,,,,,,,,,
1858762,20210901,220115276,E.S.E. Centro de Salud - Floresta,2.1.1.01.01.001.08.02,PRIMA DE VACACIONES,GASTOS,FUNCIONAMIENTO,GASTOS DE PERSONAL,PLANTA DE PERSONAL PERMANENTE,FACTORES CONSTITUTIVOS DE SALARIO,FACTORES SALARIALES COMUNES,PRESTACIONES SOCIALES,PRIMA DE VACACIONES,No Aplica,No Aplica,VIGENCIA ACTUAL,ENTIDADES TERRITORIALES - SALUD,NO DEFINIDO,NO DEFINIDO,NO APLICA,9573077.0,9573077.0,2021,Tercer Trimestre,,,,,,,,,,,,,,,,,,,,,,
1861841,20221201,220115276,E.S.E. Centro de Salud - Floresta,2.4.5.02,ADQUISICION DE SERVICIOS,GASTOS,GASTOS DE OPERACION COMERCIAL,GASTOS DE COMERCIALIZACION Y PRODUCCION,ADQUISICION DE SERVICIOS,No Aplica,No Aplica,No Aplica,No Aplica,No Aplica,No Aplica,VIGENCIA ACTUAL,ENTIDADES DIFERENTES A ENTIDADES TERRITORIALES - GESTION GENERAL,NO DEFINIDO,NO DEFINIDO,NO DEFINIDO,72300000.0,172020958.0,2022,Cuarto Trimestre,,,,,,,,,,,,,,,,,,,,,,
1862732,20230601,220115276,E.S.E. Centro de Salud - Floresta,2.4.1.01.02.002,APORTES A LA SEGURIDAD SOCIAL EN SALUD,GASTOS,GASTOS DE OPERACION COMERCIAL,GASTOS DE PERSONAL,PLANTA DE PERSONAL PERMANENTE,CONTRIBUCIONES INHERENTES A LA NOMINA,APORTES A LA SEGURIDAD SOCIAL EN SALUD,No Aplica,No Aplica,No Aplica,No Aplica,VIGENCIA ACTUAL,ENTIDADES DIFERENTES A ENTIDADES TERRITORIALES - UNIDAD DE SALUD,NO DEFINIDO,NO DEFINIDO,NO APLICA,13645865.0,13645865.0,2023,Segundo Trimestre,,,,,,,,,,,,,,,,,,,,,,
1863243,20210601,220115276,E.S.E. Centro de Salud - Floresta,2.1.2.02.01.003,"OTROS BIENES TRANSPORTABLES EXCEPTO PRODUCTOS METALICOS, MAQUINARIA Y EQUIPO",GASTOS,FUNCIONAMIENTO,ADQUISICION DE BIENES Y SERVICIOS,ADQUISICIONES DIFERENTES DE ACTIVOS,MATERIALES Y SUMINISTROS,"OTROS BIENES TRANSPORTABLES EXCEPTO PRODUCTOS METALICOS, MAQUINARIA Y EQUIPO",No Aplica,No Aplica,No Aplica,No Aplica,VIGENCIA ACTUAL,ENTIDADES DIFERENTES A ENTIDADES TERRITORIALES - UNIDAD DE SALUD,NO DEFINIDO,NO DEFINIDO,NO APLICA,4000000.0,16000000.0,2021,Segundo Trimestre,,,,,,,,,,,,,,,,,,,,,,
1863913,20220901,220115276,E.S.E. Centro de Salud - Floresta,2.1.1,GASTOS DE PERSONAL,GASTOS,FUNCIONAMIENTO,GASTOS DE PERSONAL,No Aplica,No Aplica,No Aplica,No Aplica,No Aplica,No Aplica,No Aplica,VIGENCIA ACTUAL,ENTIDADES DIFERENTES A ENTIDADES TERRITORIALES - GESTION GENERAL,NO DEFINIDO,NO DEFINIDO,NO DEFINIDO,100602042.0,123836779.0,2022,Tercer Trimestre,,,,,,,,,,,,,,,,,,,,,,
1865098,20221201,220115276,E.S.E. Centro de Salud - Floresta,2.1.1.01.02.005,APORTES GENERALES AL SISTEMA DE RIESGOS LABORALES,GASTOS,FUNCIONAMIENTO,GASTOS DE PERSONAL,PLANTA DE PERSONAL PERMANENTE,CONTRIBUCIONES INHERENTES A LA NOMINA,APORTES GENERALES AL SISTEMA DE RIESGOS LABORALES,No Aplica,No Aplica,No Aplica,No Aplica,VIGENCIA ACTUAL,ENTIDADES DIFERENTES A ENTIDADES TERRITORIALES - GESTION GENERAL,NO DEFINIDO,NO DEFINIDO,NO APLICA,1345936.0,1867355.0,2022,Cuarto Trimestre,,,,,,,,,,,,,,,,,,,,,,
1870446,20221201,220115276,E.S.E. Centro de Salud - Floresta,2.4.1.01.03.001.03,BONIFICACION ESPECIAL DE RECREACION,GASTOS,GASTOS DE OPERACION COMERCIAL,GASTOS DE PERSONAL,PLANTA DE PERSONAL PERMANENTE,REMUNERACIONES NO CONSTITUTIVAS DE FACTOR SALARIAL,PRESTACIONES SOCIALES,BONIFICACION ESPECIAL DE RECREACION,No Aplica,No Aplica,No Aplica,VIGENCIA ACTUAL,ENTIDADES DIFERENTES A ENTIDADES TERRITORIALES - GESTION GENERAL,NO DEFINIDO,NO DEFINIDO,NO APLICA,702287.0,702287.0,2022,Cuarto Trimestre,,,,,,,,,,,,,,,,,,,,,,
1878160,20220301,220115276,E.S.E. Centro de Salud - Floresta,2.4.1.01.01.001.04,SUBSIDIO DE ALIMENTACION,GASTOS,GASTOS DE OPERACION COMERCIAL,GASTOS DE PERSONAL,PLANTA DE PERSONAL PERMANENTE,FACTORES CONSTITUTIVOS DE SALARIO,FACTORES SALARIALES COMUNES,SUBSIDIO DE ALIMENTACION,No Aplica,No Aplica,No Aplica,VIGENCIA ACTUAL,ENTIDADES DIFERENTES A ENTIDADES TERRITORIALES - GESTION GENERAL,NO DEFINIDO,NO DEFINIDO,NO APLICA,2592000.0,2592000.0,2022,Primer Trimestre,,,,,,,,,,,,,,,,,,,,,,
1881063,20220601,220115276,E.S.E. Centro de Salud - Floresta,2.1.2.01.01.003,MAQUINARIA Y EQUIPO,GASTOS,FUNCIONAMIENTO,ADQUISICION DE BIENES Y SERVICIOS,ADQUISICION DE ACTIVOS NO FINANCIEROS,ACTIVOS FIJOS,MAQUINARIA Y EQUIPO,No Aplica,No Aplica,No Aplica,No Aplica,VIGENCIA ACTUAL,ENTIDADES DIFERENTES A ENTIDADES TERRITORIALES - GESTION GENERAL,NO DEFINIDO,NO DEFINIDO,NO DEFINIDO,13000000.0,21000000.0,2022,Segundo Trimestre,,,,,,,,,,,,,,,,,,,,,,
1887193,20210901,220115276,E.S.E. Centro de Salud - Floresta,2.1.2.02.02.008,SERVICIOS PRESTADOS A LAS EMPRESAS Y SERVICIOS DE PRODUCCION,GASTOS,FUNCIONAMIENTO,ADQUISICION DE BIENES Y SERVICIOS,ADQUISICIONES DIFERENTES DE ACTIVOS,ADQUISICION DE SERVICIOS,SERVICIOS PRESTADOS A LAS EMPRESAS Y SERVICIOS DE PRODUCCION,No Aplica,No Aplica,No Aplica,No Aplica,VIGENCIA ACTUAL,ENTIDADES TERRITORIALES - SALUD,NO DEFINIDO,NO DEFINIDO,NO APLICA,88910000.0,291313375.0,2021,Tercer Trimestre,,,,,,,,,,,,,,,,,,,,,,
1889300,20220901,220115276,E.S.E. Centro de Salud - Floresta,2.1.2.02.02.008,SERVICIOS PRESTADOS A LAS EMPRESAS Y SERVICIOS DE PRODUCCION,GASTOS,FUNCIONAMIENTO,ADQUISICION DE BIENES Y SERVICIOS,ADQUISICIONES DIFERENTES DE ACTIVOS,ADQUISICION DE SERVICIOS,SERVICIOS PRESTADOS A LAS EMPRESAS Y SERVICIOS DE PRODUCCION,No Aplica,No Aplica,No Aplica,No Aplica,VIGENCIA ACTUAL,ENTIDADES DIFERENTES A ENTIDADES TERRITORIALES - GESTION GENERAL,NO DEFINIDO,NO DEFINIDO,NO APLICA,77900000.0,163385574.0,2022,Tercer Trimestre,,,,,,,,,,,,,,,,,,,,,,
1890311,20220301,220115276,E.S.E. Centro de Salud - Floresta,2.1.1.01.02.005,APORTES GENERALES AL SISTEMA DE RIESGOS LABORALES,GASTOS,FUNCIONAMIENTO,GASTOS DE PERSONAL,PLANTA DE PERSONAL PERMANENTE,CONTRIBUCIONES INHERENTES A LA NOMINA,APORTES GENERALES AL SISTEMA DE RIESGOS LABORALES,No Aplica,No Aplica,No Aplica,No Aplica,VIGENCIA ACTUAL,ENTIDADES DIFERENTES A ENTIDADES TERRITORIALES - GESTION GENERAL,NO DEFINIDO,NO DEFINIDO,NO APLICA,1345936.0,1345936.0,2022,Primer Trimestre,,,,,,,,,,,,,,,,,,,,,,
1901207,20210901,220115276,E.S.E. Centro de Salud - Floresta,2.1.1.01.02,CONTRIBUCIONES INHERENTES A LA NOMINA,GASTOS,FUNCIONAMIENTO,GASTOS DE PERSONAL,PLANTA DE PERSONAL PERMANENTE,CONTRIBUCIONES INHERENTES A LA NOMINA,No Aplica,No Aplica,No Aplica,No Aplica,No Aplica,VIGENCIA ACTUAL,ENTIDADES TERRITORIALES - SALUD,NO DEFINIDO,NO DEFINIDO,NO DEFINIDO,79517935.0,94300847.0,2021,Tercer Trimestre,,,,,,,,,,,,,,,,,,,,,,
1901362,20221201,220115276,E.S.E. Centro de Salud - Floresta,2.1.1.01.03.001,PRESTACIONES SOCIALES,GASTOS,FUNCIONAMIENTO,GASTOS DE PERSONAL,PLANTA DE PERSONAL PERMANENTE,REMUNERACIONES NO CONSTITUTIVAS DE FACTOR SALARIAL,PRESTACIONES SOCIALES,No Aplica,No Aplica,No Aplica,No Aplica,VIGENCIA ACTUAL,ENTIDADES DIFERENTES A ENTIDADES TERRITORIALES - GESTION GENERAL,NO DEFINIDO,NO DEFINIDO,NO DEFINIDO,4911477.0,6086477.0,2022,Cuarto Trimestre,,,,,,,,,,,,,,,,,,,,,,
1901820,20210301,220115276,E.S.E. Centro de Salud - Floresta,2.1.2.02.02.007,SERVICIOS FINANCIEROS Y SERVICIOS CONEXOS; SERVICIOS INMOBILIARIOS; Y SERVICIOS DE ARRENDAMIENTO Y LEASING,GASTOS,FUNCIONAMIENTO,ADQUISICION DE BIENES Y SERVICIOS,ADQUISICIONES DIFERENTES DE ACTIVOS,ADQUISICION DE SERVICIOS,SERVICIOS FINANCIEROS Y SERVICIOS CONEXOS; SERVICIOS INMOBILIARIOS; Y SERVICIOS DE ARRENDAMIENTO Y LEASING,No Aplica,No Aplica,No Aplica,No Aplica,VIGENCIA ACTUAL,ENTIDADES DIFERENTES A ENTIDADES TERRITORIALES - UNIDAD DE SALUD,NO DEFINIDO,NO DEFINIDO,NO APLICA,13800000.0,13800000.0,2021,Primer Trimestre,,,,,,,,,,,,,,,,,,,,,,
1902681,20220901,220115276,E.S.E. Centro de Salud - Floresta,2.1.2.01.01.003.03.02,"MAQUINARIA DE INFORMATICA Y SUS PARTES, PIEZAS Y ACCESORIOS",GASTOS,FUNCIONAMIENTO,ADQUISICION DE BIENES Y SERVICIOS,ADQUISICION DE ACTIVOS NO FINANCIEROS,ACTIVOS FIJOS,MAQUINARIA Y EQUIPO,"MAQUINARIA DE OFICINA, CONTABILIDAD E INFORMATICA","MAQUINARIA DE INFORMATICA Y SUS PARTES, PIEZAS Y ACCESORIOS",No Aplica,No Aplica,VIGENCIA ACTUAL,ENTIDADES DIFERENTES A ENTIDADES TERRITORIALES - GESTION GENERAL,NO DEFINIDO,NO DEFINIDO,NO APLICA,1500000.0,1500000.0,2022,Tercer Trimestre,,,,,,,,,,,,,,,,,,,,,,
1906742,20220901,220115276,E.S.E. Centro de Salud - Floresta,2.1.1.01.03.001.02,INDEMNIZACION POR VACACIONES,GASTOS,FUNCIONAMIENTO,GASTOS DE PERSONAL,PLANTA DE PERSONAL PERMANENTE,REMUNERACIONES NO CONSTITUTIVAS DE FACTOR SALARIAL,PRESTACIONES SOCIALES,INDEMNIZACION POR VACACIONES,No Aplica,No Aplica,No Aplica,VIGENCIA ACTUAL,ENTIDADES DIFERENTES A ENTIDADES TERRITORIALES - GESTION GENERAL,NO DEFINIDO,NO DEFINIDO,NO APLICA,4625787.0,4625787.0,2022,Tercer Trimestre,,,,,,,,,,,,,,,,,,,,,,
1908906,20221201,220115276,E.S.E. Centro de Salud - Floresta,2.1.1.01.01.001.06,PRIMA DE SERVICIO,GASTOS,FUNCIONAMIENTO,GASTOS DE PERSONAL,PLANTA DE PERSONAL PERMANENTE,FACTORES CONSTITUTIVOS DE SALARIO,FACTORES SALARIALES COMUNES,PRIMA DE SERVICIO,No Aplica,No Aplica,No Aplica,VIGENCIA ACTUAL,ENTIDADES DIFERENTES A ENTIDADES TERRITORIALES - GESTION GENERAL,NO DEFINIDO,NO DEFINIDO,NO APLICA,2896880.0,3331880.0,2022,Cuarto Trimestre,,,,,,,,,,,,,,,,,,,,,,
1909729,20221201,220115276,E.S.E. Centro de Salud - Floresta,2.1.2.01.01,ACTIVOS FIJOS,GASTOS,FUNCIONAMIENTO,ADQUISICION DE BIENES Y SERVICIOS,ADQUISICION DE ACTIVOS NO FINANCIEROS,ACTIVOS FIJOS,No Aplica,No Aplica,No Aplica,No Aplica,No Aplica,VIGENCIA ACTUAL,ENTIDADES DIFERENTES A ENTIDADES TERRITORIALES - GESTION GENERAL,NO DEFINIDO,NO DEFINIDO,NO DEFINIDO,17000000.0,36600000.0,2022,Cuarto Trimestre,,,,,,,,,,,,,,,,,,,,,,
1913687,20220601,220115276,E.S.E. Centro de Salud - Floresta,2.1.1.01.03.001,PRESTACIONES SOCIALES,GASTOS,FUNCIONAMIENTO,GASTOS DE PERSONAL,PLANTA DE PERSONAL PERMANENTE,REMUNERACIONES NO CONSTITUTIVAS DE FACTOR SALARIAL,PRESTACIONES SOCIALES,No Aplica,No Aplica,No Aplica,No Aplica,VIGENCIA ACTUAL,ENTIDADES DIFERENTES A ENTIDADES TERRITORIALES - GESTION GENERAL,NO DEFINIDO,NO DEFINIDO,NO DEFINIDO,4911477.0,4911477.0,2022,Segundo Trimestre,,,,,,,,,,,,,,,,,,,,,,
1914362,20210301,220115276,E.S.E. Centro de Salud - Floresta,2.1.2.02.01.002,"PRODUCTOS ALIMENTICIOS, BEBIDAS Y TABACO, TEXTILES, PRENDAS DE VESTIR Y PRODUCTOS DE CUERO",GASTOS,FUNCIONAMIENTO,ADQUISICION DE BIENES Y SERVICIOS,ADQUISICIONES DIFERENTES DE ACTIVOS,MATERIALES Y SUMINISTROS,"PRODUCTOS ALIMENTICIOS, BEBIDAS Y TABACO, TEXTILES, PRENDAS DE VESTIR Y PRODUCTOS DE CUERO",No Aplica,No Aplica,No Aplica,No Aplica,VIGENCIA ACTUAL,ENTIDADES DIFERENTES A ENTIDADES TERRITORIALES - UNIDAD DE SALUD,NO DEFINIDO,NO DEFINIDO,NO APLICA,5882727.0,8882727.0,2021,Primer Trimestre,,,,,,,,,,,,,,,,,,,,,,
1914610,20221201,220115276,E.S.E. Centro de Salud - Floresta,2.1.1.01.01.001.10,VIATICOS DE LOS FUNCIONARIOS EN COMISION,GASTOS,FUNCIONAMIENTO,GASTOS DE PERSONAL,PLANTA DE PERSONAL PERMANENTE,FACTORES CONSTITUTIVOS DE SALARIO,FACTORES SALARIALES COMUNES,VIATICOS DE LOS FUNCIONARIOS EN COMISION,No Aplica,No Aplica,No Aplica,VIGENCIA ACTUAL,ENTIDADES DIFERENTES A ENTIDADES TERRITORIALES - GESTION GENERAL,NO DEFINIDO,NO DEFINIDO,NO APLICA,2000000.0,6000000.0,2022,Cuarto Trimestre,,,,,,,,,,,,,,,,,,,,,,
1915552,20220601,220115276,E.S.E. Centro de Salud - Floresta,2.4.1.01.02.003,APORTES DE CESANTIAS,GASTOS,GASTOS DE OPERACION COMERCIAL,GASTOS DE PERSONAL,PLANTA DE PERSONAL PERMANENTE,CONTRIBUCIONES INHERENTES A LA NOMINA,APORTES DE CESANTIAS,No Aplica,No Aplica,No Aplica,No Aplica,VIGENCIA ACTUAL,ENTIDADES DIFERENTES A ENTIDADES TERRITORIALES - GESTION GENERAL,NO DEFINIDO,NO DEFINIDO,NO APLICA,11480989.0,11480989.0,2022,Segundo Trimestre,,,,,,,,,,,,,,,,,,,,,,
1918769,20220601,220115276,E.S.E. Centro de Salud - Floresta,2.1.2.02.01,MATERIALES Y SUMINISTROS,GASTOS,FUNCIONAMIENTO,ADQUISICION DE BIENES Y SERVICIOS,ADQUISICIONES DIFERENTES DE ACTIVOS,MATERIALES Y SUMINISTROS,No Aplica,No Aplica,No Aplica,No Aplica,No Aplica,VIGENCIA ACTUAL,ENTIDADES DIFERENTES A ENTIDADES TERRITORIALES - GESTION GENERAL,NO DEFINIDO,NO DEFINIDO,NO DEFINIDO,18000000.0,37500000.0,2022,Segundo Trimestre,,,,,,,,,,,,,,,,,,,,,,
1924473,20221201,220115276,E.S.E. Centro de Salud - Floresta,2.1.2.02.02.007,SERVICIOS FINANCIEROS Y SERVICIOS CONEXOS; SERVICIOS INMOBILIARIOS; Y SERVICIOS DE ARRENDAMIENTO Y LEASING,GASTOS,FUNCIONAMIENTO,ADQUISICION DE BIENES Y SERVICIOS,ADQUISICIONES DIFERENTES DE ACTIVOS,ADQUISICION DE SERVICIOS,SERVICIOS FINANCIEROS Y SERVICIOS CONEXOS; SERVICIOS INMOBILIARIOS; Y SERVICIOS DE ARRENDAMIENTO Y LEASING,No Aplica,No Aplica,No Aplica,No Aplica,VIGENCIA ACTUAL,ENTIDADES DIFERENTES A ENTIDADES TERRITORIALES - GESTION GENERAL,NO DEFINIDO,NO DEFINIDO,NO APLICA,15000000.0,21719839.0,2022,Cuarto Trimestre,,,,,,,,,,,,,,,,,,,,,,
1928463,20221201,220115276,E.S.E. Centro de Salud - Floresta,2.1.2.01.01.001.02,EDIFICACIONES DISTINTAS A VIVIENDAS,GASTOS,FUNCIONAMIENTO,ADQUISICION DE BIENES Y SERVICIOS,ADQUISICION DE ACTIVOS NO FINANCIEROS,ACTIVOS FIJOS,EDIFICACIONES Y ESTRUCTURAS,EDIFICACIONES DISTINTAS A VIVIENDAS,No Aplica,No Aplica,No Aplica,VIGENCIA ACTUAL,ENTIDADES DIFERENTES A ENTIDADES TERRITORIALES - GESTION GENERAL,NO DEFINIDO,NO DEFINIDO,NO DEFINIDO,3000000.0,11600000.0,2022,Cuarto Trimestre,,,,,,,,,,,,,,,,,,,,,,
1928736,20220301,220115276,E.S.E. Centro de Salud - Floresta,2.1.1.01.01.001.01,SUELDO BASICO,GASTOS,FUNCIONAMIENTO,GASTOS DE PERSONAL,PLANTA DE PERSONAL PERMANENTE,FACTORES CONSTITUTIVOS DE SALARIO,FACTORES SALARIALES COMUNES,SUELDO BASICO,No Aplica,No Aplica,No Aplica,VIGENCIA ACTUAL,ENTIDADES DIFERENTES A ENTIDADES TERRITORIALES - GESTION GENERAL,NO DEFINIDO,NO DEFINIDO,NO APLICA,56049825.0,46149825.0,2022,Primer Trimestre,,,,,,,,,,,,,,,,,,,,,,
1935244,20220301,220115276,E.S.E. Centro de Salud - Floresta,2.4.5.01,MATERIALES Y SUMINISTROS,GASTOS,GASTOS DE OPERACION COMERCIAL,GASTOS DE COMERCIALIZACION Y PRODUCCION,MATERIALES Y SUMINISTROS,No Aplica,No Aplica,No Aplica,No Aplica,No Aplica,No Aplica,VIGENCIA ACTUAL,ENTIDADES DIFERENTES A ENTIDADES TERRITORIALES - GESTION GENERAL,NO DEFINIDO,NO DEFINIDO,NO DEFINIDO,18000000.0,35000000.0,2022,Primer Trimestre,,,,,,,,,,,,,,,,,,,,,,
1935606,20220901,220115276,E.S.E. Centro de Salud - Floresta,2.1.2.01.01.003,MAQUINARIA Y EQUIPO,GASTOS,FUNCIONAMIENTO,ADQUISICION DE BIENES Y SERVICIOS,ADQUISICION DE ACTIVOS NO FINANCIEROS,ACTIVOS FIJOS,MAQUINARIA Y EQUIPO,No Aplica,No Aplica,No Aplica,No Aplica,VIGENCIA ACTUAL,ENTIDADES DIFERENTES A ENTIDADES TERRITORIALES - GESTION GENERAL,NO DEFINIDO,NO DEFINIDO,NO DEFINIDO,13000000.0,27000000.0,2022,Tercer Trimestre,,,,,,,,,,,,,,,,,,,,,,
1937463,20220301,220115276,E.S.E. Centro de Salud - Floresta,2.4.1.01.02.006,APORTES AL ICBF,GASTOS,GASTOS DE OPERACION COMERCIAL,GASTOS DE PERSONAL,PLANTA DE PERSONAL PERMANENTE,CONTRIBUCIONES INHERENTES A LA NOMINA,APORTES AL ICBF,No Aplica,No Aplica,No Aplica,No Aplica,VIGENCIA ACTUAL,ENTIDADES DIFERENTES A ENTIDADES TERRITORIALES - GESTION GENERAL,NO DEFINIDO,NO DEFINIDO,NO APLICA,4720417.0,4720417.0,2022,Primer Trimestre,,,,,,,,,,,,,,,,,,,,,,
1938579,20230601,220115276,E.S.E. Centro de Salud - Floresta,2.4.1.01.03.001.03,BONIFICACION ESPECIAL DE RECREACION,GASTOS,GASTOS DE OPERACION COMERCIAL,GASTOS DE PERSONAL,PLANTA DE PERSONAL PERMANENTE,REMUNERACIONES NO CONSTITUTIVAS DE FACTOR SALARIAL,PRESTACIONES SOCIALES,BONIFICACION ESPECIAL DE RECREACION,No Aplica,No Aplica,No Aplica,VIGENCIA ACTUAL,ENTIDADES DIFERENTES A ENTIDADES TERRITORIALES - UNIDAD DE SALUD,NO DEFINIDO,NO DEFINIDO,NO APLICA,769486.0,769486.0,2023,Segundo Trimestre,,,,,,,,,,,,,,,,,,,,,,
1943341,20230601,220115276,E.S.E. Centro de Salud - Floresta,2.4.5,GASTOS DE COMERCIALIZACION Y PRODUCCION,GASTOS,GASTOS DE OPERACION COMERCIAL,GASTOS DE COMERCIALIZACION Y PRODUCCION,No Aplica,No Aplica,No Aplica,No Aplica,No Aplica,No Aplica,No Aplica,VIGENCIA ACTUAL,ENTIDADES DIFERENTES A ENTIDADES TERRITORIALES - UNIDAD DE SALUD,NO DEFINIDO,NO DEFINIDO,NO DEFINIDO,94740000.0,225569569.0,2023,Segundo Trimestre,,,,,,,,,,,,,,,,,,,,,,
1947080,20230301,220115276,E.S.E. Centro de Salud - Floresta,2.1.2.01.01.003,MAQUINARIA Y EQUIPO,GASTOS,FUNCIONAMIENTO,ADQUISICION DE BIENES Y SERVICIOS,ADQUISICION DE ACTIVOS NO FINANCIEROS,ACTIVOS FIJOS,MAQUINARIA Y EQUIPO,No Aplica,No Aplica,No Aplica,No Aplica,VIGENCIA ACTUAL,ENTIDADES TERRITORIALES - SALUD,NO DEFINIDO,NO DEFINIDO,NO DEFINIDO,11500000.0,11500000.0,2023,Primer Trimestre,,,,,,,,,,,,,,,,,,,,,,
1952467,20220901,220115276,E.S.E. Centro de Salud - Floresta,2.1.1.01.01.001.08.01,PRIMA DE NAVIDAD,GASTOS,FUNCIONAMIENTO,GASTOS DE PERSONAL,PLANTA DE PERSONAL PERMANENTE,FACTORES CONSTITUTIVOS DE SALARIO,FACTORES SALARIALES COMUNES,PRESTACIONES SOCIALES,PRIMA DE NAVIDAD,No Aplica,No Aplica,VIGENCIA ACTUAL,ENTIDADES DIFERENTES A ENTIDADES TERRITORIALES - GESTION GENERAL,NO DEFINIDO,NO DEFINIDO,NO APLICA,6286630.0,6286630.0,2022,Tercer Trimestre,,,,,,,,,,,,,,,,,,,,,,
1953440,20230601,220115276,E.S.E. Centro de Salud - Floresta,2.4.1.01.01.001,FACTORES SALARIALES COMUNES,GASTOS,GASTOS DE OPERACION COMERCIAL,GASTOS DE PERSONAL,PLANTA DE PERSONAL PERMANENTE,FACTORES CONSTITUTIVOS DE SALARIO,FACTORES SALARIALES COMUNES,No Aplica,No Aplica,No Aplica,No Aplica,VIGENCIA ACTUAL,ENTIDADES DIFERENTES A ENTIDADES TERRITORIALES - UNIDAD DE SALUD,NO DEFINIDO,NO DEFINIDO,NO DEFINIDO,161091670.0,154757910.0,2023,Segundo Trimestre,,,,,,,,,,,,,,,,,,,,,,
1955715,20211201,220115276,E.S.E. Centro de Salud - Floresta,2.1.1.01,PLANTA DE PERSONAL PERMANENTE,GASTOS,FUNCIONAMIENTO,GASTOS DE PERSONAL,PLANTA DE PERSONAL PERMANENTE,No Aplica,No Aplica,No Aplica,No Aplica,No Aplica,No Aplica,VIGENCIA ACTUAL,ENTIDADES TERRITORIALES - SALUD,NO DEFINIDO,NO DEFINIDO,NO DEFINIDO,332669811.0,361128967.0,2021,Cuarto Trimestre,,,,,,,,,,,,,,,,,,,,,,
1956523,20230301,220115276,E.S.E. Centro de Salud - Floresta,2.4.1.01.02.001,APORTES A LA SEGURIDAD SOCIAL EN PENSIONES,GASTOS,GASTOS DE OPERACION COMERCIAL,GASTOS DE PERSONAL,PLANTA DE PERSONAL PERMANENTE,CONTRIBUCIONES INHERENTES A LA NOMINA,APORTES A LA SEGURIDAD SOCIAL EN PENSIONES,No Aplica,No Aplica,No Aplica,No Aplica,VIGENCIA ACTUAL,ENTIDADES TERRITORIALES - SALUD,NO DEFINIDO,NO DEFINIDO,NO APLICA,14264751.0,14264751.0,2023,Primer Trimestre,,,,,,,,,,,,,,,,,,,,,,
1959086,20210901,220115276,E.S.E. Centro de Salud - Floresta,2.1.1.01.03.001,PRESTACIONES SOCIALES,GASTOS,FUNCIONAMIENTO,GASTOS DE PERSONAL,PLANTA DE PERSONAL PERMANENTE,REMUNERACIONES NO CONSTITUTIVAS DE FACTOR SALARIAL,PRESTACIONES SOCIALES,No Aplica,No Aplica,No Aplica,No Aplica,VIGENCIA ACTUAL,ENTIDADES TERRITORIALES - SALUD,NO DEFINIDO,NO DEFINIDO,NO DEFINIDO,14853914.0,14853914.0,2021,Tercer Trimestre,,,,,,,,,,,,,,,,,,,,,,
1959584,20211201,220115276,E.S.E. Centro de Salud - Floresta,2.1.1.01.01.001.08,PRESTACIONES SOCIALES,GASTOS,FUNCIONAMIENTO,GASTOS DE PERSONAL,PLANTA DE PERSONAL PERMANENTE,FACTORES CONSTITUTIVOS DE SALARIO,FACTORES SALARIALES COMUNES,PRESTACIONES SOCIALES,No Aplica,No Aplica,No Aplica,VIGENCIA ACTUAL,ENTIDADES TERRITORIALES - SALUD,NO DEFINIDO,NO DEFINIDO,NO DEFINIDO,17774785.0,28274785.0,2021,Cuarto Trimestre,,,,,,,,,,,,,,,,,,,,,,
1962085,20210901,220115276,E.S.E. Centro de Salud - Floresta,2.1.2.02.02.006,"COMERCIO Y DISTRIBUCION; ALOJAMIENTO; SERVICIOS DE SUMINISTRO DE COMIDAS Y BEBIDAS; SERVICIOS DE TRANSPORTE; Y SERVICIOS DE DISTRIBUCION DE ELECTRICIDAD, GAS Y AGUA",GASTOS,FUNCIONAMIENTO,ADQUISICION DE BIENES Y SERVICIOS,ADQUISICIONES DIFERENTES DE ACTIVOS,ADQUISICION DE SERVICIOS,"COMERCIO Y DISTRIBUCION; ALOJAMIENTO; SERVICIOS DE SUMINISTRO DE COMIDAS Y BEBIDAS; SERVICIOS DE TRANSPORTE; Y SERVICIOS DE DISTRIBUCION DE ELECTRICIDAD, GAS Y AGUA",No Aplica,No Aplica,No Aplica,No Aplica,VIGENCIA ACTUAL,ENTIDADES TERRITORIALES - SALUD,NO DEFINIDO,NO DEFINIDO,NO APLICA,5000000.0,9500000.0,2021,Tercer Trimestre,,,,,,,,,,,,,,,,,,,,,,
1962693,20210301,220115276,E.S.E. Centro de Salud - Floresta,2.1.2.02.02.006,"COMERCIO Y DISTRIBUCION; ALOJAMIENTO; SERVICIOS DE SUMINISTRO DE COMIDAS Y BEBIDAS; SERVICIOS DE TRANSPORTE; Y SERVICIOS DE DISTRIBUCION DE ELECTRICIDAD, GAS Y AGUA",GASTOS,FUNCIONAMIENTO,ADQUISICION DE BIENES Y SERVICIOS,ADQUISICIONES DIFERENTES DE ACTIVOS,ADQUISICION DE SERVICIOS,"COMERCIO Y DISTRIBUCION; ALOJAMIENTO; SERVICIOS DE SUMINISTRO DE COMIDAS Y BEBIDAS; SERVICIOS DE TRANSPORTE; Y SERVICIOS DE DISTRIBUCION DE ELECTRICIDAD, GAS Y AGUA",No Aplica,No Aplica,No Aplica,No Aplica,VIGENCIA ACTUAL,ENTIDADES DIFERENTES A ENTIDADES TERRITORIALES - UNIDAD DE SALUD,NO DEFINIDO,NO DEFINIDO,NO APLICA,5000000.0,7000000.0,2021,Primer Trimestre,,,,,,,,,,,,,,,,,,,,,,
1964763,20220601,220115276,E.S.E. Centro de Salud - Floresta,2.4.1.01.03,REMUNERACIONES NO CONSTITUTIVAS DE FACTOR SALARIAL,GASTOS,GASTOS DE OPERACION COMERCIAL,GASTOS DE PERSONAL,PLANTA DE PERSONAL PERMANENTE,REMUNERACIONES NO CONSTITUTIVAS DE FACTOR SALARIAL,No Aplica,No Aplica,No Aplica,No Aplica,No Aplica,VIGENCIA ACTUAL,ENTIDADES DIFERENTES A ENTIDADES TERRITORIALES - GESTION GENERAL,NO DEFINIDO,NO DEFINIDO,NO DEFINIDO,8202287.0,8202287.0,2022,Segundo Trimestre,,,,,,,,,,,,,,,,,,,,,,
1968208,20220901,220115276,E.S.E. Centro de Salud - Floresta,2.4.1.01.02.001,APORTES A LA SEGURIDAD SOCIAL EN PENSIONES,GASTOS,GASTOS DE OPERACION COMERCIAL,GASTOS DE PERSONAL,PLANTA DE PERSONAL PERMANENTE,CONTRIBUCIONES INHERENTES A LA NOMINA,APORTES A LA SEGURIDAD SOCIAL EN PENSIONES,No Aplica,No Aplica,No Aplica,No Aplica,VIGENCIA ACTUAL,ENTIDADES DIFERENTES A ENTIDADES TERRITORIALES - GESTION GENERAL,NO DEFINIDO,NO DEFINIDO,NO APLICA,12462677.0,17486668.0,2022,Tercer Trimestre,,,,,,,,,,,,,,,,,,,,,,
1971071,20220601,220115276,E.S.E. Centro de Salud - Floresta,2.4.1.01.01.001.08,PRESTACIONES SOCIALES,GASTOS,GASTOS DE OPERACION COMERCIAL,GASTOS DE PERSONAL,PLANTA DE PERSONAL PERMANENTE,FACTORES CONSTITUTIVOS DE SALARIO,FACTORES SALARIALES COMUNES,PRESTACIONES SOCIALES,No Aplica,No Aplica,No Aplica,VIGENCIA ACTUAL,ENTIDADES DIFERENTES A ENTIDADES TERRITORIALES - GESTION GENERAL,NO DEFINIDO,NO DEFINIDO,NO DEFINIDO,14004284.0,14004284.0,2022,Segundo Trimestre,,,,,,,,,,,,,,,,,,,,,,
1974537,20220901,220115276,E.S.E. Centro de Salud - Floresta,2.1.2.02,ADQUISICIONES DIFERENTES DE ACTIVOS,GASTOS,FUNCIONAMIENTO,ADQUISICION DE BIENES Y SERVICIOS,ADQUISICIONES DIFERENTES DE ACTIVOS,No Aplica,No Aplica,No Aplica,No Aplica,No Aplica,No Aplica,VIGENCIA ACTUAL,ENTIDADES DIFERENTES A ENTIDADES TERRITORIALES - GESTION GENERAL,NO DEFINIDO,NO DEFINIDO,NO DEFINIDO,121400000.0,241854764.0,2022,Tercer Trimestre,,,,,,,,,,,,,,,,,,,,,,
1983810,20221201,220115276,E.S.E. Centro de Salud - Floresta,2.1.1.01.01.001,FACTORES SALARIALES COMUNES,GASTOS,FUNCIONAMIENTO,GASTOS DE PERSONAL,PLANTA DE PERSONAL PERMANENTE,FACTORES CONSTITUTIVOS DE SALARIO,FACTORES SALARIALES COMUNES,No Aplica,No Aplica,No Aplica,No Aplica,VIGENCIA ACTUAL,ENTIDADES DIFERENTES A ENTIDADES TERRITORIALES - GESTION GENERAL,NO DEFINIDO,NO DEFINIDO,NO DEFINIDO,74343186.0,102626274.0,2022,Cuarto Trimestre,,,,,,,,,,,,,,,,,,,,,,
1986482,20230601,220115276,E.S.E. Centro de Salud - Floresta,2.4.1.01.01.001.08.02,PRIMA DE VACACIONES,GASTOS,GASTOS DE OPERACION COMERCIAL,GASTOS DE PERSONAL,PLANTA DE PERSONAL PERMANENTE,FACTORES CONSTITUTIVOS DE SALARIO,FACTORES SALARIALES COMUNES,PRESTACIONES SOCIALES,PRIMA DE VACACIONES,No Aplica,No Aplica,VIGENCIA ACTUAL,ENTIDADES DIFERENTES A ENTIDADES TERRITORIALES - UNIDAD DE SALUD,NO DEFINIDO,NO DEFINIDO,NO APLICA,7277178.0,7277178.0,2023,Segundo Trimestre,,,,,,,,,,,,,,,,,,,,,,
1990963,20210901,220115276,E.S.E. Centro de Salud - Floresta,2.1.1.01.02.004,APORTES A CAJAS DE COMPENSACION FAMILIAR,GASTOS,FUNCIONAMIENTO,GASTOS DE PERSONAL,PLANTA DE PERSONAL PERMANENTE,CONTRIBUCIONES INHERENTES A LA NOMINA,APORTES A CAJAS DE COMPENSACION FAMILIAR,No Aplica,No Aplica,No Aplica,No Aplica,VIGENCIA ACTUAL,ENTIDADES TERRITORIALES - SALUD,NO DEFINIDO,NO DEFINIDO,NO APLICA,8822547.0,8822547.0,2021,Tercer Trimestre,,,,,,,,,,,,,,,,,,,,,,
1990982,20230601,220115276,E.S.E. Centro de Salud - Floresta,2.4.5.02.09,"SERVICIOS PARA LA COMUNIDAD, SOCIALES Y PERSONALES",GASTOS,GASTOS DE OPERACION COMERCIAL,GASTOS DE COMERCIALIZACION Y PRODUCCION,ADQUISICION DE SERVICIOS,"SERVICIOS PARA LA COMUNIDAD, SOCIALES Y PERSONALES",No Aplica,No Aplica,No Aplica,No Aplica,No Aplica,VIGENCIA ACTUAL,ENTIDADES DIFERENTES A ENTIDADES TERRITORIALES - UNIDAD DE SALUD,NO DEFINIDO,NO DEFINIDO,NO APLICA,73740000.0,175187149.0,2023,Segundo Trimestre,,,,,,,,,,,,,,,,,,,,,,
1991999,20230301,220115276,E.S.E. Centro de Salud - Floresta,2.1.2.01.01.003.06,"APARATOS MEDICOS, INSTRUMENTOS OPTICOS Y DE PRECISION, RELOJES",GASTOS,FUNCIONAMIENTO,ADQUISICION DE BIENES Y SERVICIOS,ADQUISICION DE ACTIVOS NO FINANCIEROS,ACTIVOS FIJOS,MAQUINARIA Y EQUIPO,"APARATOS MEDICOS, INSTRUMENTOS OPTICOS Y DE PRECISION, RELOJES",No Aplica,No Aplica,No Aplica,VIGENCIA ACTUAL,ENTIDADES TERRITORIALES - SALUD,NO DEFINIDO,NO DEFINIDO,NO DEFINIDO,6000000.0,6000000.0,2023,Primer Trimestre,,,,,,,,,,,,,,,,,,,,,,
1992153,20220901,220115276,E.S.E. Centro de Salud - Floresta,2.1.2.02.01.003,"OTROS BIENES TRANSPORTABLES EXCEPTO PRODUCTOS METALICOS, MAQUINARIA Y EQUIPO",GASTOS,FUNCIONAMIENTO,ADQUISICION DE BIENES Y SERVICIOS,ADQUISICIONES DIFERENTES DE ACTIVOS,MATERIALES Y SUMINISTROS,"OTROS BIENES TRANSPORTABLES EXCEPTO PRODUCTOS METALICOS, MAQUINARIA Y EQUIPO",No Aplica,No Aplica,No Aplica,No Aplica,VIGENCIA ACTUAL,ENTIDADES DIFERENTES A ENTIDADES TERRITORIALES - GESTION GENERAL,NO DEFINIDO,NO DEFINIDO,NO APLICA,6000000.0,22500000.0,2022,Tercer Trimestre,,,,,,,,,,,,,,,,,,,,,,
1998828,20210601,220115276,E.S.E. Centro de Salud - Floresta,2.1.1.01.02,CONTRIBUCIONES INHERENTES A LA NOMINA,GASTOS,FUNCIONAMIENTO,GASTOS DE PERSONAL,PLANTA DE PERSONAL PERMANENTE,CONTRIBUCIONES INHERENTES A LA NOMINA,No Aplica,No Aplica,No Aplica,No Aplica,No Aplica,VIGENCIA ACTUAL,ENTIDADES DIFERENTES A ENTIDADES TERRITORIALES - UNIDAD DE SALUD,NO DEFINIDO,NO DEFINIDO,NO DEFINIDO,79517935.0,79517935.0,2021,Segundo Trimestre,,,,,,,,,,,,,,,,,,,,,,
2005581,20230301,220115276,E.S.E. Centro de Salud - Floresta,2.1.2.02.01.004,PRODUCTOS METALICOS Y PAQUETES DE SOFTWARE,GASTOS,FUNCIONAMIENTO,ADQUISICION DE BIENES Y SERVICIOS,ADQUISICIONES DIFERENTES DE ACTIVOS,MATERIALES Y SUMINISTROS,PRODUCTOS METALICOS Y PAQUETES DE SOFTWARE,No Aplica,No Aplica,No Aplica,No Aplica,VIGENCIA ACTUAL,ENTIDADES TERRITORIALES - SALUD,NO DEFINIDO,NO DEFINIDO,NO APLICA,9000000.0,19000000.0,2023,Primer Trimestre,,,,,,,,,,,,,,,,,,,,,,
2009077,20220901,220115276,E.S.E. Centro de Salud - Floresta,2.4.1.01.02.004,APORTES A CAJAS DE COMPENSACION FAMILIAR,GASTOS,GASTOS DE OPERACION COMERCIAL,GASTOS DE PERSONAL,PLANTA DE PERSONAL PERMANENTE,CONTRIBUCIONES INHERENTES A LA NOMINA,APORTES A CAJAS DE COMPENSACION FAMILIAR,No Aplica,No Aplica,No Aplica,No Aplica,VIGENCIA ACTUAL,ENTIDADES DIFERENTES A ENTIDADES TERRITORIALES - GESTION GENERAL,NO DEFINIDO,NO DEFINIDO,NO APLICA,6027430.0,6027430.0,2022,Tercer Trimestre,,,,,,,,,,,,,,,,,,,,,,
2009368,20221201,220115276,E.S.E. Centro de Salud - Floresta,2.4.1.01.01.001.08,PRESTACIONES SOCIALES,GASTOS,GASTOS DE OPERACION COMERCIAL,GASTOS DE PERSONAL,PLANTA DE PERSONAL PERMANENTE,FACTORES CONSTITUTIVOS DE SALARIO,FACTORES SALARIALES COMUNES,PRESTACIONES SOCIALES,No Aplica,No Aplica,No Aplica,VIGENCIA ACTUAL,ENTIDADES DIFERENTES A ENTIDADES TERRITORIALES - GESTION GENERAL,NO DEFINIDO,NO DEFINIDO,NO DEFINIDO,14004284.0,19795636.0,2022,Cuarto Trimestre,,,,,,,,,,,,,,,,,,,,,,
2009542,20220601,220115276,E.S.E. Centro de Salud - Floresta,2.1.2.01.01.003.03,"MAQUINARIA DE OFICINA, CONTABILIDAD E INFORMATICA",GASTOS,FUNCIONAMIENTO,ADQUISICION DE BIENES Y SERVICIOS,ADQUISICION DE ACTIVOS NO FINANCIEROS,ACTIVOS FIJOS,MAQUINARIA Y EQUIPO,"MAQUINARIA DE OFICINA, CONTABILIDAD E INFORMATICA",No Aplica,No Aplica,No Aplica,VIGENCIA ACTUAL,ENTIDADES DIFERENTES A ENTIDADES TERRITORIALES - GESTION GENERAL,NO DEFINIDO,NO DEFINIDO,NO DEFINIDO,1500000.0,1500000.0,2022,Segundo Trimestre,,,,,,,,,,,,,,,,,,,,,,
2009689,20220301,220115276,E.S.E. Centro de Salud - Floresta,2.1.3.13.01.001,SENTENCIAS,GASTOS,FUNCIONAMIENTO,TRANSFERENCIAS CORRIENTES,SENTENCIAS Y CONCILIACIONES,FALLOS NACIONALES,SENTENCIAS,No Aplica,No Aplica,No Aplica,No Aplica,VIGENCIA ACTUAL,ENTIDADES DIFERENTES A ENTIDADES TERRITORIALES - GESTION GENERAL,NO DEFINIDO,NO DEFINIDO,NO APLICA,1000000.0,1000000.0,2022,Primer Trimestre,,,,,,,,,,,,,,,,,,,,,,
2021163,20220901,220115276,E.S.E. Centro de Salud - Floresta,2.1.2.01.01.004.01.01.01,ASIENTOS,GASTOS,FUNCIONAMIENTO,ADQUISICION DE BIENES Y SERVICIOS,ADQUISICION DE ACTIVOS NO FINANCIEROS,ACTIVOS FIJOS,ACTIVOS FIJOS NO CLASIFICADOS COMO MAQUINARIA Y EQUIPO,"MUEBLES, INSTRUMENTOS MUSICALES, ARTICULOS DE DEPORTE Y ANTIGÃ?EDADES",MUEBLES,ASIENTOS,No Aplica,VIGENCIA ACTUAL,ENTIDADES DIFERENTES A ENTIDADES TERRITORIALES - GESTION GENERAL,NO DEFINIDO,NO DEFINIDO,NO APLICA,1000000.0,1000000.0,2022,Tercer Trimestre,,,,,,,,,,,,,,,,,,,,,,
2125069,20220301,220115276,E.S.E. Centro de Salud - Floresta,2.99,INVERSIÓN CONSOLIDADA,GASTOS,INVERSIÓN CONSOLIDADA,No Aplica,No Aplica,No Aplica,No Aplica,No Aplica,No Aplica,No Aplica,No Aplica,VIGENCIA ACTUAL,ENTIDADES DIFERENTES A ENTIDADES TERRITORIALES - GESTION GENERAL,NO DEFINIDO,NO DEFINIDO,NO APLICA,6000000.0,47100000.0,2022,Primer Trimestre,,,,,,,,,,,,,,,,,,,,,,
2280876,20220601,220115276,E.S.E. Centro de Salud - Floresta,2.1.2.01.01.004.01.01,MUEBLES,GASTOS,FUNCIONAMIENTO,ADQUISICION DE BIENES Y SERVICIOS,ADQUISICION DE ACTIVOS NO FINANCIEROS,ACTIVOS FIJOS,ACTIVOS FIJOS NO CLASIFICADOS COMO MAQUINARIA Y EQUIPO,"MUEBLES, INSTRUMENTOS MUSICALES, ARTICULOS DE DEPORTE Y ANTIGÃ?EDADES",MUEBLES,No Aplica,No Aplica,VIGENCIA ACTUAL,ENTIDADES DIFERENTES A ENTIDADES TERRITORIALES - GESTION GENERAL,NO DEFINIDO,NO DEFINIDO,NO DEFINIDO,1000000.0,1000000.0,2022,Segundo Trimestre,,,,,,,,,,,,,,,,,,,,,,
2315476,20230601,220115276,E.S.E. Centro de Salud - Floresta,2.1.2.01.01.004.01.01,MUEBLES,GASTOS,FUNCIONAMIENTO,ADQUISICION DE BIENES Y SERVICIOS,ADQUISICION DE ACTIVOS NO FINANCIEROS,ACTIVOS FIJOS,ACTIVOS FIJOS NO CLASIFICADOS COMO MAQUINARIA Y EQUIPO,"MUEBLES, INSTRUMENTOS MUSICALES, ARTICULOS DE DEPORTE Y ANTIGÃ?EDADES",MUEBLES,No Aplica,No Aplica,VIGENCIA ACTUAL,ENTIDADES DIFERENTES A ENTIDADES TERRITORIALES - UNIDAD DE SALUD,NO DEFINIDO,NO DEFINIDO,NO DEFINIDO,1000000.0,1000000.0,2023,Segundo Trimestre,,,,,,,,,,,,,,,,,,,,,,
2629942,20220601,220115276,E.S.E. Centro de Salud - Floresta,2.1.2.01.01.004.01.01.01,ASIENTOS,GASTOS,FUNCIONAMIENTO,ADQUISICION DE BIENES Y SERVICIOS,ADQUISICION DE ACTIVOS NO FINANCIEROS,ACTIVOS FIJOS,ACTIVOS FIJOS NO CLASIFICADOS COMO MAQUINARIA Y EQUIPO,"MUEBLES, INSTRUMENTOS MUSICALES, ARTICULOS DE DEPORTE Y ANTIGÃ?EDADES",MUEBLES,ASIENTOS,No Aplica,VIGENCIA ACTUAL,ENTIDADES DIFERENTES A ENTIDADES TERRITORIALES - GESTION GENERAL,NO DEFINIDO,NO DEFINIDO,NO APLICA,1000000.0,1000000.0,2022,Segundo Trimestre,,,,,,,,,,,,,,,,,,,,,,
2747860,20221201,220115276,E.S.E. Centro de Salud - Floresta,2.99,INVERSIÓN CONSOLIDADA,GASTOS,INVERSIÓN CONSOLIDADA,No Aplica,No Aplica,No Aplica,No Aplica,No Aplica,No Aplica,No Aplica,No Aplica,VIGENCIA ACTUAL,ENTIDADES DIFERENTES A ENTIDADES TERRITORIALES - GESTION GENERAL,NO DEFINIDO,NO DEFINIDO,NO APLICA,6000000.0,53922955.0,2022,Cuarto Trimestre,,,,,,,,,,,,,,,,,,,,,,
2894178,20230601,220115276,E.S.E. Centro de Salud - Floresta,2.1.2.01.01.004.01,"MUEBLES, INSTRUMENTOS MUSICALES, ARTICULOS DE DEPORTE Y ANTIGÃ?EDADES",GASTOS,FUNCIONAMIENTO,ADQUISICION DE BIENES Y SERVICIOS,ADQUISICION DE ACTIVOS NO FINANCIEROS,ACTIVOS FIJOS,ACTIVOS FIJOS NO CLASIFICADOS COMO MAQUINARIA Y EQUIPO,"MUEBLES, INSTRUMENTOS MUSICALES, ARTICULOS DE DEPORTE Y ANTIGÃ?EDADES",No Aplica,No Aplica,No Aplica,VIGENCIA ACTUAL,ENTIDADES DIFERENTES A ENTIDADES TERRITORIALES - UNIDAD DE SALUD,NO DEFINIDO,NO DEFINIDO,NO DEFINIDO,1000000.0,1000000.0,2023,Segundo Trimestre,,,,,,,,,,,,,,,,,,,,,,
2913710,20230301,220115276,E.S.E. Centro de Salud - Floresta,2.99,INVERSIÓN CONSOLIDADA,GASTOS,INVERSIÓN CONSOLIDADA,No Aplica,No Aplica,No Aplica,No Aplica,No Aplica,No Aplica,No Aplica,No Aplica,VIGENCIA ACTUAL,ENTIDADES TERRITORIALES - SALUD,NO DEFINIDO,NO DEFINIDO,NO APLICA,6000000.0,25000000.0,2023,Primer Trimestre,,,,,,,,,,,,,,,,,,,,,,
2957288,20220901,220115276,E.S.E. Centro de Salud - Floresta,2.1.2.01.01.004.01,"MUEBLES, INSTRUMENTOS MUSICALES, ARTICULOS DE DEPORTE Y ANTIGÃ?EDADES",GASTOS,FUNCIONAMIENTO,ADQUISICION DE BIENES Y SERVICIOS,ADQUISICION DE ACTIVOS NO FINANCIEROS,ACTIVOS FIJOS,ACTIVOS FIJOS NO CLASIFICADOS COMO MAQUINARIA Y EQUIPO,"MUEBLES, INSTRUMENTOS MUSICALES, ARTICULOS DE DEPORTE Y ANTIGÃ?EDADES",No Aplica,No Aplica,No Aplica,VIGENCIA ACTUAL,ENTIDADES DIFERENTES A ENTIDADES TERRITORIALES - GESTION GENERAL,NO DEFINIDO,NO DEFINIDO,NO DEFINIDO,1000000.0,1000000.0,2022,Tercer Trimestre,,,,,,,,,,,,,,,,,,,,,,
2995392,20221201,220115276,E.S.E. Centro de Salud - Floresta,2.1.2.01.01.004.01.01,MUEBLES,GASTOS,FUNCIONAMIENTO,ADQUISICION DE BIENES Y SERVICIOS,ADQUISICION DE ACTIVOS NO FINANCIEROS,ACTIVOS FIJOS,ACTIVOS FIJOS NO CLASIFICADOS COMO MAQUINARIA Y EQUIPO,"MUEBLES, INSTRUMENTOS MUSICALES, ARTICULOS DE DEPORTE Y ANTIGÃ?EDADES",MUEBLES,No Aplica,No Aplica,VIGENCIA ACTUAL,ENTIDADES DIFERENTES A ENTIDADES TERRITORIALES - GESTION GENERAL,NO DEFINIDO,NO DEFINIDO,NO DEFINIDO,1000000.0,1000000.0,2022,Cuarto Trimestre,,,,,,,,,,,,,,,,,,,,,,
3024392,20220301,220115276,E.S.E. Centro de Salud - Floresta,2.1.2.01.01.004.01,"MUEBLES, INSTRUMENTOS MUSICALES, ARTICULOS DE DEPORTE Y ANTIGÃ?EDADES",GASTOS,FUNCIONAMIENTO,ADQUISICION DE BIENES Y SERVICIOS,ADQUISICION DE ACTIVOS NO FINANCIEROS,ACTIVOS FIJOS,ACTIVOS FIJOS NO CLASIFICADOS COMO MAQUINARIA Y EQUIPO,"MUEBLES, INSTRUMENTOS MUSICALES, ARTICULOS DE DEPORTE Y ANTIGÃ?EDADES",No Aplica,No Aplica,No Aplica,VIGENCIA ACTUAL,ENTIDADES DIFERENTES A ENTIDADES TERRITORIALES - GESTION GENERAL,NO DEFINIDO,NO DEFINIDO,NO DEFINIDO,1000000.0,1000000.0,2022,Primer Trimestre,,,,,,,,,,,,,,,,,,,,,,
3204523,20230301,220115276,E.S.E. Centro de Salud - Floresta,2.1.2.01.01.004.01,"MUEBLES, INSTRUMENTOS MUSICALES, ARTICULOS DE DEPORTE Y ANTIGÃ?EDADES",GASTOS,FUNCIONAMIENTO,ADQUISICION DE BIENES Y SERVICIOS,ADQUISICION DE ACTIVOS NO FINANCIEROS,ACTIVOS FIJOS,ACTIVOS FIJOS NO CLASIFICADOS COMO MAQUINARIA Y EQUIPO,"MUEBLES, INSTRUMENTOS MUSICALES, ARTICULOS DE DEPORTE Y ANTIGÃ?EDADES",No Aplica,No Aplica,No Aplica,VIGENCIA ACTUAL,ENTIDADES TERRITORIALES - SALUD,NO DEFINIDO,NO DEFINIDO,NO DEFINIDO,1000000.0,1000000.0,2023,Primer Trimestre,,,,,,,,,,,,,,,,,,,,,,
3320709,20230301,220115276,E.S.E. Centro de Salud - Floresta,2.1.2.01.01.004.01.01,MUEBLES,GASTOS,FUNCIONAMIENTO,ADQUISICION DE BIENES Y SERVICIOS,ADQUISICION DE ACTIVOS NO FINANCIEROS,ACTIVOS FIJOS,ACTIVOS FIJOS NO CLASIFICADOS COMO MAQUINARIA Y EQUIPO,"MUEBLES, INSTRUMENTOS MUSICALES, ARTICULOS DE DEPORTE Y ANTIGÃ?EDADES",MUEBLES,No Aplica,No Aplica,VIGENCIA ACTUAL,ENTIDADES TERRITORIALES - SALUD,NO DEFINIDO,NO DEFINIDO,NO DEFINIDO,1000000.0,1000000.0,2023,Primer Trimestre,,,,,,,,,,,,,,,,,,,,,,
3385129,20221201,220115276,E.S.E. Centro de Salud - Floresta,2.1.2.01.01.004.01,"MUEBLES, INSTRUMENTOS MUSICALES, ARTICULOS DE DEPORTE Y ANTIGÃ?EDADES",GASTOS,FUNCIONAMIENTO,ADQUISICION DE BIENES Y SERVICIOS,ADQUISICION DE ACTIVOS NO FINANCIEROS,ACTIVOS FIJOS,ACTIVOS FIJOS NO CLASIFICADOS COMO MAQUINARIA Y EQUIPO,"MUEBLES, INSTRUMENTOS MUSICALES, ARTICULOS DE DEPORTE Y ANTIGÃ?EDADES",No Aplica,No Aplica,No Aplica,VIGENCIA ACTUAL,ENTIDADES DIFERENTES A ENTIDADES TERRITORIALES - GESTION GENERAL,NO DEFINIDO,NO DEFINIDO,NO DEFINIDO,1000000.0,1000000.0,2022,Cuarto Trimestre,,,,,,,,,,,,,,,,,,,,,,
3526451,20230601,220115276,E.S.E. Centro de Salud - Floresta,2.1.2.01.01.004.01.01.06,PARTES Y PIEZAS DE MUEBLES,GASTOS,FUNCIONAMIENTO,ADQUISICION DE BIENES Y SERVICIOS,ADQUISICION DE ACTIVOS NO FINANCIEROS,ACTIVOS FIJOS,ACTIVOS FIJOS NO CLASIFICADOS COMO MAQUINARIA Y EQUIPO,"MUEBLES, INSTRUMENTOS MUSICALES, ARTICULOS DE DEPORTE Y ANTIGÃ?EDADES",MUEBLES,PARTES Y PIEZAS DE MUEBLES,No Aplica,VIGENCIA ACTUAL,ENTIDADES DIFERENTES A ENTIDADES TERRITORIALES - UNIDAD DE SALUD,NO DEFINIDO,NO DEFINIDO,NO APLICA,1000000.0,1000000.0,2023,Segundo Trimestre,,,,,,,,,,,,,,,,,,,,,,
3583324,20220301,220115276,E.S.E. Centro de Salud - Floresta,2.1.2.01.01.004.01.01.01,ASIENTOS,GASTOS,FUNCIONAMIENTO,ADQUISICION DE BIENES Y SERVICIOS,ADQUISICION DE ACTIVOS NO FINANCIEROS,ACTIVOS FIJOS,ACTIVOS FIJOS NO CLASIFICADOS COMO MAQUINARIA Y EQUIPO,"MUEBLES, INSTRUMENTOS MUSICALES, ARTICULOS DE DEPORTE Y ANTIGÃ?EDADES",MUEBLES,ASIENTOS,No Aplica,VIGENCIA ACTUAL,ENTIDADES DIFERENTES A ENTIDADES TERRITORIALES - GESTION GENERAL,NO DEFINIDO,NO DEFINIDO,NO APLICA,1000000.0,1000000.0,2022,Primer Trimestre,,,,,,,,,,,,,,,,,,,,,,
3700295,20220901,220115276,E.S.E. Centro de Salud - Floresta,2.99,INVERSIÓN CONSOLIDADA,GASTOS,INVERSIÓN CONSOLIDADA,No Aplica,No Aplica,No Aplica,No Aplica,No Aplica,No Aplica,No Aplica,No Aplica,VIGENCIA ACTUAL,ENTIDADES DIFERENTES A ENTIDADES TERRITORIALES - GESTION GENERAL,NO DEFINIDO,NO DEFINIDO,NO APLICA,6000000.0,40612955.0,2022,Tercer Trimestre,,,,,,,,,,,,,,,,,,,,,,
3731179,20220601,220115276,E.S.E. Centro de Salud - Floresta,2.99,INVERSIÓN CONSOLIDADA,GASTOS,INVERSIÓN CONSOLIDADA,No Aplica,No Aplica,No Aplica,No Aplica,No Aplica,No Aplica,No Aplica,No Aplica,VIGENCIA ACTUAL,ENTIDADES DIFERENTES A ENTIDADES TERRITORIALES - GESTION GENERAL,NO DEFINIDO,NO DEFINIDO,NO APLICA,6000000.0,47100000.0,2022,Segundo Trimestre,,,,,,,,,,,,,,,,,,,,,,
3819976,20220601,220115276,E.S.E. Centro de Salud - Floresta,2.1.2.01.01.004.01,"MUEBLES, INSTRUMENTOS MUSICALES, ARTICULOS DE DEPORTE Y ANTIGÃ?EDADES",GASTOS,FUNCIONAMIENTO,ADQUISICION DE BIENES Y SERVICIOS,ADQUISICION DE ACTIVOS NO FINANCIEROS,ACTIVOS FIJOS,ACTIVOS FIJOS NO CLASIFICADOS COMO MAQUINARIA Y EQUIPO,"MUEBLES, INSTRUMENTOS MUSICALES, ARTICULOS DE DEPORTE Y ANTIGÃ?EDADES",No Aplica,No Aplica,No Aplica,VIGENCIA ACTUAL,ENTIDADES DIFERENTES A ENTIDADES TERRITORIALES - GESTION GENERAL,NO DEFINIDO,NO DEFINIDO,NO DEFINIDO,1000000.0,1000000.0,2022,Segundo Trimestre,,,,,,,,,,,,,,,,,,,,,,
4013035,20221201,220115276,E.S.E. Centro de Salud - Floresta,2.1.2.01.01.004.01.01.01,ASIENTOS,GASTOS,FUNCIONAMIENTO,ADQUISICION DE BIENES Y SERVICIOS,ADQUISICION DE ACTIVOS NO FINANCIEROS,ACTIVOS FIJOS,ACTIVOS FIJOS NO CLASIFICADOS COMO MAQUINARIA Y EQUIPO,"MUEBLES, INSTRUMENTOS MUSICALES, ARTICULOS DE DEPORTE Y ANTIGÃ?EDADES",MUEBLES,ASIENTOS,No Aplica,VIGENCIA ACTUAL,ENTIDADES DIFERENTES A ENTIDADES TERRITORIALES - GESTION GENERAL,NO DEFINIDO,NO DEFINIDO,NO APLICA,1000000.0,1000000.0,2022,Cuarto Trimestre,,,,,,,,,,,,,,,,,,,,,,
4023660,20220301,220115276,E.S.E. Centro de Salud - Floresta,2.1.2.01.01.004.01.01,MUEBLES,GASTOS,FUNCIONAMIENTO,ADQUISICION DE BIENES Y SERVICIOS,ADQUISICION DE ACTIVOS NO FINANCIEROS,ACTIVOS FIJOS,ACTIVOS FIJOS NO CLASIFICADOS COMO MAQUINARIA Y EQUIPO,"MUEBLES, INSTRUMENTOS MUSICALES, ARTICULOS DE DEPORTE Y ANTIGÃ?EDADES",MUEBLES,No Aplica,No Aplica,VIGENCIA ACTUAL,ENTIDADES DIFERENTES A ENTIDADES TERRITORIALES - GESTION GENERAL,NO DEFINIDO,NO DEFINIDO,NO DEFINIDO,1000000.0,1000000.0,2022,Primer Trimestre,,,,,,,,,,,,,,,,,,,,,,
4065781,20220901,220115276,E.S.E. Centro de Salud - Floresta,2.1.2.01.01.004.01.01,MUEBLES,GASTOS,FUNCIONAMIENTO,ADQUISICION DE BIENES Y SERVICIOS,ADQUISICION DE ACTIVOS NO FINANCIEROS,ACTIVOS FIJOS,ACTIVOS FIJOS NO CLASIFICADOS COMO MAQUINARIA Y EQUIPO,"MUEBLES, INSTRUMENTOS MUSICALES, ARTICULOS DE DEPORTE Y ANTIGÃ?EDADES",MUEBLES,No Aplica,No Aplica,VIGENCIA ACTUAL,ENTIDADES DIFERENTES A ENTIDADES TERRITORIALES - GESTION GENERAL,NO DEFINIDO,NO DEFINIDO,NO DEFINIDO,1000000.0,1000000.0,2022,Tercer Trimestre,,,,,,,,,,,,,,,,,,,,,,
4252615,20230301,220115276,E.S.E. Centro de Salud - Floresta,2.1.2.01.01.004.01.01.06,PARTES Y PIEZAS DE MUEBLES,GASTOS,FUNCIONAMIENTO,ADQUISICION DE BIENES Y SERVICIOS,ADQUISICION DE ACTIVOS NO FINANCIEROS,ACTIVOS FIJOS,ACTIVOS FIJOS NO CLASIFICADOS COMO MAQUINARIA Y EQUIPO,"MUEBLES, INSTRUMENTOS MUSICALES, ARTICULOS DE DEPORTE Y ANTIGÃ?EDADES",MUEBLES,PARTES Y PIEZAS DE MUEBLES,No Aplica,VIGENCIA ACTUAL,ENTIDADES TERRITORIALES - SALUD,NO DEFINIDO,NO DEFINIDO,NO APLICA,1000000.0,1000000.0,2023,Primer Trimestre,,,,,,,,,,,,,,,,,,,,,,
4293500,20230601,220115276,E.S.E. Centro de Salud - Floresta,2.99,INVERSIÓN CONSOLIDADA,GASTOS,INVERSIÓN CONSOLIDADA,No Aplica,No Aplica,No Aplica,No Aplica,No Aplica,No Aplica,No Aplica,No Aplica,VIGENCIA ACTUAL,ENTIDADES DIFERENTES A ENTIDADES TERRITORIALES - UNIDAD DE SALUD,NO DEFINIDO,NO DEFINIDO,NO APLICA,6000000.0,25000000.0,2023,Segundo Trimestre,,,,,,,,,,,,,,,,,,,,,,
4401951,20230901,220115276,E.S.E. Centro de Salud - Floresta,2.1.1.01.01.001.08.02,PRIMA DE VACACIONES,GASTOS,FUNCIONAMIENTO,GASTOS DE PERSONAL,PLANTA DE PERSONAL PERMANENTE,FACTORES CONSTITUTIVOS DE SALARIO,FACTORES SALARIALES COMUNES,PRESTACIONES SOCIALES,PRIMA DE VACACIONES,No Aplica,No Aplica,VIGENCIA ACTUAL,ENTIDADES DIFERENTES A ENTIDADES TERRITORIALES - UNIDAD DE SALUD,NO DEFINIDO,NO DEFINIDO,NO APLICA,3957059.0,3957059.0,2023,Tercer Trimestre,,,,,,,,,,,,,,,,,,,,,,
4404335,20230901,220115276,E.S.E. Centro de Salud - Floresta,2.1.1.01.01.001.10,VIATICOS DE LOS FUNCIONARIOS EN COMISION,GASTOS,FUNCIONAMIENTO,GASTOS DE PERSONAL,PLANTA DE PERSONAL PERMANENTE,FACTORES CONSTITUTIVOS DE SALARIO,FACTORES SALARIALES COMUNES,VIATICOS DE LOS FUNCIONARIOS EN COMISION,No Aplica,No Aplica,No Aplica,VIGENCIA ACTUAL,ENTIDADES DIFERENTES A ENTIDADES TERRITORIALES - UNIDAD DE SALUD,NO DEFINIDO,NO DEFINIDO,NO APLICA,2000000.0,2000000.0,2023,Tercer Trimestre,,,,,,,,,,,,,,,,,,,,,,
4405146,20230901,220115276,E.S.E. Centro de Salud - Floresta,2.1.1.01.02.002,APORTES A LA SEGURIDAD SOCIAL EN SALUD,GASTOS,FUNCIONAMIENTO,GASTOS DE PERSONAL,PLANTA DE PERSONAL PERMANENTE,CONTRIBUCIONES INHERENTES A LA NOMINA,APORTES A LA SEGURIDAD SOCIAL EN SALUD,No Aplica,No Aplica,No Aplica,No Aplica,VIGENCIA ACTUAL,ENTIDADES DIFERENTES A ENTIDADES TERRITORIALES - UNIDAD DE SALUD,NO DEFINIDO,NO DEFINIDO,NO APLICA,7494645.0,7494645.0,2023,Tercer Trimestre,,,,,,,,,,,,,,,,,,,,,,
4406314,20230901,220115276,E.S.E. Centro de Salud - Floresta,2.1.2.01.01.004,ACTIVOS FIJOS NO CLASIFICADOS COMO MAQUINARIA Y EQUIPO,GASTOS,FUNCIONAMIENTO,ADQUISICION DE BIENES Y SERVICIOS,ADQUISICION DE ACTIVOS NO FINANCIEROS,ACTIVOS FIJOS,ACTIVOS FIJOS NO CLASIFICADOS COMO MAQUINARIA Y EQUIPO,No Aplica,No Aplica,No Aplica,No Aplica,VIGENCIA ACTUAL,ENTIDADES DIFERENTES A ENTIDADES TERRITORIALES - UNIDAD DE SALUD,NO DEFINIDO,NO DEFINIDO,NO DEFINIDO,1000000.0,1000000.0,2023,Tercer Trimestre,,,,,,,,,,,,,,,,,,,,,,
4412818,20230901,220115276,E.S.E. Centro de Salud - Floresta,2.4,GASTOS DE OPERACION COMERCIAL,GASTOS,GASTOS DE OPERACION COMERCIAL,No Aplica,No Aplica,No Aplica,No Aplica,No Aplica,No Aplica,No Aplica,No Aplica,VIGENCIA ACTUAL,ENTIDADES DIFERENTES A ENTIDADES TERRITORIALES - UNIDAD DE SALUD,NO DEFINIDO,NO DEFINIDO,NO DEFINIDO,329882001.0,481415365.0,2023,Tercer Trimestre,,,,,,,,,,,,,,,,,,,,,,
4420300,20230901,220115276,E.S.E. Centro de Salud - Floresta,2.1.8.04.07,CONTRIBUCION DE VIGILANCIA - SUPERINTENDENCIA NACIONAL DE SALUD,GASTOS,FUNCIONAMIENTO,"GASTOS POR TRIBUTOS, TASAS, CONTRIBUCIONES, MULTAS, SANCIONES E INTERESES DE MORA",CONTRIBUCIONES,CONTRIBUCION DE VIGILANCIA - SUPERINTENDENCIA NACIONAL DE SALUD,No Aplica,No Aplica,No Aplica,No Aplica,No Aplica,VIGENCIA ACTUAL,ENTIDADES DIFERENTES A ENTIDADES TERRITORIALES - UNIDAD DE SALUD,NO DEFINIDO,NO DEFINIDO,NO APLICA,850000.0,850000.0,2023,Tercer Trimestre,,,,,,,,,,,,,,,,,,,,,,
4421220,20230901,220115276,E.S.E. Centro de Salud - Floresta,2.1.1.01.02.006,APORTES AL ICBF,GASTOS,FUNCIONAMIENTO,GASTOS DE PERSONAL,PLANTA DE PERSONAL PERMANENTE,CONTRIBUCIONES INHERENTES A LA NOMINA,APORTES AL ICBF,No Aplica,No Aplica,No Aplica,No Aplica,VIGENCIA ACTUAL,ENTIDADES DIFERENTES A ENTIDADES TERRITORIALES - UNIDAD DE SALUD,NO DEFINIDO,NO DEFINIDO,NO APLICA,3057489.0,3057489.0,2023,Tercer Trimestre,,,,,,,,,,,,,,,,,,,,,,
4423216,20230901,220115276,E.S.E. Centro de Salud - Floresta,2.4.1.01.03.001.02,INDEMNIZACION POR VACACIONES,GASTOS,GASTOS DE OPERACION COMERCIAL,GASTOS DE PERSONAL,PLANTA DE PERSONAL PERMANENTE,REMUNERACIONES NO CONSTITUTIVAS DE FACTOR SALARIAL,PRESTACIONES SOCIALES,INDEMNIZACION POR VACACIONES,No Aplica,No Aplica,No Aplica,VIGENCIA ACTUAL,ENTIDADES DIFERENTES A ENTIDADES TERRITORIALES - UNIDAD DE SALUD,NO DEFINIDO,NO DEFINIDO,NO APLICA,7673191.0,7673191.0,2023,Tercer Trimestre,,,,,,,,,,,,,,,,,,,,,,
4429847,20230901,220115276,E.S.E. Centro de Salud - Floresta,2.1.2.01.01,ACTIVOS FIJOS,GASTOS,FUNCIONAMIENTO,ADQUISICION DE BIENES Y SERVICIOS,ADQUISICION DE ACTIVOS NO FINANCIEROS,ACTIVOS FIJOS,No Aplica,No Aplica,No Aplica,No Aplica,No Aplica,VIGENCIA ACTUAL,ENTIDADES DIFERENTES A ENTIDADES TERRITORIALES - UNIDAD DE SALUD,NO DEFINIDO,NO DEFINIDO,NO DEFINIDO,15500000.0,15500000.0,2023,Tercer Trimestre,,,,,,,,,,,,,,,,,,,,,,
4433676,20230901,220115276,E.S.E. Centro de Salud - Floresta,2.1.1.01.01.001.01,SUELDO BASICO,GASTOS,FUNCIONAMIENTO,GASTOS DE PERSONAL,PLANTA DE PERSONAL PERMANENTE,FACTORES CONSTITUTIVOS DE SALARIO,FACTORES SALARIALES COMUNES,SUELDO BASICO,No Aplica,No Aplica,No Aplica,VIGENCIA ACTUAL,ENTIDADES DIFERENTES A ENTIDADES TERRITORIALES - UNIDAD DE SALUD,NO DEFINIDO,NO DEFINIDO,NO APLICA,71038367.0,66927681.0,2023,Tercer Trimestre,,,,,,,,,,,,,,,,,,,,,,
4435847,20230901,220115276,E.S.E. Centro de Salud - Floresta,2.4.1.01.03.001.01,VACACIONES,GASTOS,GASTOS DE OPERACION COMERCIAL,GASTOS DE PERSONAL,PLANTA DE PERSONAL PERMANENTE,REMUNERACIONES NO CONSTITUTIVAS DE FACTOR SALARIAL,PRESTACIONES SOCIALES,VACACIONES,No Aplica,No Aplica,No Aplica,VIGENCIA ACTUAL,ENTIDADES DIFERENTES A ENTIDADES TERRITORIALES - UNIDAD DE SALUD,NO DEFINIDO,NO DEFINIDO,NO APLICA,10199615.0,10199615.0,2023,Tercer Trimestre,,,,,,,,,,,,,,,,,,,,,,
4441080,20230901,220115276,E.S.E. Centro de Salud - Floresta,2.4.1.01.02.005,APORTES GENERALES AL SISTEMA DE RIESGOS LABORALES,GASTOS,GASTOS DE OPERACION COMERCIAL,GASTOS DE PERSONAL,PLANTA DE PERSONAL PERMANENTE,CONTRIBUCIONES INHERENTES A LA NOMINA,APORTES GENERALES AL SISTEMA DE RIESGOS LABORALES,No Aplica,No Aplica,No Aplica,No Aplica,VIGENCIA ACTUAL,ENTIDADES DIFERENTES A ENTIDADES TERRITORIALES - UNIDAD DE SALUD,NO DEFINIDO,NO DEFINIDO,NO APLICA,3210792.0,3210792.0,2023,Tercer Trimestre,,,,,,,,,,,,,,,,,,,,,,
4441990,20230901,220115276,E.S.E. Centro de Salud - Floresta,2.1.8.04,CONTRIBUCIONES,GASTOS,FUNCIONAMIENTO,"GASTOS POR TRIBUTOS, TASAS, CONTRIBUCIONES, MULTAS, SANCIONES E INTERESES DE MORA",CONTRIBUCIONES,No Aplica,No Aplica,No Aplica,No Aplica,No Aplica,No Aplica,VIGENCIA ACTUAL,ENTIDADES DIFERENTES A ENTIDADES TERRITORIALES - UNIDAD DE SALUD,NO DEFINIDO,NO DEFINIDO,NO DEFINIDO,850000.0,850000.0,2023,Tercer Trimestre,,,,,,,,,,,,,,,,,,,,,,
4445315,20230901,220115276,E.S.E. Centro de Salud - Floresta,2.1.1.01.02.003,APORTES DE CESANTIAS,GASTOS,FUNCIONAMIENTO,GASTOS DE PERSONAL,PLANTA DE PERSONAL PERMANENTE,CONTRIBUCIONES INHERENTES A LA NOMINA,APORTES DE CESANTIAS,No Aplica,No Aplica,No Aplica,No Aplica,VIGENCIA ACTUAL,ENTIDADES DIFERENTES A ENTIDADES TERRITORIALES - UNIDAD DE SALUD,NO DEFINIDO,NO DEFINIDO,NO APLICA,5289267.0,5289267.0,2023,Tercer Trimestre,,,,,,,,,,,,,,,,,,,,,,
4449929,20230901,220115276,E.S.E. Centro de Salud - Floresta,2.4.1.01.01.001.06,PRIMA DE SERVICIO,GASTOS,GASTOS DE OPERACION COMERCIAL,GASTOS DE PERSONAL,PLANTA DE PERSONAL PERMANENTE,FACTORES CONSTITUTIVOS DE SALARIO,FACTORES SALARIALES COMUNES,PRIMA DE SERVICIO,No Aplica,No Aplica,No Aplica,VIGENCIA ACTUAL,ENTIDADES DIFERENTES A ENTIDADES TERRITORIALES - UNIDAD DE SALUD,NO DEFINIDO,NO DEFINIDO,NO APLICA,13199615.0,13199615.0,2023,Tercer Trimestre,,,,,,,,,,,,,,,,,,,,,,
4451097,20230901,220115276,E.S.E. Centro de Salud - Floresta,2.4.1.01.01.001.08,PRESTACIONES SOCIALES,GASTOS,GASTOS DE OPERACION COMERCIAL,GASTOS DE PERSONAL,PLANTA DE PERSONAL PERMANENTE,FACTORES CONSTITUTIVOS DE SALARIO,FACTORES SALARIALES COMUNES,PRESTACIONES SOCIALES,No Aplica,No Aplica,No Aplica,VIGENCIA ACTUAL,ENTIDADES DIFERENTES A ENTIDADES TERRITORIALES - UNIDAD DE SALUD,NO DEFINIDO,NO DEFINIDO,NO DEFINIDO,11437964.0,11437964.0,2023,Tercer Trimestre,,,,,,,,,,,,,,,,,,,,,,
4454527,20230901,220115276,E.S.E. Centro de Salud - Floresta,2.1.2.02.02.007,SERVICIOS FINANCIEROS Y SERVICIOS CONEXOS; SERVICIOS INMOBILIARIOS; Y SERVICIOS DE ARRENDAMIENTO Y LEASING,GASTOS,FUNCIONAMIENTO,ADQUISICION DE BIENES Y SERVICIOS,ADQUISICIONES DIFERENTES DE ACTIVOS,ADQUISICION DE SERVICIOS,SERVICIOS FINANCIEROS Y SERVICIOS CONEXOS; SERVICIOS INMOBILIARIOS; Y SERVICIOS DE ARRENDAMIENTO Y LEASING,No Aplica,No Aplica,No Aplica,No Aplica,VIGENCIA ACTUAL,ENTIDADES DIFERENTES A ENTIDADES TERRITORIALES - UNIDAD DE SALUD,NO DEFINIDO,NO DEFINIDO,NO APLICA,15000000.0,15000000.0,2023,Tercer Trimestre,,,,,,,,,,,,,,,,,,,,,,
4455310,20230901,220115276,E.S.E. Centro de Salud - Floresta,2.1.1.01.01.001.08.01,PRIMA DE NAVIDAD,GASTOS,FUNCIONAMIENTO,GASTOS DE PERSONAL,PLANTA DE PERSONAL PERMANENTE,FACTORES CONSTITUTIVOS DE SALARIO,FACTORES SALARIALES COMUNES,PRESTACIONES SOCIALES,PRIMA DE NAVIDAD,No Aplica,No Aplica,VIGENCIA ACTUAL,ENTIDADES DIFERENTES A ENTIDADES TERRITORIALES - UNIDAD DE SALUD,NO DEFINIDO,NO DEFINIDO,NO APLICA,7789566.0,7789566.0,2023,Tercer Trimestre,,,,,,,,,,,,,,,,,,,,,,
4455324,20230901,220115276,E.S.E. Centro de Salud - Floresta,2.4.5.02.09,"SERVICIOS PARA LA COMUNIDAD, SOCIALES Y PERSONALES",GASTOS,GASTOS DE OPERACION COMERCIAL,GASTOS DE COMERCIALIZACION Y PRODUCCION,ADQUISICION DE SERVICIOS,"SERVICIOS PARA LA COMUNIDAD, SOCIALES Y PERSONALES",No Aplica,No Aplica,No Aplica,No Aplica,No Aplica,VIGENCIA ACTUAL,ENTIDADES DIFERENTES A ENTIDADES TERRITORIALES - UNIDAD DE SALUD,NO DEFINIDO,NO DEFINIDO,NO APLICA,73740000.0,175187149.0,2023,Tercer Trimestre,,,,,,,,,,,,,,,,,,,,,,
4460728,20230901,220115276,E.S.E. Centro de Salud - Floresta,2.1.2.01.01.001.02,EDIFICACIONES DISTINTAS A VIVIENDAS,GASTOS,FUNCIONAMIENTO,ADQUISICION DE BIENES Y SERVICIOS,ADQUISICION DE ACTIVOS NO FINANCIEROS,ACTIVOS FIJOS,EDIFICACIONES Y ESTRUCTURAS,EDIFICACIONES DISTINTAS A VIVIENDAS,No Aplica,No Aplica,No Aplica,VIGENCIA ACTUAL,ENTIDADES DIFERENTES A ENTIDADES TERRITORIALES - UNIDAD DE SALUD,NO DEFINIDO,NO DEFINIDO,NO DEFINIDO,3000000.0,3000000.0,2023,Tercer Trimestre,,,,,,,,,,,,,,,,,,,,,,
4466328,20230901,220115276,E.S.E. Centro de Salud - Floresta,2.1.2.02.01,MATERIALES Y SUMINISTROS,GASTOS,FUNCIONAMIENTO,ADQUISICION DE BIENES Y SERVICIOS,ADQUISICIONES DIFERENTES DE ACTIVOS,MATERIALES Y SUMINISTROS,No Aplica,No Aplica,No Aplica,No Aplica,No Aplica,VIGENCIA ACTUAL,ENTIDADES DIFERENTES A ENTIDADES TERRITORIALES - UNIDAD DE SALUD,NO DEFINIDO,NO DEFINIDO,NO DEFINIDO,21000000.0,82357940.0,2023,Tercer Trimestre,,,,,,,,,,,,,,,,,,,,,,
4469190,20230901,220115276,E.S.E. Centro de Salud - Floresta,2.1.1.01.02.005,APORTES GENERALES AL SISTEMA DE RIESGOS LABORALES,GASTOS,FUNCIONAMIENTO,GASTOS DE PERSONAL,PLANTA DE PERSONAL PERMANENTE,CONTRIBUCIONES INHERENTES A LA NOMINA,APORTES GENERALES AL SISTEMA DE RIESGOS LABORALES,No Aplica,No Aplica,No Aplica,No Aplica,VIGENCIA ACTUAL,ENTIDADES DIFERENTES A ENTIDADES TERRITORIALES - UNIDAD DE SALUD,NO DEFINIDO,NO DEFINIDO,NO APLICA,1763446.0,1763446.0,2023,Tercer Trimestre,,,,,,,,,,,,,,,,,,,,,,
4484111,20230901,220115276,E.S.E. Centro de Salud - Floresta,2.1.1.01.01.001.08,PRESTACIONES SOCIALES,GASTOS,FUNCIONAMIENTO,GASTOS DE PERSONAL,PLANTA DE PERSONAL PERMANENTE,FACTORES CONSTITUTIVOS DE SALARIO,FACTORES SALARIALES COMUNES,PRESTACIONES SOCIALES,No Aplica,No Aplica,No Aplica,VIGENCIA ACTUAL,ENTIDADES DIFERENTES A ENTIDADES TERRITORIALES - UNIDAD DE SALUD,NO DEFINIDO,NO DEFINIDO,NO DEFINIDO,11746625.0,11746625.0,2023,Tercer Trimestre,,,,,,,,,,,,,,,,,,,,,,
4486955,20230901,220115276,E.S.E. Centro de Salud - Floresta,2.4.1.01.02,CONTRIBUCIONES INHERENTES A LA NOMINA,GASTOS,GASTOS DE OPERACION COMERCIAL,GASTOS DE PERSONAL,PLANTA DE PERSONAL PERMANENTE,CONTRIBUCIONES INHERENTES A LA NOMINA,No Aplica,No Aplica,No Aplica,No Aplica,No Aplica,VIGENCIA ACTUAL,ENTIDADES DIFERENTES A ENTIDADES TERRITORIALES - UNIDAD DE SALUD,NO DEFINIDO,NO DEFINIDO,NO DEFINIDO,55408039.0,61708039.0,2023,Tercer Trimestre,,,,,,,,,,,,,,,,,,,,,,
4490354,20230901,220115276,E.S.E. Centro de Salud - Floresta,2.1.1,GASTOS DE PERSONAL,GASTOS,FUNCIONAMIENTO,GASTOS DE PERSONAL,No Aplica,No Aplica,No Aplica,No Aplica,No Aplica,No Aplica,No Aplica,VIGENCIA ACTUAL,ENTIDADES DIFERENTES A ENTIDADES TERRITORIALES - UNIDAD DE SALUD,NO DEFINIDO,NO DEFINIDO,NO DEFINIDO,135199999.0,131089313.0,2023,Tercer Trimestre,,,,,,,,,,,,,,,,,,,,,,
4494179,20230901,220115276,E.S.E. Centro de Salud - Floresta,2.4.5.02,ADQUISICION DE SERVICIOS,GASTOS,GASTOS DE OPERACION COMERCIAL,GASTOS DE COMERCIALIZACION Y PRODUCCION,ADQUISICION DE SERVICIOS,No Aplica,No Aplica,No Aplica,No Aplica,No Aplica,No Aplica,VIGENCIA ACTUAL,ENTIDADES DIFERENTES A ENTIDADES TERRITORIALES - UNIDAD DE SALUD,NO DEFINIDO,NO DEFINIDO,NO DEFINIDO,73740000.0,175187149.0,2023,Tercer Trimestre,,,,,,,,,,,,,,,,,,,,,,
4502197,20230901,220115276,E.S.E. Centro de Salud - Floresta,2.4.5.01.03,"OTROS BIENES TRANSPORTABLES EXCEPTO PRODUCTOS METALICOS, MAQUINARIA Y EQUIPO",GASTOS,GASTOS DE OPERACION COMERCIAL,GASTOS DE COMERCIALIZACION Y PRODUCCION,MATERIALES Y SUMINISTROS,"OTROS BIENES TRANSPORTABLES EXCEPTO PRODUCTOS METALICOS, MAQUINARIA Y EQUIPO",No Aplica,No Aplica,No Aplica,No Aplica,No Aplica,VIGENCIA ACTUAL,ENTIDADES DIFERENTES A ENTIDADES TERRITORIALES - UNIDAD DE SALUD,NO DEFINIDO,NO DEFINIDO,NO APLICA,21000000.0,54082420.0,2023,Tercer Trimestre,,,,,,,,,,,,,,,,,,,,,,
4506549,20230901,220115276,E.S.E. Centro de Salud - Floresta,2.1.1.01.01,FACTORES CONSTITUTIVOS DE SALARIO,GASTOS,FUNCIONAMIENTO,GASTOS DE PERSONAL,PLANTA DE PERSONAL PERMANENTE,FACTORES CONSTITUTIVOS DE SALARIO,No Aplica,No Aplica,No Aplica,No Aplica,No Aplica,VIGENCIA ACTUAL,ENTIDADES DIFERENTES A ENTIDADES TERRITORIALES - UNIDAD DE SALUD,NO DEFINIDO,NO DEFINIDO,NO DEFINIDO,96566476.0,92455790.0,2023,Tercer Trimestre,,,,,,,,,,,,,,,,,,,,,,
4520199,20230901,220115276,E.S.E. Centro de Salud - Floresta,2.4.1.01.01.001,FACTORES SALARIALES COMUNES,GASTOS,GASTOS DE OPERACION COMERCIAL,GASTOS DE PERSONAL,PLANTA DE PERSONAL PERMANENTE,FACTORES CONSTITUTIVOS DE SALARIO,FACTORES SALARIALES COMUNES,No Aplica,No Aplica,No Aplica,No Aplica,VIGENCIA ACTUAL,ENTIDADES DIFERENTES A ENTIDADES TERRITORIALES - UNIDAD DE SALUD,NO DEFINIDO,NO DEFINIDO,NO DEFINIDO,161091670.0,171795465.0,2023,Tercer Trimestre,,,,,,,,,,,,,,,,,,,,,,
4520287,20230901,220115276,E.S.E. Centro de Salud - Floresta,2.4.1.01.02.001,APORTES A LA SEGURIDAD SOCIAL EN PENSIONES,GASTOS,GASTOS DE OPERACION COMERCIAL,GASTOS DE PERSONAL,PLANTA DE PERSONAL PERMANENTE,CONTRIBUCIONES INHERENTES A LA NOMINA,APORTES A LA SEGURIDAD SOCIAL EN PENSIONES,No Aplica,No Aplica,No Aplica,No Aplica,VIGENCIA ACTUAL,ENTIDADES DIFERENTES A ENTIDADES TERRITORIALES - UNIDAD DE SALUD,NO DEFINIDO,NO DEFINIDO,NO APLICA,14264751.0,20564751.0,2023,Tercer Trimestre,,,,,,,,,,,,,,,,,,,,,,
4522636,20230901,220115276,E.S.E. Centro de Salud - Floresta,2.1.2.02.01.003,"OTROS BIENES TRANSPORTABLES EXCEPTO PRODUCTOS METALICOS, MAQUINARIA Y EQUIPO",GASTOS,FUNCIONAMIENTO,ADQUISICION DE BIENES Y SERVICIOS,ADQUISICIONES DIFERENTES DE ACTIVOS,MATERIALES Y SUMINISTROS,"OTROS BIENES TRANSPORTABLES EXCEPTO PRODUCTOS METALICOS, MAQUINARIA Y EQUIPO",No Aplica,No Aplica,No Aplica,No Aplica,VIGENCIA ACTUAL,ENTIDADES DIFERENTES A ENTIDADES TERRITORIALES - UNIDAD DE SALUD,NO DEFINIDO,NO DEFINIDO,NO APLICA,6000000.0,27880000.0,2023,Tercer Trimestre,,,,,,,,,,,,,,,,,,,,,,
4525674,20230901,220115276,E.S.E. Centro de Salud - Floresta,2.4.1.01.02.003,APORTES DE CESANTIAS,GASTOS,GASTOS DE OPERACION COMERCIAL,GASTOS DE PERSONAL,PLANTA DE PERSONAL PERMANENTE,CONTRIBUCIONES INHERENTES A LA NOMINA,APORTES DE CESANTIAS,No Aplica,No Aplica,No Aplica,No Aplica,VIGENCIA ACTUAL,ENTIDADES DIFERENTES A ENTIDADES TERRITORIALES - UNIDAD DE SALUD,NO DEFINIDO,NO DEFINIDO,NO APLICA,7160896.0,7160896.0,2023,Tercer Trimestre,,,,,,,,,,,,,,,,,,,,,,
4532657,20230901,220115276,E.S.E. Centro de Salud - Floresta,2.1.1.01.03,REMUNERACIONES NO CONSTITUTIVAS DE FACTOR SALARIAL,GASTOS,FUNCIONAMIENTO,GASTOS DE PERSONAL,PLANTA DE PERSONAL PERMANENTE,REMUNERACIONES NO CONSTITUTIVAS DE FACTOR SALARIAL,No Aplica,No Aplica,No Aplica,No Aplica,No Aplica,VIGENCIA ACTUAL,ENTIDADES DIFERENTES A ENTIDADES TERRITORIALES - UNIDAD DE SALUD,NO DEFINIDO,NO DEFINIDO,NO DEFINIDO,6333023.0,6333023.0,2023,Tercer Trimestre,,,,,,,,,,,,,,,,,,,,,,
4537424,20230901,220115276,E.S.E. Centro de Salud - Floresta,2.4.1.01.01.001.10,VIATICOS DE LOS FUNCIONARIOS EN COMISION,GASTOS,GASTOS DE OPERACION COMERCIAL,GASTOS DE PERSONAL,PLANTA DE PERSONAL PERMANENTE,FACTORES CONSTITUTIVOS DE SALARIO,FACTORES SALARIALES COMUNES,VIATICOS DE LOS FUNCIONARIOS EN COMISION,No Aplica,No Aplica,No Aplica,VIGENCIA ACTUAL,ENTIDADES DIFERENTES A ENTIDADES TERRITORIALES - UNIDAD DE SALUD,NO DEFINIDO,NO DEFINIDO,NO APLICA,2000000.0,2000000.0,2023,Tercer Trimestre,,,,,,,,,,,,,,,,,,,,,,
4540212,20230901,220115276,E.S.E. Centro de Salud - Floresta,2.4.5,GASTOS DE COMERCIALIZACION Y PRODUCCION,GASTOS,GASTOS DE OPERACION COMERCIAL,GASTOS DE COMERCIALIZACION Y PRODUCCION,No Aplica,No Aplica,No Aplica,No Aplica,No Aplica,No Aplica,No Aplica,VIGENCIA ACTUAL,ENTIDADES DIFERENTES A ENTIDADES TERRITORIALES - UNIDAD DE SALUD,NO DEFINIDO,NO DEFINIDO,NO DEFINIDO,94740000.0,229269569.0,2023,Tercer Trimestre,,,,,,,,,,,,,,,,,,,,,,
4542356,20230901,220115276,E.S.E. Centro de Salud - Floresta,2.1.2,ADQUISICION DE BIENES Y SERVICIOS,GASTOS,FUNCIONAMIENTO,ADQUISICION DE BIENES Y SERVICIOS,No Aplica,No Aplica,No Aplica,No Aplica,No Aplica,No Aplica,No Aplica,VIGENCIA ACTUAL,ENTIDADES DIFERENTES A ENTIDADES TERRITORIALES - UNIDAD DE SALUD,NO DEFINIDO,NO DEFINIDO,NO DEFINIDO,161600000.0,339811546.0,2023,Tercer Trimestre,,,,,,,,,,,,,,,,,,,,,,
4543446,20230901,220115276,E.S.E. Centro de Salud - Floresta,2.1.2.01.01.003,MAQUINARIA Y EQUIPO,GASTOS,FUNCIONAMIENTO,ADQUISICION DE BIENES Y SERVICIOS,ADQUISICION DE ACTIVOS NO FINANCIEROS,ACTIVOS FIJOS,MAQUINARIA Y EQUIPO,No Aplica,No Aplica,No Aplica,No Aplica,VIGENCIA ACTUAL,ENTIDADES DIFERENTES A ENTIDADES TERRITORIALES - UNIDAD DE SALUD,NO DEFINIDO,NO DEFINIDO,NO DEFINIDO,11500000.0,11500000.0,2023,Tercer Trimestre,,,,,,,,,,,,,,,,,,,,,,
4546888,20230901,220115276,E.S.E. Centro de Salud - Floresta,2.1.1.01.02.001,APORTES A LA SEGURIDAD SOCIAL EN PENSIONES,GASTOS,FUNCIONAMIENTO,GASTOS DE PERSONAL,PLANTA DE PERSONAL PERMANENTE,CONTRIBUCIONES INHERENTES A LA NOMINA,APORTES A LA SEGURIDAD SOCIAL EN PENSIONES,No Aplica,No Aplica,No Aplica,No Aplica,VIGENCIA ACTUAL,ENTIDADES DIFERENTES A ENTIDADES TERRITORIALES - UNIDAD DE SALUD,NO DEFINIDO,NO DEFINIDO,NO APLICA,8580675.0,8580675.0,2023,Tercer Trimestre,,,,,,,,,,,,,,,,,,,,,,
4548487,20230901,220115276,E.S.E. Centro de Salud - Floresta,2.1.1.01.02,CONTRIBUCIONES INHERENTES A LA NOMINA,GASTOS,FUNCIONAMIENTO,GASTOS DE PERSONAL,PLANTA DE PERSONAL PERMANENTE,CONTRIBUCIONES INHERENTES A LA NOMINA,No Aplica,No Aplica,No Aplica,No Aplica,No Aplica,VIGENCIA ACTUAL,ENTIDADES DIFERENTES A ENTIDADES TERRITORIALES - UNIDAD DE SALUD,NO DEFINIDO,NO DEFINIDO,NO DEFINIDO,32300500.0,32300500.0,2023,Tercer Trimestre,,,,,,,,,,,,,,,,,,,,,,
4549409,20230901,220115276,E.S.E. Centro de Salud - Floresta,2.1.2.01.01.003.06.01,APARATOS MEDICOS Y QUIRURGICOS Y APARATOS ORTESICOS Y PROTESICOS,GASTOS,FUNCIONAMIENTO,ADQUISICION DE BIENES Y SERVICIOS,ADQUISICION DE ACTIVOS NO FINANCIEROS,ACTIVOS FIJOS,MAQUINARIA Y EQUIPO,"APARATOS MEDICOS, INSTRUMENTOS OPTICOS Y DE PRECISION, RELOJES",APARATOS MEDICOS Y QUIRURGICOS Y APARATOS ORTESICOS Y PROTESICOS,No Aplica,No Aplica,VIGENCIA ACTUAL,ENTIDADES DIFERENTES A ENTIDADES TERRITORIALES - UNIDAD DE SALUD,NO DEFINIDO,NO DEFINIDO,NO APLICA,6000000.0,6000000.0,2023,Tercer Trimestre,,,,,,,,,,,,,,,,,,,,,,
4571484,20230901,220115276,E.S.E. Centro de Salud - Floresta,2.4.1.01.01.001.08.01,PRIMA DE NAVIDAD,GASTOS,GASTOS DE OPERACION COMERCIAL,GASTOS DE PERSONAL,PLANTA DE PERSONAL PERMANENTE,FACTORES CONSTITUTIVOS DE SALARIO,FACTORES SALARIALES COMUNES,PRESTACIONES SOCIALES,PRIMA DE NAVIDAD,No Aplica,No Aplica,VIGENCIA ACTUAL,ENTIDADES DIFERENTES A ENTIDADES TERRITORIALES - UNIDAD DE SALUD,NO DEFINIDO,NO DEFINIDO,NO APLICA,4160786.0,4160786.0,2023,Tercer Trimestre,,,,,,,,,,,,,,,,,,,,,,
4572736,20230901,220115276,E.S.E. Centro de Salud - Floresta,2.1.1.01.03.001.02,INDEMNIZACION POR VACACIONES,GASTOS,FUNCIONAMIENTO,GASTOS DE PERSONAL,PLANTA DE PERSONAL PERMANENTE,REMUNERACIONES NO CONSTITUTIVAS DE FACTOR SALARIAL,PRESTACIONES SOCIALES,INDEMNIZACION POR VACACIONES,No Aplica,No Aplica,No Aplica,VIGENCIA ACTUAL,ENTIDADES DIFERENTES A ENTIDADES TERRITORIALES - UNIDAD DE SALUD,NO DEFINIDO,NO DEFINIDO,NO APLICA,6003685.0,6003685.0,2023,Tercer Trimestre,,,,,,,,,,,,,,,,,,,,,,
4574399,20230901,220115276,E.S.E. Centro de Salud - Floresta,2.4.1.01.03.001,PRESTACIONES SOCIALES,GASTOS,GASTOS DE OPERACION COMERCIAL,GASTOS DE PERSONAL,PLANTA DE PERSONAL PERMANENTE,REMUNERACIONES NO CONSTITUTIVAS DE FACTOR SALARIAL,PRESTACIONES SOCIALES,No Aplica,No Aplica,No Aplica,No Aplica,VIGENCIA ACTUAL,ENTIDADES DIFERENTES A ENTIDADES TERRITORIALES - UNIDAD DE SALUD,NO DEFINIDO,NO DEFINIDO,NO DEFINIDO,18642292.0,18642292.0,2023,Tercer Trimestre,,,,,,,,,,,,,,,,,,,,,,
4576286,20230901,220115276,E.S.E. Centro de Salud - Floresta,2.1.3.13,SENTENCIAS Y CONCILIACIONES,GASTOS,FUNCIONAMIENTO,TRANSFERENCIAS CORRIENTES,SENTENCIAS Y CONCILIACIONES,No Aplica,No Aplica,No Aplica,No Aplica,No Aplica,No Aplica,VIGENCIA ACTUAL,ENTIDADES DIFERENTES A ENTIDADES TERRITORIALES - UNIDAD DE SALUD,NO DEFINIDO,NO DEFINIDO,NO DEFINIDO,1000000.0,1000000.0,2023,Tercer Trimestre,,,,,,,,,,,,,,,,,,,,,,
4579432,20230901,220115276,E.S.E. Centro de Salud - Floresta,2.1.1.01.03.001,PRESTACIONES SOCIALES,GASTOS,FUNCIONAMIENTO,GASTOS DE PERSONAL,PLANTA DE PERSONAL PERMANENTE,REMUNERACIONES NO CONSTITUTIVAS DE FACTOR SALARIAL,PRESTACIONES SOCIALES,No Aplica,No Aplica,No Aplica,No Aplica,VIGENCIA ACTUAL,ENTIDADES DIFERENTES A ENTIDADES TERRITORIALES - UNIDAD DE SALUD,NO DEFINIDO,NO DEFINIDO,NO DEFINIDO,6333023.0,6333023.0,2023,Tercer Trimestre,,,,,,,,,,,,,,,,,,,,,,
4583750,20230901,220115276,E.S.E. Centro de Salud - Floresta,2.1.3.13.01.001,SENTENCIAS,GASTOS,FUNCIONAMIENTO,TRANSFERENCIAS CORRIENTES,SENTENCIAS Y CONCILIACIONES,FALLOS NACIONALES,SENTENCIAS,No Aplica,No Aplica,No Aplica,No Aplica,VIGENCIA ACTUAL,ENTIDADES DIFERENTES A ENTIDADES TERRITORIALES - UNIDAD DE SALUD,NO DEFINIDO,NO DEFINIDO,NO APLICA,1000000.0,1000000.0,2023,Tercer Trimestre,,,,,,,,,,,,,,,,,,,,,,
4589930,20230901,220115276,E.S.E. Centro de Salud - Floresta,2.1.2.02.01.004,PRODUCTOS METALICOS Y PAQUETES DE SOFTWARE,GASTOS,FUNCIONAMIENTO,ADQUISICION DE BIENES Y SERVICIOS,ADQUISICIONES DIFERENTES DE ACTIVOS,MATERIALES Y SUMINISTROS,PRODUCTOS METALICOS Y PAQUETES DE SOFTWARE,No Aplica,No Aplica,No Aplica,No Aplica,VIGENCIA ACTUAL,ENTIDADES DIFERENTES A ENTIDADES TERRITORIALES - UNIDAD DE SALUD,NO DEFINIDO,NO DEFINIDO,NO APLICA,9000000.0,19687840.0,2023,Tercer Trimestre,,,,,,,,,,,,,,,,,,,,,,
4591088,20230901,220115276,E.S.E. Centro de Salud - Floresta,2.1.2.01.01.003.07,EQUIPO DE TRANSPORTE,GASTOS,FUNCIONAMIENTO,ADQUISICION DE BIENES Y SERVICIOS,ADQUISICION DE ACTIVOS NO FINANCIEROS,ACTIVOS FIJOS,MAQUINARIA Y EQUIPO,EQUIPO DE TRANSPORTE,No Aplica,No Aplica,No Aplica,VIGENCIA ACTUAL,ENTIDADES DIFERENTES A ENTIDADES TERRITORIALES - UNIDAD DE SALUD,NO DEFINIDO,NO DEFINIDO,NO DEFINIDO,4000000.0,3198000.0,2023,Tercer Trimestre,,,,,,,,,,,,,,,,,,,,,,
4591280,20230901,220115276,E.S.E. Centro de Salud - Floresta,2.4.5.01,MATERIALES Y SUMINISTROS,GASTOS,GASTOS DE OPERACION COMERCIAL,GASTOS DE COMERCIALIZACION Y PRODUCCION,MATERIALES Y SUMINISTROS,No Aplica,No Aplica,No Aplica,No Aplica,No Aplica,No Aplica,VIGENCIA ACTUAL,ENTIDADES DIFERENTES A ENTIDADES TERRITORIALES - UNIDAD DE SALUD,NO DEFINIDO,NO DEFINIDO,NO DEFINIDO,21000000.0,54082420.0,2023,Tercer Trimestre,,,,,,,,,,,,,,,,,,,,,,
4591776,20230901,220115276,E.S.E. Centro de Salud - Floresta,2.1.2.01.01.003.07.01,"VEHICULOS AUTOMOTORES, REMOLQUES Y SEMIRREMOLQUES, Y SUS PARTES, PIEZAS Y ACCESORIOS",GASTOS,FUNCIONAMIENTO,ADQUISICION DE BIENES Y SERVICIOS,ADQUISICION DE ACTIVOS NO FINANCIEROS,ACTIVOS FIJOS,MAQUINARIA Y EQUIPO,EQUIPO DE TRANSPORTE,"VEHICULOS AUTOMOTORES, REMOLQUES Y SEMIRREMOLQUES, Y SUS PARTES, PIEZAS Y ACCESORIOS",No Aplica,No Aplica,VIGENCIA ACTUAL,ENTIDADES DIFERENTES A ENTIDADES TERRITORIALES - UNIDAD DE SALUD,NO DEFINIDO,NO DEFINIDO,NO APLICA,4000000.0,3198000.0,2023,Tercer Trimestre,,,,,,,,,,,,,,,,,,,,,,
4599604,20230901,220115276,E.S.E. Centro de Salud - Floresta,2.1.2.02.02.005,CONSTRUCCION Y SERVICIOS DE LA CONSTRUCCION,GASTOS,FUNCIONAMIENTO,ADQUISICION DE BIENES Y SERVICIOS,ADQUISICIONES DIFERENTES DE ACTIVOS,ADQUISICION DE SERVICIOS,CONSTRUCCION Y SERVICIOS DE LA CONSTRUCCION,No Aplica,No Aplica,No Aplica,No Aplica,VIGENCIA ACTUAL,ENTIDADES DIFERENTES A ENTIDADES TERRITORIALES - UNIDAD DE SALUD,NO DEFINIDO,NO DEFINIDO,NO APLICA,4000000.0,4000000.0,2023,Tercer Trimestre,,,,,,,,,,,,,,,,,,,,,,
4600372,20230901,220115276,E.S.E. Centro de Salud - Floresta,2,GASTOS,GASTOS,No Aplica,No Aplica,No Aplica,No Aplica,No Aplica,No Aplica,No Aplica,No Aplica,No Aplica,VIGENCIA ACTUAL,ENTIDADES DIFERENTES A ENTIDADES TERRITORIALES - UNIDAD DE SALUD,NO DEFINIDO,NO DEFINIDO,NO DEFINIDO,634532000.0,979166224.0,2023,Tercer Trimestre,,,,,,,,,,,,,,,,,,,,,,
4608868,20230901,220115276,E.S.E. Centro de Salud - Floresta,2.1.2.02,ADQUISICIONES DIFERENTES DE ACTIVOS,GASTOS,FUNCIONAMIENTO,ADQUISICION DE BIENES Y SERVICIOS,ADQUISICIONES DIFERENTES DE ACTIVOS,No Aplica,No Aplica,No Aplica,No Aplica,No Aplica,No Aplica,VIGENCIA ACTUAL,ENTIDADES DIFERENTES A ENTIDADES TERRITORIALES - UNIDAD DE SALUD,NO DEFINIDO,NO DEFINIDO,NO DEFINIDO,146100000.0,324311546.0,2023,Tercer Trimestre,,,,,,,,,,,,,,,,,,,,,,
4609338,20230901,220115276,E.S.E. Centro de Salud - Floresta,2.1.2.01.01.001.02.08,EDIFICIOS RELACIONADOS CON SALUD,GASTOS,FUNCIONAMIENTO,ADQUISICION DE BIENES Y SERVICIOS,ADQUISICION DE ACTIVOS NO FINANCIEROS,ACTIVOS FIJOS,EDIFICACIONES Y ESTRUCTURAS,EDIFICACIONES DISTINTAS A VIVIENDAS,EDIFICIOS RELACIONADOS CON SALUD,No Aplica,No Aplica,VIGENCIA ACTUAL,ENTIDADES DIFERENTES A ENTIDADES TERRITORIALES - UNIDAD DE SALUD,NO DEFINIDO,NO DEFINIDO,NO APLICA,3000000.0,3000000.0,2023,Tercer Trimestre,,,,,,,,,,,,,,,,,,,,,,
4613324,20230901,220115276,E.S.E. Centro de Salud - Floresta,2.4.1.01,PLANTA DE PERSONAL PERMANENTE,GASTOS,GASTOS DE OPERACION COMERCIAL,GASTOS DE PERSONAL,PLANTA DE PERSONAL PERMANENTE,No Aplica,No Aplica,No Aplica,No Aplica,No Aplica,No Aplica,VIGENCIA ACTUAL,ENTIDADES DIFERENTES A ENTIDADES TERRITORIALES - UNIDAD DE SALUD,NO DEFINIDO,NO DEFINIDO,NO DEFINIDO,235142001.0,252145796.0,2023,Tercer Trimestre,,,,,,,,,,,,,,,,,,,,,,
4622081,20230901,220115276,E.S.E. Centro de Salud - Floresta,2.4.1.01.01.001.01,SUELDO BASICO,GASTOS,GASTOS DE OPERACION COMERCIAL,GASTOS DE PERSONAL,PLANTA DE PERSONAL PERMANENTE,FACTORES CONSTITUTIVOS DE SALARIO,FACTORES SALARIALES COMUNES,SUELDO BASICO,No Aplica,No Aplica,No Aplica,VIGENCIA ACTUAL,ENTIDADES DIFERENTES A ENTIDADES TERRITORIALES - UNIDAD DE SALUD,NO DEFINIDO,NO DEFINIDO,NO APLICA,130835750.0,136787545.0,2023,Tercer Trimestre,,,,,,,,,,,,,,,,,,,,,,
4627350,20230901,220115276,E.S.E. Centro de Salud - Floresta,2.1.3.13.01,FALLOS NACIONALES,GASTOS,FUNCIONAMIENTO,TRANSFERENCIAS CORRIENTES,SENTENCIAS Y CONCILIACIONES,FALLOS NACIONALES,No Aplica,No Aplica,No Aplica,No Aplica,No Aplica,VIGENCIA ACTUAL,ENTIDADES DIFERENTES A ENTIDADES TERRITORIALES - UNIDAD DE SALUD,NO DEFINIDO,NO DEFINIDO,NO DEFINIDO,1000000.0,1000000.0,2023,Tercer Trimestre,,,,,,,,,,,,,,,,,,,,,,
4628958,20230901,220115276,E.S.E. Centro de Salud - Floresta,2.1.2.01.01.004.01.01.06,PARTES Y PIEZAS DE MUEBLES,GASTOS,FUNCIONAMIENTO,ADQUISICION DE BIENES Y SERVICIOS,ADQUISICION DE ACTIVOS NO FINANCIEROS,ACTIVOS FIJOS,ACTIVOS FIJOS NO CLASIFICADOS COMO MAQUINARIA Y EQUIPO,"MUEBLES, INSTRUMENTOS MUSICALES, ARTICULOS DE DEPORTE Y ANTIGÃ?EDADES",MUEBLES,PARTES Y PIEZAS DE MUEBLES,No Aplica,VIGENCIA ACTUAL,ENTIDADES DIFERENTES A ENTIDADES TERRITORIALES - UNIDAD DE SALUD,NO DEFINIDO,NO DEFINIDO,NO APLICA,1000000.0,1000000.0,2023,Tercer Trimestre,,,,,,,,,,,,,,,,,,,,,,
4632312,20230901,220115276,E.S.E. Centro de Salud - Floresta,2.4.1.01.01.001.04,SUBSIDIO DE ALIMENTACION,GASTOS,GASTOS DE OPERACION COMERCIAL,GASTOS DE PERSONAL,PLANTA DE PERSONAL PERMANENTE,FACTORES CONSTITUTIVOS DE SALARIO,FACTORES SALARIALES COMUNES,SUBSIDIO DE ALIMENTACION,No Aplica,No Aplica,No Aplica,VIGENCIA ACTUAL,ENTIDADES DIFERENTES A ENTIDADES TERRITORIALES - UNIDAD DE SALUD,NO DEFINIDO,NO DEFINIDO,NO APLICA,2880864.0,2880864.0,2023,Tercer Trimestre,,,,,,,,,,,,,,,,,,,,,,
4637191,20230901,220115276,E.S.E. Centro de Salud - Floresta,2.4.1.01.03,REMUNERACIONES NO CONSTITUTIVAS DE FACTOR SALARIAL,GASTOS,GASTOS DE OPERACION COMERCIAL,GASTOS DE PERSONAL,PLANTA DE PERSONAL PERMANENTE,REMUNERACIONES NO CONSTITUTIVAS DE FACTOR SALARIAL,No Aplica,No Aplica,No Aplica,No Aplica,No Aplica,VIGENCIA ACTUAL,ENTIDADES DIFERENTES A ENTIDADES TERRITORIALES - UNIDAD DE SALUD,NO DEFINIDO,NO DEFINIDO,NO DEFINIDO,18642292.0,18642292.0,2023,Tercer Trimestre,,,,,,,,,,,,,,,,,,,,,,
4659843,20230901,220115276,E.S.E. Centro de Salud - Floresta,2.1.1.01.02.004,APORTES A CAJAS DE COMPENSACION FAMILIAR,GASTOS,FUNCIONAMIENTO,GASTOS DE PERSONAL,PLANTA DE PERSONAL PERMANENTE,CONTRIBUCIONES INHERENTES A LA NOMINA,APORTES A CAJAS DE COMPENSACION FAMILIAR,No Aplica,No Aplica,No Aplica,No Aplica,VIGENCIA ACTUAL,ENTIDADES DIFERENTES A ENTIDADES TERRITORIALES - UNIDAD DE SALUD,NO DEFINIDO,NO DEFINIDO,NO APLICA,4076652.0,4076652.0,2023,Tercer Trimestre,,,,,,,,,,,,,,,,,,,,,,
4659900,20230901,220115276,E.S.E. Centro de Salud - Floresta,2.1.1.01.01.001.07,BONIFICACION POR SERVICIOS PRESTADOS,GASTOS,FUNCIONAMIENTO,GASTOS DE PERSONAL,PLANTA DE PERSONAL PERMANENTE,FACTORES CONSTITUTIVOS DE SALARIO,FACTORES SALARIALES COMUNES,BONIFICACION POR SERVICIOS PRESTADOS,No Aplica,No Aplica,No Aplica,VIGENCIA ACTUAL,ENTIDADES DIFERENTES A ENTIDADES TERRITORIALES - UNIDAD DE SALUD,NO DEFINIDO,NO DEFINIDO,NO APLICA,2752055.0,2752055.0,2023,Tercer Trimestre,,,,,,,,,,,,,,,,,,,,,,
4660187,20230901,220115276,E.S.E. Centro de Salud - Floresta,2.99,INVERSIÓN CONSOLIDADA,GASTOS,INVERSIÓN CONSOLIDADA,No Aplica,No Aplica,No Aplica,No Aplica,No Aplica,No Aplica,No Aplica,No Aplica,VIGENCIA ACTUAL,ENTIDADES DIFERENTES A ENTIDADES TERRITORIALES - UNIDAD DE SALUD,NO DEFINIDO,NO DEFINIDO,NO APLICA,6000000.0,25000000.0,2023,Tercer Trimestre,,,,,,,,,,,,,,,,,,,,,,
4673904,20230901,220115276,E.S.E. Centro de Salud - Floresta,2.1.2.01.01.004.01.01,MUEBLES,GASTOS,FUNCIONAMIENTO,ADQUISICION DE BIENES Y SERVICIOS,ADQUISICION DE ACTIVOS NO FINANCIEROS,ACTIVOS FIJOS,ACTIVOS FIJOS NO CLASIFICADOS COMO MAQUINARIA Y EQUIPO,"MUEBLES, INSTRUMENTOS MUSICALES, ARTICULOS DE DEPORTE Y ANTIGÃ?EDADES",MUEBLES,No Aplica,No Aplica,VIGENCIA ACTUAL,ENTIDADES DIFERENTES A ENTIDADES TERRITORIALES - UNIDAD DE SALUD,NO DEFINIDO,NO DEFINIDO,NO DEFINIDO,1000000.0,1000000.0,2023,Tercer Trimestre,,,,,,,,,,,,,,,,,,,,,,
4675981,20230901,220115276,E.S.E. Centro de Salud - Floresta,2.1.2.02.02.006,"COMERCIO Y DISTRIBUCION; ALOJAMIENTO; SERVICIOS DE SUMINISTRO DE COMIDAS Y BEBIDAS; SERVICIOS DE TRANSPORTE; Y SERVICIOS DE DISTRIBUCION DE ELECTRICIDAD, GAS Y AGUA",GASTOS,FUNCIONAMIENTO,ADQUISICION DE BIENES Y SERVICIOS,ADQUISICIONES DIFERENTES DE ACTIVOS,ADQUISICION DE SERVICIOS,"COMERCIO Y DISTRIBUCION; ALOJAMIENTO; SERVICIOS DE SUMINISTRO DE COMIDAS Y BEBIDAS; SERVICIOS DE TRANSPORTE; Y SERVICIOS DE DISTRIBUCION DE ELECTRICIDAD, GAS Y AGUA",No Aplica,No Aplica,No Aplica,No Aplica,VIGENCIA ACTUAL,ENTIDADES DIFERENTES A ENTIDADES TERRITORIALES - UNIDAD DE SALUD,NO DEFINIDO,NO DEFINIDO,NO APLICA,6000000.0,21968782.0,2023,Tercer Trimestre,,,,,,,,,,,,,,,,,,,,,,
4678277,20230901,220115276,E.S.E. Centro de Salud - Floresta,2.1.1.01.01.001.06,PRIMA DE SERVICIO,GASTOS,FUNCIONAMIENTO,GASTOS DE PERSONAL,PLANTA DE PERSONAL PERMANENTE,FACTORES CONSTITUTIVOS DE SALARIO,FACTORES SALARIALES COMUNES,PRIMA DE SERVICIO,No Aplica,No Aplica,No Aplica,VIGENCIA ACTUAL,ENTIDADES DIFERENTES A ENTIDADES TERRITORIALES - UNIDAD DE SALUD,NO DEFINIDO,NO DEFINIDO,NO APLICA,7108853.0,7108853.0,2023,Tercer Trimestre,,,,,,,,,,,,,,,,,,,,,,
4687476,20230901,220115276,E.S.E. Centro de Salud - Floresta,2.1.2.02.01.002,"PRODUCTOS ALIMENTICIOS, BEBIDAS Y TABACO, TEXTILES, PRENDAS DE VESTIR Y PRODUCTOS DE CUERO",GASTOS,FUNCIONAMIENTO,ADQUISICION DE BIENES Y SERVICIOS,ADQUISICIONES DIFERENTES DE ACTIVOS,MATERIALES Y SUMINISTROS,"PRODUCTOS ALIMENTICIOS, BEBIDAS Y TABACO, TEXTILES, PRENDAS DE VESTIR Y PRODUCTOS DE CUERO",No Aplica,No Aplica,No Aplica,No Aplica,VIGENCIA ACTUAL,ENTIDADES DIFERENTES A ENTIDADES TERRITORIALES - UNIDAD DE SALUD,NO DEFINIDO,NO DEFINIDO,NO APLICA,6000000.0,34790100.0,2023,Tercer Trimestre,,,,,,,,,,,,,,,,,,,,,,
4703977,20230901,220115276,E.S.E. Centro de Salud - Floresta,2.1.8,"GASTOS POR TRIBUTOS, TASAS, CONTRIBUCIONES, MULTAS, SANCIONES E INTERESES DE MORA",GASTOS,FUNCIONAMIENTO,"GASTOS POR TRIBUTOS, TASAS, CONTRIBUCIONES, MULTAS, SANCIONES E INTERESES DE MORA",No Aplica,No Aplica,No Aplica,No Aplica,No Aplica,No Aplica,No Aplica,VIGENCIA ACTUAL,ENTIDADES DIFERENTES A ENTIDADES TERRITORIALES - UNIDAD DE SALUD,NO DEFINIDO,NO DEFINIDO,NO DEFINIDO,850000.0,850000.0,2023,Tercer Trimestre,,,,,,,,,,,,,,,,,,,,,,
4708114,20230901,220115276,E.S.E. Centro de Salud - Floresta,2.1.1.01.01.001.04,SUBSIDIO DE ALIMENTACION,GASTOS,FUNCIONAMIENTO,GASTOS DE PERSONAL,PLANTA DE PERSONAL PERMANENTE,FACTORES CONSTITUTIVOS DE SALARIO,FACTORES SALARIALES COMUNES,SUBSIDIO DE ALIMENTACION,No Aplica,No Aplica,No Aplica,VIGENCIA ACTUAL,ENTIDADES DIFERENTES A ENTIDADES TERRITORIALES - UNIDAD DE SALUD,NO DEFINIDO,NO DEFINIDO,NO APLICA,1920576.0,1920576.0,2023,Tercer Trimestre,,,,,,,,,,,,,,,,,,,,,,
4716396,20230901,220115276,E.S.E. Centro de Salud - Floresta,2.1.1.01.03.001.03,BONIFICACION ESPECIAL DE RECREACION,GASTOS,FUNCIONAMIENTO,GASTOS DE PERSONAL,PLANTA DE PERSONAL PERMANENTE,REMUNERACIONES NO CONSTITUTIVAS DE FACTOR SALARIAL,PRESTACIONES SOCIALES,BONIFICACION ESPECIAL DE RECREACION,No Aplica,No Aplica,No Aplica,VIGENCIA ACTUAL,ENTIDADES DIFERENTES A ENTIDADES TERRITORIALES - UNIDAD DE SALUD,NO DEFINIDO,NO DEFINIDO,NO APLICA,329338.0,329338.0,2023,Tercer Trimestre,,,,,,,,,,,,,,,,,,,,,,
4725008,20230901,220115276,E.S.E. Centro de Salud - Floresta,2.1.2.02.02,ADQUISICION DE SERVICIOS,GASTOS,FUNCIONAMIENTO,ADQUISICION DE BIENES Y SERVICIOS,ADQUISICIONES DIFERENTES DE ACTIVOS,ADQUISICION DE SERVICIOS,No Aplica,No Aplica,No Aplica,No Aplica,No Aplica,VIGENCIA ACTUAL,ENTIDADES DIFERENTES A ENTIDADES TERRITORIALES - UNIDAD DE SALUD,NO DEFINIDO,NO DEFINIDO,NO DEFINIDO,125100000.0,241953606.0,2023,Tercer Trimestre,,,,,,,,,,,,,,,,,,,,,,
4734400,20230901,220115276,E.S.E. Centro de Salud - Floresta,2.1.2.01.01.001,EDIFICACIONES Y ESTRUCTURAS,GASTOS,FUNCIONAMIENTO,ADQUISICION DE BIENES Y SERVICIOS,ADQUISICION DE ACTIVOS NO FINANCIEROS,ACTIVOS FIJOS,EDIFICACIONES Y ESTRUCTURAS,No Aplica,No Aplica,No Aplica,No Aplica,VIGENCIA ACTUAL,ENTIDADES DIFERENTES A ENTIDADES TERRITORIALES - UNIDAD DE SALUD,NO DEFINIDO,NO DEFINIDO,NO DEFINIDO,3000000.0,3000000.0,2023,Tercer Trimestre,,,,,,,,,,,,,,,,,,,,,,
4736420,20230901,220115276,E.S.E. Centro de Salud - Floresta,2.1.2.01.01.003.03,"MAQUINARIA DE OFICINA, CONTABILIDAD E INFORMATICA",GASTOS,FUNCIONAMIENTO,ADQUISICION DE BIENES Y SERVICIOS,ADQUISICION DE ACTIVOS NO FINANCIEROS,ACTIVOS FIJOS,MAQUINARIA Y EQUIPO,"MAQUINARIA DE OFICINA, CONTABILIDAD E INFORMATICA",No Aplica,No Aplica,No Aplica,VIGENCIA ACTUAL,ENTIDADES DIFERENTES A ENTIDADES TERRITORIALES - UNIDAD DE SALUD,NO DEFINIDO,NO DEFINIDO,NO DEFINIDO,1500000.0,2302000.0,2023,Tercer Trimestre,,,,,,,,,,,,,,,,,,,,,,
4738693,20230901,220115276,E.S.E. Centro de Salud - Floresta,2.1.2.01.01.004.01,"MUEBLES, INSTRUMENTOS MUSICALES, ARTICULOS DE DEPORTE Y ANTIGÃ?EDADES",GASTOS,FUNCIONAMIENTO,ADQUISICION DE BIENES Y SERVICIOS,ADQUISICION DE ACTIVOS NO FINANCIEROS,ACTIVOS FIJOS,ACTIVOS FIJOS NO CLASIFICADOS COMO MAQUINARIA Y EQUIPO,"MUEBLES, INSTRUMENTOS MUSICALES, ARTICULOS DE DEPORTE Y ANTIGÃ?EDADES",No Aplica,No Aplica,No Aplica,VIGENCIA ACTUAL,ENTIDADES DIFERENTES A ENTIDADES TERRITORIALES - UNIDAD DE SALUD,NO DEFINIDO,NO DEFINIDO,NO DEFINIDO,1000000.0,1000000.0,2023,Tercer Trimestre,,,,,,,,,,,,,,,,,,,,,,
4746174,20230901,220115276,E.S.E. Centro de Salud - Floresta,2.1.2.01,ADQUISICION DE ACTIVOS NO FINANCIEROS,GASTOS,FUNCIONAMIENTO,ADQUISICION DE BIENES Y SERVICIOS,ADQUISICION DE ACTIVOS NO FINANCIEROS,No Aplica,No Aplica,No Aplica,No Aplica,No Aplica,No Aplica,VIGENCIA ACTUAL,ENTIDADES DIFERENTES A ENTIDADES TERRITORIALES - UNIDAD DE SALUD,NO DEFINIDO,NO DEFINIDO,NO DEFINIDO,15500000.0,15500000.0,2023,Tercer Trimestre,,,,,,,,,,,,,,,,,,,,,,
4746880,20230901,220115276,E.S.E. Centro de Salud - Floresta,2.1.3,TRANSFERENCIAS CORRIENTES,GASTOS,FUNCIONAMIENTO,TRANSFERENCIAS CORRIENTES,No Aplica,No Aplica,No Aplica,No Aplica,No Aplica,No Aplica,No Aplica,VIGENCIA ACTUAL,ENTIDADES DIFERENTES A ENTIDADES TERRITORIALES - UNIDAD DE SALUD,NO DEFINIDO,NO DEFINIDO,NO DEFINIDO,1000000.0,1000000.0,2023,Tercer Trimestre,,,,,,,,,,,,,,,,,,,,,,
4747937,20230901,220115276,E.S.E. Centro de Salud - Floresta,2.1.1.01,PLANTA DE PERSONAL PERMANENTE,GASTOS,FUNCIONAMIENTO,GASTOS DE PERSONAL,PLANTA DE PERSONAL PERMANENTE,No Aplica,No Aplica,No Aplica,No Aplica,No Aplica,No Aplica,VIGENCIA ACTUAL,ENTIDADES DIFERENTES A ENTIDADES TERRITORIALES - UNIDAD DE SALUD,NO DEFINIDO,NO DEFINIDO,NO DEFINIDO,135199999.0,131089313.0,2023,Tercer Trimestre,,,,,,,,,,,,,,,,,,,,,,
4754153,20230901,220115276,E.S.E. Centro de Salud - Floresta,2.4.1.01.02.002,APORTES A LA SEGURIDAD SOCIAL EN SALUD,GASTOS,GASTOS DE OPERACION COMERCIAL,GASTOS DE PERSONAL,PLANTA DE PERSONAL PERMANENTE,CONTRIBUCIONES INHERENTES A LA NOMINA,APORTES A LA SEGURIDAD SOCIAL EN SALUD,No Aplica,No Aplica,No Aplica,No Aplica,VIGENCIA ACTUAL,ENTIDADES DIFERENTES A ENTIDADES TERRITORIALES - UNIDAD DE SALUD,NO DEFINIDO,NO DEFINIDO,NO APLICA,13645865.0,13645865.0,2023,Tercer Trimestre,,,,,,,,,,,,,,,,,,,,,,
4764134,20230901,220115276,E.S.E. Centro de Salud - Floresta,2.4.1,GASTOS DE PERSONAL,GASTOS,GASTOS DE OPERACION COMERCIAL,GASTOS DE PERSONAL,No Aplica,No Aplica,No Aplica,No Aplica,No Aplica,No Aplica,No Aplica,VIGENCIA ACTUAL,ENTIDADES DIFERENTES A ENTIDADES TERRITORIALES - UNIDAD DE SALUD,NO DEFINIDO,NO DEFINIDO,NO DEFINIDO,235142001.0,252145796.0,2023,Tercer Trimestre,,,,,,,,,,,,,,,,,,,,,,
4768054,20230901,220115276,E.S.E. Centro de Salud - Floresta,2.1,FUNCIONAMIENTO,GASTOS,FUNCIONAMIENTO,No Aplica,No Aplica,No Aplica,No Aplica,No Aplica,No Aplica,No Aplica,No Aplica,VIGENCIA ACTUAL,ENTIDADES DIFERENTES A ENTIDADES TERRITORIALES - UNIDAD DE SALUD,NO DEFINIDO,NO DEFINIDO,NO DEFINIDO,298649999.0,472750859.0,2023,Tercer Trimestre,,,,,,,,,,,,,,,,,,,,,,
4770158,20230901,220115276,E.S.E. Centro de Salud - Floresta,2.4.1.01.03.001.03,BONIFICACION ESPECIAL DE RECREACION,GASTOS,GASTOS DE OPERACION COMERCIAL,GASTOS DE PERSONAL,PLANTA DE PERSONAL PERMANENTE,REMUNERACIONES NO CONSTITUTIVAS DE FACTOR SALARIAL,PRESTACIONES SOCIALES,BONIFICACION ESPECIAL DE RECREACION,No Aplica,No Aplica,No Aplica,VIGENCIA ACTUAL,ENTIDADES DIFERENTES A ENTIDADES TERRITORIALES - UNIDAD DE SALUD,NO DEFINIDO,NO DEFINIDO,NO APLICA,769486.0,769486.0,2023,Tercer Trimestre,,,,,,,,,,,,,,,,,,,,,,
4803657,20230901,220115276,E.S.E. Centro de Salud - Floresta,2.4.1.01.02.007,APORTES AL SENA,GASTOS,GASTOS DE OPERACION COMERCIAL,GASTOS DE PERSONAL,PLANTA DE PERSONAL PERMANENTE,CONTRIBUCIONES INHERENTES A LA NOMINA,APORTES AL SENA,No Aplica,No Aplica,No Aplica,No Aplica,VIGENCIA ACTUAL,ENTIDADES DIFERENTES A ENTIDADES TERRITORIALES - UNIDAD DE SALUD,NO DEFINIDO,NO DEFINIDO,NO APLICA,3805719.0,3805719.0,2023,Tercer Trimestre,,,,,,,,,,,,,,,,,,,,,,
4809056,20230901,220115276,E.S.E. Centro de Salud - Floresta,2.4.1.01.02.006,APORTES AL ICBF,GASTOS,GASTOS DE OPERACION COMERCIAL,GASTOS DE PERSONAL,PLANTA DE PERSONAL PERMANENTE,CONTRIBUCIONES INHERENTES A LA NOMINA,APORTES AL ICBF,No Aplica,No Aplica,No Aplica,No Aplica,VIGENCIA ACTUAL,ENTIDADES DIFERENTES A ENTIDADES TERRITORIALES - UNIDAD DE SALUD,NO DEFINIDO,NO DEFINIDO,NO APLICA,5708578.0,5708578.0,2023,Tercer Trimestre,,,,,,,,,,,,,,,,,,,,,,
4810344,20230901,220115276,E.S.E. Centro de Salud - Floresta,2.4.1.01.02.004,APORTES A CAJAS DE COMPENSACION FAMILIAR,GASTOS,GASTOS DE OPERACION COMERCIAL,GASTOS DE PERSONAL,PLANTA DE PERSONAL PERMANENTE,CONTRIBUCIONES INHERENTES A LA NOMINA,APORTES A CAJAS DE COMPENSACION FAMILIAR,No Aplica,No Aplica,No Aplica,No Aplica,VIGENCIA ACTUAL,ENTIDADES DIFERENTES A ENTIDADES TERRITORIALES - UNIDAD DE SALUD,NO DEFINIDO,NO DEFINIDO,NO APLICA,7611438.0,7611438.0,2023,Tercer Trimestre,,,,,,,,,,,,,,,,,,,,,,
4813503,20230901,220115276,E.S.E. Centro de Salud - Floresta,2.1.2.01.01.003.03.02,"MAQUINARIA DE INFORMATICA Y SUS PARTES, PIEZAS Y ACCESORIOS",GASTOS,FUNCIONAMIENTO,ADQUISICION DE BIENES Y SERVICIOS,ADQUISICION DE ACTIVOS NO FINANCIEROS,ACTIVOS FIJOS,MAQUINARIA Y EQUIPO,"MAQUINARIA DE OFICINA, CONTABILIDAD E INFORMATICA","MAQUINARIA DE INFORMATICA Y SUS PARTES, PIEZAS Y ACCESORIOS",No Aplica,No Aplica,VIGENCIA ACTUAL,ENTIDADES DIFERENTES A ENTIDADES TERRITORIALES - UNIDAD DE SALUD,NO DEFINIDO,NO DEFINIDO,NO APLICA,1500000.0,2302000.0,2023,Tercer Trimestre,,,,,,,,,,,,,,,,,,,,,,
4829871,20230901,220115276,E.S.E. Centro de Salud - Floresta,2.1.2.02.02.008,SERVICIOS PRESTADOS A LAS EMPRESAS Y SERVICIOS DE PRODUCCION,GASTOS,FUNCIONAMIENTO,ADQUISICION DE BIENES Y SERVICIOS,ADQUISICIONES DIFERENTES DE ACTIVOS,ADQUISICION DE SERVICIOS,SERVICIOS PRESTADOS A LAS EMPRESAS Y SERVICIOS DE PRODUCCION,No Aplica,No Aplica,No Aplica,No Aplica,VIGENCIA ACTUAL,ENTIDADES DIFERENTES A ENTIDADES TERRITORIALES - UNIDAD DE SALUD,NO DEFINIDO,NO DEFINIDO,NO APLICA,100100000.0,200984824.0,2023,Tercer Trimestre,,,,,,,,,,,,,,,,,,,,,,
4830421,20230901,220115276,E.S.E. Centro de Salud - Floresta,2.4.1.01.01,FACTORES CONSTITUTIVOS DE SALARIO,GASTOS,GASTOS DE OPERACION COMERCIAL,GASTOS DE PERSONAL,PLANTA DE PERSONAL PERMANENTE,FACTORES CONSTITUTIVOS DE SALARIO,No Aplica,No Aplica,No Aplica,No Aplica,No Aplica,VIGENCIA ACTUAL,ENTIDADES DIFERENTES A ENTIDADES TERRITORIALES - UNIDAD DE SALUD,NO DEFINIDO,NO DEFINIDO,NO DEFINIDO,161091670.0,171795465.0,2023,Tercer Trimestre,,,,,,,,,,,,,,,,,,,,,,
4831124,20230901,220115276,E.S.E. Centro de Salud - Floresta,2.4.1.01.01.001.08.02,PRIMA DE VACACIONES,GASTOS,GASTOS DE OPERACION COMERCIAL,GASTOS DE PERSONAL,PLANTA DE PERSONAL PERMANENTE,FACTORES CONSTITUTIVOS DE SALARIO,FACTORES SALARIALES COMUNES,PRESTACIONES SOCIALES,PRIMA DE VACACIONES,No Aplica,No Aplica,VIGENCIA ACTUAL,ENTIDADES DIFERENTES A ENTIDADES TERRITORIALES - UNIDAD DE SALUD,NO DEFINIDO,NO DEFINIDO,NO APLICA,7277178.0,7277178.0,2023,Tercer Trimestre,,,,,,,,,,,,,,,,,,,,,,
4840554,20230901,220115276,E.S.E. Centro de Salud - Floresta,2.1.1.01.01.001,FACTORES SALARIALES COMUNES,GASTOS,FUNCIONAMIENTO,GASTOS DE PERSONAL,PLANTA DE PERSONAL PERMANENTE,FACTORES CONSTITUTIVOS DE SALARIO,FACTORES SALARIALES COMUNES,No Aplica,No Aplica,No Aplica,No Aplica,VIGENCIA ACTUAL,ENTIDADES DIFERENTES A ENTIDADES TERRITORIALES - UNIDAD DE SALUD,NO DEFINIDO,NO DEFINIDO,NO DEFINIDO,96566476.0,92455790.0,2023,Tercer Trimestre,,,,,,,,,,,,,,,,,,,,,,
4845419,20230901,220115276,E.S.E. Centro de Salud - Floresta,2.1.1.01.02.007,APORTES AL SENA,GASTOS,FUNCIONAMIENTO,GASTOS DE PERSONAL,PLANTA DE PERSONAL PERMANENTE,CONTRIBUCIONES INHERENTES A LA NOMINA,APORTES AL SENA,No Aplica,No Aplica,No Aplica,No Aplica,VIGENCIA ACTUAL,ENTIDADES DIFERENTES A ENTIDADES TERRITORIALES - UNIDAD DE SALUD,NO DEFINIDO,NO DEFINIDO,NO APLICA,2038326.0,2038326.0,2023,Tercer Trimestre,,,,,,,,,,,,,,,,,,,,,,
4846418,20230901,220115276,E.S.E. Centro de Salud - Floresta,2.4.1.01.01.001.07,BONIFICACION POR SERVICIOS PRESTADOS,GASTOS,GASTOS DE OPERACION COMERCIAL,GASTOS DE PERSONAL,PLANTA DE PERSONAL PERMANENTE,FACTORES CONSTITUTIVOS DE SALARIO,FACTORES SALARIALES COMUNES,BONIFICACION POR SERVICIOS PRESTADOS,No Aplica,No Aplica,No Aplica,VIGENCIA ACTUAL,ENTIDADES DIFERENTES A ENTIDADES TERRITORIALES - UNIDAD DE SALUD,NO DEFINIDO,NO DEFINIDO,NO APLICA,737477.0,5489477.0,2023,Tercer Trimestre,,,,,,,,,,,,,,,,,,,,,,
4856646,20230901,220115276,E.S.E. Centro de Salud - Floresta,2.1.2.01.01.003.06,"APARATOS MEDICOS, INSTRUMENTOS OPTICOS Y DE PRECISION, RELOJES",GASTOS,FUNCIONAMIENTO,ADQUISICION DE BIENES Y SERVICIOS,ADQUISICION DE ACTIVOS NO FINANCIEROS,ACTIVOS FIJOS,MAQUINARIA Y EQUIPO,"APARATOS MEDICOS, INSTRUMENTOS OPTICOS Y DE PRECISION, RELOJES",No Aplica,No Aplica,No Aplica,VIGENCIA ACTUAL,ENTIDADES DIFERENTES A ENTIDADES TERRITORIALES - UNIDAD DE SALUD,NO DEFINIDO,NO DEFINIDO,NO DEFINIDO,6000000.0,6000000.0,2023,Tercer Trimestre,,,,,,,,,,,,,,,,,,,,,,
4864850,20210901,220115276,E.S.E. Centro de Salud - Floresta,1.1.02.05,VENTA DE BIENES Y SERVICIOS,INGRESOS,INGRESOS CORRIENTES,INGRESOS NO TRIBUTARIOS,VENTA DE BIENES Y SERVICIOS,No Aplica,No Aplica,No Aplica,No Aplica,No Aplica,No Aplica,,,,,,,,2021,Tercer Trimestre,465004723.0,431600000.0,,,,,,,,,,,,,,,,,,,,
4864920,20230301,220115276,E.S.E. Centro de Salud - Floresta,1.1.02,INGRESOS NO TRIBUTARIOS,INGRESOS,INGRESOS CORRIENTES,INGRESOS NO TRIBUTARIOS,No Aplica,No Aplica,No Aplica,No Aplica,No Aplica,No Aplica,No Aplica,,,,,,,,2023,Primer Trimestre,741406237.0,634382000.0,,,,,,,,,,,,,,,,,,,,
4866400,20210301,220115276,E.S.E. Centro de Salud - Floresta,1.2.06.01.001,BANCOS COMERCIALES,INGRESOS,RECURSOS DE CAPITAL,RECURSOS DE CREDITO EXTERNO,RECURSOS DE CONTRATOS DE EMPRESTITOS EXTERNOS,BANCOS COMERCIALES,No Aplica,No Aplica,No Aplica,No Aplica,No Aplica,,,,,,,,2021,Primer Trimestre,10000.0,10000.0,,,,,,,,,,,,,,,,,,,,
4868138,20220601,220115276,E.S.E. Centro de Salud - Floresta,1.2,RECURSOS DE CAPITAL,INGRESOS,RECURSOS DE CAPITAL,No Aplica,No Aplica,No Aplica,No Aplica,No Aplica,No Aplica,No Aplica,No Aplica,,,,,,,,2022,Segundo Trimestre,150000.0,150000.0,,,,,,,,,,,,,,,,,,,,
4879286,20220901,220115276,E.S.E. Centro de Salud - Floresta,1,INGRESOS,INGRESOS,No Aplica,No Aplica,No Aplica,No Aplica,No Aplica,No Aplica,No Aplica,No Aplica,No Aplica,,,,,,,,2022,Tercer Trimestre,928591112.0,531776000.0,,,,,,,,,,,,,,,,,,,,
4880215,20220301,220115276,E.S.E. Centro de Salud - Floresta,1.2.09,RECUPERACION DE CARTERA - PRESTAMOS,INGRESOS,RECURSOS DE CAPITAL,RECUPERACION DE CARTERA - PRESTAMOS,No Aplica,No Aplica,No Aplica,No Aplica,No Aplica,No Aplica,No Aplica,,,,,,,,2022,Primer Trimestre,50000.0,50000.0,,,,,,,,,,,,,,,,,,,,
4886854,20210901,220115276,E.S.E. Centro de Salud - Floresta,1.0,DISPONIBILIDAD INICIAL,INGRESOS,DISPONIBILIDAD INICIAL,No Aplica,No Aplica,No Aplica,No Aplica,No Aplica,No Aplica,No Aplica,No Aplica,,,,,,,,2021,Tercer Trimestre,73998835.0,1000000.0,,,,,,,,,,,,,,,,,,,,
4894164,20220301,220115276,E.S.E. Centro de Salud - Floresta,1.1.02.06.006,TRANSFERENCIAS DE OTRAS ENTIDADES DEL GOBIERNO GENERAL,INGRESOS,INGRESOS CORRIENTES,INGRESOS NO TRIBUTARIOS,TRANSFERENCIAS CORRIENTES,TRANSFERENCIAS DE OTRAS ENTIDADES DEL GOBIERNO GENERAL,No Aplica,No Aplica,No Aplica,No Aplica,No Aplica,,,,,,,,2022,Primer Trimestre,0.0,0.0,,,,,,,,,,,,,,,,,,,,
4899633,20220901,220115276,E.S.E. Centro de Salud - Floresta,1.2.05,RENDIMIENTOS FINANCIEROS,INGRESOS,RECURSOS DE CAPITAL,RENDIMIENTOS FINANCIEROS,No Aplica,No Aplica,No Aplica,No Aplica,No Aplica,No Aplica,No Aplica,,,,,,,,2022,Tercer Trimestre,100000.0,100000.0,,,,,,,,,,,,,,,,,,,,
4905431,20211201,220115276,E.S.E. Centro de Salud - Floresta,1.1.02.06.007.02,EMPRESAS PUBLICAS NO FINANCIERAS,INGRESOS,INGRESOS CORRIENTES,INGRESOS NO TRIBUTARIOS,TRANSFERENCIAS CORRIENTES,SUBVENCIONES,EMPRESAS PUBLICAS NO FINANCIERAS,No Aplica,No Aplica,No Aplica,No Aplica,,,,,,,,2021,Cuarto Trimestre,130669588.0,0.0,,,,,,,,,,,,,,,,,,,,
4909316,20220901,220115276,E.S.E. Centro de Salud - Floresta,1.1.02.06.006.06,OTRAS UNIDADES DE GOBIERNO,INGRESOS,INGRESOS CORRIENTES,INGRESOS NO TRIBUTARIOS,TRANSFERENCIAS CORRIENTES,TRANSFERENCIAS DE OTRAS ENTIDADES DEL GOBIERNO GENERAL,OTRAS UNIDADES DE GOBIERNO,No Aplica,No Aplica,No Aplica,No Aplica,,,,,,,,2022,Tercer Trimestre,149186748.0,0.0,,,,,,,,,,,,,,,,,,,,
4913877,20211201,220115276,E.S.E. Centro de Salud - Floresta,1.1.02.05.001.09,"SERVICIOS PARA LA COMUNIDAD, SOCIALES Y PERSONALES",INGRESOS,INGRESOS CORRIENTES,INGRESOS NO TRIBUTARIOS,VENTA DE BIENES Y SERVICIOS,VENTAS DE ESTABLECIMIENTOS DE MERCADO,"SERVICIOS PARA LA COMUNIDAD, SOCIALES Y PERSONALES",No Aplica,No Aplica,No Aplica,No Aplica,,,,,,,,2021,Cuarto Trimestre,499542365.0,431600000.0,,,,,,,,,,,,,,,,,,,,
4926155,20220601,220115276,E.S.E. Centro de Salud - Floresta,1.1,INGRESOS CORRIENTES,INGRESOS,INGRESOS CORRIENTES,No Aplica,No Aplica,No Aplica,No Aplica,No Aplica,No Aplica,No Aplica,No Aplica,,,,,,,,2022,Segundo Trimestre,779165185.0,530626000.0,,,,,,,,,,,,,,,,,,,,
4927689,20210601,220115276,E.S.E. Centro de Salud - Floresta,1.1.02.06.007.02,EMPRESAS PUBLICAS NO FINANCIERAS,INGRESOS,INGRESOS CORRIENTES,INGRESOS NO TRIBUTARIOS,TRANSFERENCIAS CORRIENTES,SUBVENCIONES,EMPRESAS PUBLICAS NO FINANCIERAS,No Aplica,No Aplica,No Aplica,No Aplica,,,,,,,,2021,Segundo Trimestre,0.0,0.0,,,,,,,,,,,,,,,,,,,,
4927837,20220901,220115276,E.S.E. Centro de Salud - Floresta,1.2.09,RECUPERACION DE CARTERA - PRESTAMOS,INGRESOS,RECURSOS DE CAPITAL,RECUPERACION DE CARTERA - PRESTAMOS,No Aplica,No Aplica,No Aplica,No Aplica,No Aplica,No Aplica,No Aplica,,,,,,,,2022,Tercer Trimestre,2670315.0,50000.0,,,,,,,,,,,,,,,,,,,,
4928320,20210601,220115276,E.S.E. Centro de Salud - Floresta,1.2.06.01.001,BANCOS COMERCIALES,INGRESOS,RECURSOS DE CAPITAL,RECURSOS DE CREDITO EXTERNO,RECURSOS DE CONTRATOS DE EMPRESTITOS EXTERNOS,BANCOS COMERCIALES,No Aplica,No Aplica,No Aplica,No Aplica,No Aplica,,,,,,,,2021,Segundo Trimestre,10000.0,10000.0,,,,,,,,,,,,,,,,,,,,
4929028,20221201,220115276,E.S.E. Centro de Salud - Floresta,1.1.02.06,TRANSFERENCIAS CORRIENTES,INGRESOS,INGRESOS CORRIENTES,INGRESOS NO TRIBUTARIOS,TRANSFERENCIAS CORRIENTES,No Aplica,No Aplica,No Aplica,No Aplica,No Aplica,No Aplica,,,,,,,,2022,Cuarto Trimestre,149186748.0,0.0,,,,,,,,,,,,,,,,,,,,
4930883,20221201,220115276,E.S.E. Centro de Salud - Floresta,1.1,INGRESOS CORRIENTES,INGRESOS,INGRESOS CORRIENTES,No Aplica,No Aplica,No Aplica,No Aplica,No Aplica,No Aplica,No Aplica,No Aplica,,,,,,,,2022,Cuarto Trimestre,942886427.0,530626000.0,,,,,,,,,,,,,,,,,,,,
4931444,20230601,220115276,E.S.E. Centro de Salud - Floresta,1.1.02.05.001.09,"SERVICIOS PARA LA COMUNIDAD, SOCIALES Y PERSONALES",INGRESOS,INGRESOS CORRIENTES,INGRESOS NO TRIBUTARIOS,VENTA DE BIENES Y SERVICIOS,VENTAS DE ESTABLECIMIENTOS DE MERCADO,"SERVICIOS PARA LA COMUNIDAD, SOCIALES Y PERSONALES",No Aplica,No Aplica,No Aplica,No Aplica,,,,,,,,2023,Segundo Trimestre,795219153.0,634382000.0,,,,,,,,,,,,,,,,,,,,
4934670,20220301,220115276,E.S.E. Centro de Salud - Floresta,1.2.05.02,DEPOSITOS,INGRESOS,RECURSOS DE CAPITAL,RENDIMIENTOS FINANCIEROS,DEPOSITOS,No Aplica,No Aplica,No Aplica,No Aplica,No Aplica,No Aplica,,,,,,,,2022,Primer Trimestre,100000.0,100000.0,,,,,,,,,,,,,,,,,,,,
4948738,20220901,220115276,E.S.E. Centro de Salud - Floresta,1.0,DISPONIBILIDAD INICIAL,INGRESOS,DISPONIBILIDAD INICIAL,No Aplica,No Aplica,No Aplica,No Aplica,No Aplica,No Aplica,No Aplica,No Aplica,,,,,,,,2022,Tercer Trimestre,108215254.0,1000000.0,,,,,,,,,,,,,,,,,,,,
4949045,20220901,220115276,E.S.E. Centro de Salud - Floresta,1.1.02,INGRESOS NO TRIBUTARIOS,INGRESOS,INGRESOS CORRIENTES,INGRESOS NO TRIBUTARIOS,No Aplica,No Aplica,No Aplica,No Aplica,No Aplica,No Aplica,No Aplica,,,,,,,,2022,Tercer Trimestre,817605543.0,530626000.0,,,,,,,,,,,,,,,,,,,,
4949241,20210301,220115276,E.S.E. Centro de Salud - Floresta,1.2.06.01,RECURSOS DE CONTRATOS DE EMPRESTITOS EXTERNOS,INGRESOS,RECURSOS DE CAPITAL,RECURSOS DE CREDITO EXTERNO,RECURSOS DE CONTRATOS DE EMPRESTITOS EXTERNOS,No Aplica,No Aplica,No Aplica,No Aplica,No Aplica,No Aplica,,,,,,,,2021,Primer Trimestre,10000.0,10000.0,,,,,,,,,,,,,,,,,,,,
4952732,20210301,220115276,E.S.E. Centro de Salud - Floresta,1.2.06,RECURSOS DE CREDITO EXTERNO,INGRESOS,RECURSOS DE CAPITAL,RECURSOS DE CREDITO EXTERNO,No Aplica,No Aplica,No Aplica,No Aplica,No Aplica,No Aplica,No Aplica,,,,,,,,2021,Primer Trimestre,10000.0,10000.0,,,,,,,,,,,,,,,,,,,,
4956260,20210301,220115276,E.S.E. Centro de Salud - Floresta,1.1.02.05.001.09,"SERVICIOS PARA LA COMUNIDAD, SOCIALES Y PERSONALES",INGRESOS,INGRESOS CORRIENTES,INGRESOS NO TRIBUTARIOS,VENTA DE BIENES Y SERVICIOS,VENTAS DE ESTABLECIMIENTOS DE MERCADO,"SERVICIOS PARA LA COMUNIDAD, SOCIALES Y PERSONALES",No Aplica,No Aplica,No Aplica,No Aplica,,,,,,,,2021,Primer Trimestre,431600000.0,431600000.0,,,,,,,,,,,,,,,,,,,,
4960311,20220901,220115276,E.S.E. Centro de Salud - Floresta,1.1.02.06.006,TRANSFERENCIAS DE OTRAS ENTIDADES DEL GOBIERNO GENERAL,INGRESOS,INGRESOS CORRIENTES,INGRESOS NO TRIBUTARIOS,TRANSFERENCIAS CORRIENTES,TRANSFERENCIAS DE OTRAS ENTIDADES DEL GOBIERNO GENERAL,No Aplica,No Aplica,No Aplica,No Aplica,No Aplica,,,,,,,,2022,Tercer Trimestre,149186748.0,0.0,,,,,,,,,,,,,,,,,,,,
4961706,20220901,220115276,E.S.E. Centro de Salud - Floresta,1.1.02.05,VENTA DE BIENES Y SERVICIOS,INGRESOS,INGRESOS CORRIENTES,INGRESOS NO TRIBUTARIOS,VENTA DE BIENES Y SERVICIOS,No Aplica,No Aplica,No Aplica,No Aplica,No Aplica,No Aplica,,,,,,,,2022,Tercer Trimestre,668418795.0,530626000.0,,,,,,,,,,,,,,,,,,,,
4967808,20210601,220115276,E.S.E. Centro de Salud - Floresta,1.2.07.03,PROVEEDORES,INGRESOS,RECURSOS DE CAPITAL,RECURSOS DE CREDITO INTERNO,PROVEEDORES,No Aplica,No Aplica,No Aplica,No Aplica,No Aplica,No Aplica,,,,,,,,2021,Segundo Trimestre,500000.0,500000.0,,,,,,,,,,,,,,,,,,,,
4967819,20210301,220115276,E.S.E. Centro de Salud - Floresta,1.2.07.03,PROVEEDORES,INGRESOS,RECURSOS DE CAPITAL,RECURSOS DE CREDITO INTERNO,PROVEEDORES,No Aplica,No Aplica,No Aplica,No Aplica,No Aplica,No Aplica,,,,,,,,2021,Primer Trimestre,500000.0,500000.0,,,,,,,,,,,,,,,,,,,,
4971521,20220601,220115276,E.S.E. Centro de Salud - Floresta,1.0.02,BANCOS,INGRESOS,DISPONIBILIDAD INICIAL,BANCOS,No Aplica,No Aplica,No Aplica,No Aplica,No Aplica,No Aplica,No Aplica,,,,,,,,2022,Segundo Trimestre,108215254.0,1000000.0,,,,,,,,,,,,,,,,,,,,
4971786,20220601,220115276,E.S.E. Centro de Salud - Floresta,1.2.09.04,DE OTRAS EMPRESAS,INGRESOS,RECURSOS DE CAPITAL,RECUPERACION DE CARTERA - PRESTAMOS,DE OTRAS EMPRESAS,No Aplica,No Aplica,No Aplica,No Aplica,No Aplica,No Aplica,,,,,,,,2022,Segundo Trimestre,50000.0,50000.0,,,,,,,,,,,,,,,,,,,,
4972527,20230301,220115276,E.S.E. Centro de Salud - Floresta,1,INGRESOS,INGRESOS,No Aplica,No Aplica,No Aplica,No Aplica,No Aplica,No Aplica,No Aplica,No Aplica,No Aplica,,,,,,,,2023,Primer Trimestre,741556237.0,634532000.0,,,,,,,,,,,,,,,,,,,,
4976053,20211201,220115276,E.S.E. Centro de Salud - Floresta,1.2.06,RECURSOS DE CREDITO EXTERNO,INGRESOS,RECURSOS DE CAPITAL,RECURSOS DE CREDITO EXTERNO,No Aplica,No Aplica,No Aplica,No Aplica,No Aplica,No Aplica,No Aplica,,,,,,,,2021,Cuarto Trimestre,10000.0,10000.0,,,,,,,,,,,,,,,,,,,,
4977966,20221201,220115276,E.S.E. Centro de Salud - Floresta,1.2.09.04,DE OTRAS EMPRESAS,INGRESOS,RECURSOS DE CAPITAL,RECUPERACION DE CARTERA - PRESTAMOS,DE OTRAS EMPRESAS,No Aplica,No Aplica,No Aplica,No Aplica,No Aplica,No Aplica,,,,,,,,2022,Cuarto Trimestre,2670315.0,50000.0,,,,,,,,,,,,,,,,,,,,
4981097,20210601,220115276,E.S.E. Centro de Salud - Floresta,1.1.02,INGRESOS NO TRIBUTARIOS,INGRESOS,INGRESOS CORRIENTES,INGRESOS NO TRIBUTARIOS,No Aplica,No Aplica,No Aplica,No Aplica,No Aplica,No Aplica,No Aplica,,,,,,,,2021,Segundo Trimestre,627094108.0,528600000.0,,,,,,,,,,,,,,,,,,,,
4981831,20210301,220115276,E.S.E. Centro de Salud - Floresta,1.2,RECURSOS DE CAPITAL,INGRESOS,RECURSOS DE CAPITAL,No Aplica,No Aplica,No Aplica,No Aplica,No Aplica,No Aplica,No Aplica,No Aplica,,,,,,,,2021,Primer Trimestre,510000.0,510000.0,,,,,,,,,,,,,,,,,,,,
4984054,20221201,220115276,E.S.E. Centro de Salud - Floresta,1.2.05.02,DEPOSITOS,INGRESOS,RECURSOS DE CAPITAL,RENDIMIENTOS FINANCIEROS,DEPOSITOS,No Aplica,No Aplica,No Aplica,No Aplica,No Aplica,No Aplica,,,,,,,,2022,Cuarto Trimestre,100000.0,100000.0,,,,,,,,,,,,,,,,,,,,
4998320,20210901,220115276,E.S.E. Centro de Salud - Floresta,1.2.07.03,PROVEEDORES,INGRESOS,RECURSOS DE CAPITAL,RECURSOS DE CREDITO INTERNO,PROVEEDORES,No Aplica,No Aplica,No Aplica,No Aplica,No Aplica,No Aplica,,,,,,,,2021,Tercer Trimestre,500000.0,500000.0,,,,,,,,,,,,,,,,,,,,
4999168,20230601,220115276,E.S.E. Centro de Salud - Floresta,1.2.09.04,DE OTRAS EMPRESAS,INGRESOS,RECURSOS DE CAPITAL,RECUPERACION DE CARTERA - PRESTAMOS,DE OTRAS EMPRESAS,No Aplica,No Aplica,No Aplica,No Aplica,No Aplica,No Aplica,,,,,,,,2023,Segundo Trimestre,50000.0,50000.0,,,,,,,,,,,,,,,,,,,,
4999436,20220601,220115276,E.S.E. Centro de Salud - Floresta,1.1.02.06.006.06,OTRAS UNIDADES DE GOBIERNO,INGRESOS,INGRESOS CORRIENTES,INGRESOS NO TRIBUTARIOS,TRANSFERENCIAS CORRIENTES,TRANSFERENCIAS DE OTRAS ENTIDADES DEL GOBIERNO GENERAL,OTRAS UNIDADES DE GOBIERNO,No Aplica,No Aplica,No Aplica,No Aplica,,,,,,,,2022,Segundo Trimestre,149186748.0,0.0,,,,,,,,,,,,,,,,,,,,
5001650,20221201,220115276,E.S.E. Centro de Salud - Floresta,1.0,DISPONIBILIDAD INICIAL,INGRESOS,DISPONIBILIDAD INICIAL,No Aplica,No Aplica,No Aplica,No Aplica,No Aplica,No Aplica,No Aplica,No Aplica,,,,,,,,2022,Cuarto Trimestre,108215254.0,1000000.0,,,,,,,,,,,,,,,,,,,,
5010424,20230301,220115276,E.S.E. Centro de Salud - Floresta,1.1.02.05.001,VENTAS DE ESTABLECIMIENTOS DE MERCADO,INGRESOS,INGRESOS CORRIENTES,INGRESOS NO TRIBUTARIOS,VENTA DE BIENES Y SERVICIOS,VENTAS DE ESTABLECIMIENTOS DE MERCADO,No Aplica,No Aplica,No Aplica,No Aplica,No Aplica,,,,,,,,2023,Primer Trimestre,741406237.0,634382000.0,,,,,,,,,,,,,,,,,,,,
5011558,20221201,220115276,E.S.E. Centro de Salud - Floresta,1.2.09,RECUPERACION DE CARTERA - PRESTAMOS,INGRESOS,RECURSOS DE CAPITAL,RECUPERACION DE CARTERA - PRESTAMOS,No Aplica,No Aplica,No Aplica,No Aplica,No Aplica,No Aplica,No Aplica,,,,,,,,2022,Cuarto Trimestre,2670315.0,50000.0,,,,,,,,,,,,,,,,,,,,
5014506,20211201,220115276,E.S.E. Centro de Salud - Floresta,1.2.06.01,RECURSOS DE CONTRATOS DE EMPRESTITOS EXTERNOS,INGRESOS,RECURSOS DE CAPITAL,RECURSOS DE CREDITO EXTERNO,RECURSOS DE CONTRATOS DE EMPRESTITOS EXTERNOS,No Aplica,No Aplica,No Aplica,No Aplica,No Aplica,No Aplica,,,,,,,,2021,Cuarto Trimestre,10000.0,10000.0,,,,,,,,,,,,,,,,,,,,
5020910,20210901,220115276,E.S.E. Centro de Salud - Floresta,1.0.01,CAJA,INGRESOS,DISPONIBILIDAD INICIAL,CAJA,No Aplica,No Aplica,No Aplica,No Aplica,No Aplica,No Aplica,No Aplica,,,,,,,,2021,Tercer Trimestre,73998835.0,1000000.0,,,,,,,,,,,,,,,,,,,,
5026598,20210301,220115276,E.S.E. Centro de Salud - Floresta,1.1.02.06.008.01.13,RECURSOS MUNICIPALES PARA ASEGURAMIENTO,INGRESOS,INGRESOS CORRIENTES,INGRESOS NO TRIBUTARIOS,TRANSFERENCIAS CORRIENTES,DIFERENTES DE SUBVENCIONES,ACTIVIDADES DE ATENCION A LA SALUD HUMANA Y DE ASISTENCIA SOCIAL,RECURSOS MUNICIPALES PARA ASEGURAMIENTO,No Aplica,No Aplica,No Aplica,,,,,,,,2021,Primer Trimestre,97000000.0,97000000.0,,,,,,,,,,,,,,,,,,,,
5037297,20220901,220115276,E.S.E. Centro de Salud - Floresta,1.1.02.06,TRANSFERENCIAS CORRIENTES,INGRESOS,INGRESOS CORRIENTES,INGRESOS NO TRIBUTARIOS,TRANSFERENCIAS CORRIENTES,No Aplica,No Aplica,No Aplica,No Aplica,No Aplica,No Aplica,,,,,,,,2022,Tercer Trimestre,149186748.0,0.0,,,,,,,,,,,,,,,,,,,,
5040588,20210601,220115276,E.S.E. Centro de Salud - Floresta,1,INGRESOS,INGRESOS,No Aplica,No Aplica,No Aplica,No Aplica,No Aplica,No Aplica,No Aplica,No Aplica,No Aplica,,,,,,,,2021,Segundo Trimestre,701602943.0,530110000.0,,,,,,,,,,,,,,,,,,,,
5047326,20210901,220115276,E.S.E. Centro de Salud - Floresta,1.1.02.06.007.02.08,TRANSFERENCIAS PARA EMPRESAS SOCIALES DEL ESTADO,INGRESOS,INGRESOS CORRIENTES,INGRESOS NO TRIBUTARIOS,TRANSFERENCIAS CORRIENTES,SUBVENCIONES,EMPRESAS PUBLICAS NO FINANCIERAS,TRANSFERENCIAS PARA EMPRESAS SOCIALES DEL ESTADO,No Aplica,No Aplica,No Aplica,,,,,,,,2021,Tercer Trimestre,130669588.0,0.0,,,,,,,,,,,,,,,,,,,,
5047702,20210601,220115276,E.S.E. Centro de Salud - Floresta,1.0,DISPONIBILIDAD INICIAL,INGRESOS,DISPONIBILIDAD INICIAL,No Aplica,No Aplica,No Aplica,No Aplica,No Aplica,No Aplica,No Aplica,No Aplica,,,,,,,,2021,Segundo Trimestre,73998835.0,1000000.0,,,,,,,,,,,,,,,,,,,,
5054265,20210601,220115276,E.S.E. Centro de Salud - Floresta,1.1,INGRESOS CORRIENTES,INGRESOS,INGRESOS CORRIENTES,No Aplica,No Aplica,No Aplica,No Aplica,No Aplica,No Aplica,No Aplica,No Aplica,,,,,,,,2021,Segundo Trimestre,627094108.0,528600000.0,,,,,,,,,,,,,,,,,,,,
5059374,20211201,220115276,E.S.E. Centro de Salud - Floresta,1.2.07,RECURSOS DE CREDITO INTERNO,INGRESOS,RECURSOS DE CAPITAL,RECURSOS DE CREDITO INTERNO,No Aplica,No Aplica,No Aplica,No Aplica,No Aplica,No Aplica,No Aplica,,,,,,,,2021,Cuarto Trimestre,500000.0,500000.0,,,,,,,,,,,,,,,,,,,,
5060434,20210301,220115276,E.S.E. Centro de Salud - Floresta,1.0,DISPONIBILIDAD INICIAL,INGRESOS,DISPONIBILIDAD INICIAL,No Aplica,No Aplica,No Aplica,No Aplica,No Aplica,No Aplica,No Aplica,No Aplica,,,,,,,,2021,Primer Trimestre,73998835.0,1000000.0,,,,,,,,,,,,,,,,,,,,
5060600,20221201,220115276,E.S.E. Centro de Salud - Floresta,1.1.02.05.001.09,"SERVICIOS PARA LA COMUNIDAD, SOCIALES Y PERSONALES",INGRESOS,INGRESOS CORRIENTES,INGRESOS NO TRIBUTARIOS,VENTA DE BIENES Y SERVICIOS,VENTAS DE ESTABLECIMIENTOS DE MERCADO,"SERVICIOS PARA LA COMUNIDAD, SOCIALES Y PERSONALES",No Aplica,No Aplica,No Aplica,No Aplica,,,,,,,,2022,Cuarto Trimestre,793699679.0,530626000.0,,,,,,,,,,,,,,,,,,,,
5064260,20210601,220115276,E.S.E. Centro de Salud - Floresta,1.2.07,RECURSOS DE CREDITO INTERNO,INGRESOS,RECURSOS DE CAPITAL,RECURSOS DE CREDITO INTERNO,No Aplica,No Aplica,No Aplica,No Aplica,No Aplica,No Aplica,No Aplica,,,,,,,,2021,Segundo Trimestre,500000.0,500000.0,,,,,,,,,,,,,,,,,,,,
5066060,20220301,220115276,E.S.E. Centro de Salud - Floresta,1.1.02.06.006.06,OTRAS UNIDADES DE GOBIERNO,INGRESOS,INGRESOS CORRIENTES,INGRESOS NO TRIBUTARIOS,TRANSFERENCIAS CORRIENTES,TRANSFERENCIAS DE OTRAS ENTIDADES DEL GOBIERNO GENERAL,OTRAS UNIDADES DE GOBIERNO,No Aplica,No Aplica,No Aplica,No Aplica,,,,,,,,2022,Primer Trimestre,0.0,0.0,,,,,,,,,,,,,,,,,,,,
5069655,20221201,220115276,E.S.E. Centro de Salud - Floresta,1.2.05,RENDIMIENTOS FINANCIEROS,INGRESOS,RECURSOS DE CAPITAL,RENDIMIENTOS FINANCIEROS,No Aplica,No Aplica,No Aplica,No Aplica,No Aplica,No Aplica,No Aplica,,,,,,,,2022,Cuarto Trimestre,100000.0,100000.0,,,,,,,,,,,,,,,,,,,,
5079932,20220301,220115276,E.S.E. Centro de Salud - Floresta,1.1.02,INGRESOS NO TRIBUTARIOS,INGRESOS,INGRESOS CORRIENTES,INGRESOS NO TRIBUTARIOS,No Aplica,No Aplica,No Aplica,No Aplica,No Aplica,No Aplica,No Aplica,,,,,,,,2022,Primer Trimestre,530626000.0,530626000.0,,,,,,,,,,,,,,,,,,,,
5085794,20220901,220115276,E.S.E. Centro de Salud - Floresta,1.1.02.05.001.09,"SERVICIOS PARA LA COMUNIDAD, SOCIALES Y PERSONALES",INGRESOS,INGRESOS CORRIENTES,INGRESOS NO TRIBUTARIOS,VENTA DE BIENES Y SERVICIOS,VENTAS DE ESTABLECIMIENTOS DE MERCADO,"SERVICIOS PARA LA COMUNIDAD, SOCIALES Y PERSONALES",No Aplica,No Aplica,No Aplica,No Aplica,,,,,,,,2022,Tercer Trimestre,668418795.0,530626000.0,,,,,,,,,,,,,,,,,,,,
5087618,20230301,220115276,E.S.E. Centro de Salud - Floresta,1.1.02.05.001.09,"SERVICIOS PARA LA COMUNIDAD, SOCIALES Y PERSONALES",INGRESOS,INGRESOS CORRIENTES,INGRESOS NO TRIBUTARIOS,VENTA DE BIENES Y SERVICIOS,VENTAS DE ESTABLECIMIENTOS DE MERCADO,"SERVICIOS PARA LA COMUNIDAD, SOCIALES Y PERSONALES",No Aplica,No Aplica,No Aplica,No Aplica,,,,,,,,2023,Primer Trimestre,741406237.0,634382000.0,,,,,,,,,,,,,,,,,,,,
5090284,20220601,220115276,E.S.E. Centro de Salud - Floresta,1.2.05.02,DEPOSITOS,INGRESOS,RECURSOS DE CAPITAL,RENDIMIENTOS FINANCIEROS,DEPOSITOS,No Aplica,No Aplica,No Aplica,No Aplica,No Aplica,No Aplica,,,,,,,,2022,Segundo Trimestre,100000.0,100000.0,,,,,,,,,,,,,,,,,,,,
5093092,20221201,220115276,E.S.E. Centro de Salud - Floresta,1.1.02.06.006,TRANSFERENCIAS DE OTRAS ENTIDADES DEL GOBIERNO GENERAL,INGRESOS,INGRESOS CORRIENTES,INGRESOS NO TRIBUTARIOS,TRANSFERENCIAS CORRIENTES,TRANSFERENCIAS DE OTRAS ENTIDADES DEL GOBIERNO GENERAL,No Aplica,No Aplica,No Aplica,No Aplica,No Aplica,,,,,,,,2022,Cuarto Trimestre,149186748.0,0.0,,,,,,,,,,,,,,,,,,,,
5094033,20211201,220115276,E.S.E. Centro de Salud - Floresta,1.2.07.03,PROVEEDORES,INGRESOS,RECURSOS DE CAPITAL,RECURSOS DE CREDITO INTERNO,PROVEEDORES,No Aplica,No Aplica,No Aplica,No Aplica,No Aplica,No Aplica,,,,,,,,2021,Cuarto Trimestre,500000.0,500000.0,,,,,,,,,,,,,,,,,,,,
5096534,20220601,220115276,E.S.E. Centro de Salud - Floresta,1.1.02.06.006,TRANSFERENCIAS DE OTRAS ENTIDADES DEL GOBIERNO GENERAL,INGRESOS,INGRESOS CORRIENTES,INGRESOS NO TRIBUTARIOS,TRANSFERENCIAS CORRIENTES,TRANSFERENCIAS DE OTRAS ENTIDADES DEL GOBIERNO GENERAL,No Aplica,No Aplica,No Aplica,No Aplica,No Aplica,,,,,,,,2022,Segundo Trimestre,149186748.0,0.0,,,,,,,,,,,,,,,,,,,,
5097931,20210901,220115276,E.S.E. Centro de Salud - Floresta,1.1.02.06.008,DIFERENTES DE SUBVENCIONES,INGRESOS,INGRESOS CORRIENTES,INGRESOS NO TRIBUTARIOS,TRANSFERENCIAS CORRIENTES,DIFERENTES DE SUBVENCIONES,No Aplica,No Aplica,No Aplica,No Aplica,No Aplica,,,,,,,,2021,Tercer Trimestre,162089385.0,97000000.0,,,,,,,,,,,,,,,,,,,,
5098023,20230301,220115276,E.S.E. Centro de Salud - Floresta,1.1.02.05,VENTA DE BIENES Y SERVICIOS,INGRESOS,INGRESOS CORRIENTES,INGRESOS NO TRIBUTARIOS,VENTA DE BIENES Y SERVICIOS,No Aplica,No Aplica,No Aplica,No Aplica,No Aplica,No Aplica,,,,,,,,2023,Primer Trimestre,741406237.0,634382000.0,,,,,,,,,,,,,,,,,,,,
5099063,20230601,220115276,E.S.E. Centro de Salud - Floresta,1.1.02.06,TRANSFERENCIAS CORRIENTES,INGRESOS,INGRESOS CORRIENTES,INGRESOS NO TRIBUTARIOS,TRANSFERENCIAS CORRIENTES,No Aplica,No Aplica,No Aplica,No Aplica,No Aplica,No Aplica,,,,,,,,2023,Segundo Trimestre,131382420.0,0.0,,,,,,,,,,,,,,,,,,,,
5099281,20220901,220115276,E.S.E. Centro de Salud - Floresta,1.2.09.04,DE OTRAS EMPRESAS,INGRESOS,RECURSOS DE CAPITAL,RECUPERACION DE CARTERA - PRESTAMOS,DE OTRAS EMPRESAS,No Aplica,No Aplica,No Aplica,No Aplica,No Aplica,No Aplica,,,,,,,,2022,Tercer Trimestre,2670315.0,50000.0,,,,,,,,,,,,,,,,,,,,
5104275,20210301,220115276,E.S.E. Centro de Salud - Floresta,1.1.02,INGRESOS NO TRIBUTARIOS,INGRESOS,INGRESOS CORRIENTES,INGRESOS NO TRIBUTARIOS,No Aplica,No Aplica,No Aplica,No Aplica,No Aplica,No Aplica,No Aplica,,,,,,,,2021,Primer Trimestre,528600000.0,528600000.0,,,,,,,,,,,,,,,,,,,,
5105793,20211201,220115276,E.S.E. Centro de Salud - Floresta,1.1.02.06.007.02.08,TRANSFERENCIAS PARA EMPRESAS SOCIALES DEL ESTADO,INGRESOS,INGRESOS CORRIENTES,INGRESOS NO TRIBUTARIOS,TRANSFERENCIAS CORRIENTES,SUBVENCIONES,EMPRESAS PUBLICAS NO FINANCIERAS,TRANSFERENCIAS PARA EMPRESAS SOCIALES DEL ESTADO,No Aplica,No Aplica,No Aplica,,,,,,,,2021,Cuarto Trimestre,130669588.0,0.0,,,,,,,,,,,,,,,,,,,,
5113002,20210301,220115276,E.S.E. Centro de Salud - Floresta,1.1.02.06,TRANSFERENCIAS CORRIENTES,INGRESOS,INGRESOS CORRIENTES,INGRESOS NO TRIBUTARIOS,TRANSFERENCIAS CORRIENTES,No Aplica,No Aplica,No Aplica,No Aplica,No Aplica,No Aplica,,,,,,,,2021,Primer Trimestre,97000000.0,97000000.0,,,,,,,,,,,,,,,,,,,,
5117871,20210301,220115276,E.S.E. Centro de Salud - Floresta,1.1.02.06.008,DIFERENTES DE SUBVENCIONES,INGRESOS,INGRESOS CORRIENTES,INGRESOS NO TRIBUTARIOS,TRANSFERENCIAS CORRIENTES,DIFERENTES DE SUBVENCIONES,No Aplica,No Aplica,No Aplica,No Aplica,No Aplica,,,,,,,,2021,Primer Trimestre,97000000.0,97000000.0,,,,,,,,,,,,,,,,,,,,
5120782,20221201,220115276,E.S.E. Centro de Salud - Floresta,1.1.02,INGRESOS NO TRIBUTARIOS,INGRESOS,INGRESOS CORRIENTES,INGRESOS NO TRIBUTARIOS,No Aplica,No Aplica,No Aplica,No Aplica,No Aplica,No Aplica,No Aplica,,,,,,,,2022,Cuarto Trimestre,942886427.0,530626000.0,,,,,,,,,,,,,,,,,,,,
5124648,20210601,220115276,E.S.E. Centro de Salud - Floresta,1.2,RECURSOS DE CAPITAL,INGRESOS,RECURSOS DE CAPITAL,No Aplica,No Aplica,No Aplica,No Aplica,No Aplica,No Aplica,No Aplica,No Aplica,,,,,,,,2021,Segundo Trimestre,510000.0,510000.0,,,,,,,,,,,,,,,,,,,,
5124794,20211201,220115276,E.S.E. Centro de Salud - Floresta,1.2,RECURSOS DE CAPITAL,INGRESOS,RECURSOS DE CAPITAL,No Aplica,No Aplica,No Aplica,No Aplica,No Aplica,No Aplica,No Aplica,No Aplica,,,,,,,,2021,Cuarto Trimestre,510000.0,510000.0,,,,,,,,,,,,,,,,,,,,
5130755,20230601,220115276,E.S.E. Centro de Salud - Floresta,1.2.05.02,DEPOSITOS,INGRESOS,RECURSOS DE CAPITAL,RENDIMIENTOS FINANCIEROS,DEPOSITOS,No Aplica,No Aplica,No Aplica,No Aplica,No Aplica,No Aplica,,,,,,,,2023,Segundo Trimestre,100000.0,100000.0,,,,,,,,,,,,,,,,,,,,
5136490,20211201,220115276,E.S.E. Centro de Salud - Floresta,1.1.02.06.008.01.13,RECURSOS MUNICIPALES PARA ASEGURAMIENTO,INGRESOS,INGRESOS CORRIENTES,INGRESOS NO TRIBUTARIOS,TRANSFERENCIAS CORRIENTES,DIFERENTES DE SUBVENCIONES,ACTIVIDADES DE ATENCION A LA SALUD HUMANA Y DE ASISTENCIA SOCIAL,RECURSOS MUNICIPALES PARA ASEGURAMIENTO,No Aplica,No Aplica,No Aplica,,,,,,,,2021,Cuarto Trimestre,188651765.0,97000000.0,,,,,,,,,,,,,,,,,,,,
5137378,20210901,220115276,E.S.E. Centro de Salud - Floresta,1.2,RECURSOS DE CAPITAL,INGRESOS,RECURSOS DE CAPITAL,No Aplica,No Aplica,No Aplica,No Aplica,No Aplica,No Aplica,No Aplica,No Aplica,,,,,,,,2021,Tercer Trimestre,510000.0,510000.0,,,,,,,,,,,,,,,,,,,,
5142076,20220901,220115276,E.S.E. Centro de Salud - Floresta,1.0.02,BANCOS,INGRESOS,DISPONIBILIDAD INICIAL,BANCOS,No Aplica,No Aplica,No Aplica,No Aplica,No Aplica,No Aplica,No Aplica,,,,,,,,2022,Tercer Trimestre,108215254.0,1000000.0,,,,,,,,,,,,,,,,,,,,
5149503,20210601,220115276,E.S.E. Centro de Salud - Floresta,1.1.02.05.001.09,"SERVICIOS PARA LA COMUNIDAD, SOCIALES Y PERSONALES",INGRESOS,INGRESOS CORRIENTES,INGRESOS NO TRIBUTARIOS,VENTA DE BIENES Y SERVICIOS,VENTAS DE ESTABLECIMIENTOS DE MERCADO,"SERVICIOS PARA LA COMUNIDAD, SOCIALES Y PERSONALES",No Aplica,No Aplica,No Aplica,No Aplica,,,,,,,,2021,Segundo Trimestre,465004723.0,431600000.0,,,,,,,,,,,,,,,,,,,,
5153577,20210601,220115276,E.S.E. Centro de Salud - Floresta,1.1.02.06.008.01.13,RECURSOS MUNICIPALES PARA ASEGURAMIENTO,INGRESOS,INGRESOS CORRIENTES,INGRESOS NO TRIBUTARIOS,TRANSFERENCIAS CORRIENTES,DIFERENTES DE SUBVENCIONES,ACTIVIDADES DE ATENCION A LA SALUD HUMANA Y DE ASISTENCIA SOCIAL,RECURSOS MUNICIPALES PARA ASEGURAMIENTO,No Aplica,No Aplica,No Aplica,,,,,,,,2021,Segundo Trimestre,162089385.0,97000000.0,,,,,,,,,,,,,,,,,,,,
5158034,20220601,220115276,E.S.E. Centro de Salud - Floresta,1.1.02,INGRESOS NO TRIBUTARIOS,INGRESOS,INGRESOS CORRIENTES,INGRESOS NO TRIBUTARIOS,No Aplica,No Aplica,No Aplica,No Aplica,No Aplica,No Aplica,No Aplica,,,,,,,,2022,Segundo Trimestre,779165185.0,530626000.0,,,,,,,,,,,,,,,,,,,,
5164323,20210901,220115276,E.S.E. Centro de Salud - Floresta,1.2.06.01,RECURSOS DE CONTRATOS DE EMPRESTITOS EXTERNOS,INGRESOS,RECURSOS DE CAPITAL,RECURSOS DE CREDITO EXTERNO,RECURSOS DE CONTRATOS DE EMPRESTITOS EXTERNOS,No Aplica,No Aplica,No Aplica,No Aplica,No Aplica,No Aplica,,,,,,,,2021,Tercer Trimestre,10000.0,10000.0,,,,,,,,,,,,,,,,,,,,
5166587,20220901,220115276,E.S.E. Centro de Salud - Floresta,1.1,INGRESOS CORRIENTES,INGRESOS,INGRESOS CORRIENTES,No Aplica,No Aplica,No Aplica,No Aplica,No Aplica,No Aplica,No Aplica,No Aplica,,,,,,,,2022,Tercer Trimestre,817605543.0,530626000.0,,,,,,,,,,,,,,,,,,,,
5169721,20210601,220115276,E.S.E. Centro de Salud - Floresta,1.1.02.06.008,DIFERENTES DE SUBVENCIONES,INGRESOS,INGRESOS CORRIENTES,INGRESOS NO TRIBUTARIOS,TRANSFERENCIAS CORRIENTES,DIFERENTES DE SUBVENCIONES,No Aplica,No Aplica,No Aplica,No Aplica,No Aplica,,,,,,,,2021,Segundo Trimestre,162089385.0,97000000.0,,,,,,,,,,,,,,,,,,,,
5171680,20220301,220115276,E.S.E. Centro de Salud - Floresta,1.1.02.05.001.09,"SERVICIOS PARA LA COMUNIDAD, SOCIALES Y PERSONALES",INGRESOS,INGRESOS CORRIENTES,INGRESOS NO TRIBUTARIOS,VENTA DE BIENES Y SERVICIOS,VENTAS DE ESTABLECIMIENTOS DE MERCADO,"SERVICIOS PARA LA COMUNIDAD, SOCIALES Y PERSONALES",No Aplica,No Aplica,No Aplica,No Aplica,,,,,,,,2022,Primer Trimestre,530626000.0,530626000.0,,,,,,,,,,,,,,,,,,,,
5179059,20210301,220115276,E.S.E. Centro de Salud - Floresta,1.1.02.05,VENTA DE BIENES Y SERVICIOS,INGRESOS,INGRESOS CORRIENTES,INGRESOS NO TRIBUTARIOS,VENTA DE BIENES Y SERVICIOS,No Aplica,No Aplica,No Aplica,No Aplica,No Aplica,No Aplica,,,,,,,,2021,Primer Trimestre,431600000.0,431600000.0,,,,,,,,,,,,,,,,,,,,
5183314,20230301,220115276,E.S.E. Centro de Salud - Floresta,1.2.05.02,DEPOSITOS,INGRESOS,RECURSOS DE CAPITAL,RENDIMIENTOS FINANCIEROS,DEPOSITOS,No Aplica,No Aplica,No Aplica,No Aplica,No Aplica,No Aplica,,,,,,,,2023,Primer Trimestre,100000.0,100000.0,,,,,,,,,,,,,,,,,,,,
5183450,20230601,220115276,E.S.E. Centro de Salud - Floresta,1.1.02,INGRESOS NO TRIBUTARIOS,INGRESOS,INGRESOS CORRIENTES,INGRESOS NO TRIBUTARIOS,No Aplica,No Aplica,No Aplica,No Aplica,No Aplica,No Aplica,No Aplica,,,,,,,,2023,Segundo Trimestre,926601573.0,634382000.0,,,,,,,,,,,,,,,,,,,,
5184226,20220301,220115276,E.S.E. Centro de Salud - Floresta,1.0.02,BANCOS,INGRESOS,DISPONIBILIDAD INICIAL,BANCOS,No Aplica,No Aplica,No Aplica,No Aplica,No Aplica,No Aplica,No Aplica,,,,,,,,2022,Primer Trimestre,108215254.0,1000000.0,,,,,,,,,,,,,,,,,,,,
5186090,20220301,220115276,E.S.E. Centro de Salud - Floresta,1.2,RECURSOS DE CAPITAL,INGRESOS,RECURSOS DE CAPITAL,No Aplica,No Aplica,No Aplica,No Aplica,No Aplica,No Aplica,No Aplica,No Aplica,,,,,,,,2022,Primer Trimestre,150000.0,150000.0,,,,,,,,,,,,,,,,,,,,
5197479,20220301,220115276,E.S.E. Centro de Salud - Floresta,1.0,DISPONIBILIDAD INICIAL,INGRESOS,DISPONIBILIDAD INICIAL,No Aplica,No Aplica,No Aplica,No Aplica,No Aplica,No Aplica,No Aplica,No Aplica,,,,,,,,2022,Primer Trimestre,108215254.0,1000000.0,,,,,,,,,,,,,,,,,,,,
5202588,20220601,220115276,E.S.E. Centro de Salud - Floresta,1.1.02.05,VENTA DE BIENES Y SERVICIOS,INGRESOS,INGRESOS CORRIENTES,INGRESOS NO TRIBUTARIOS,VENTA DE BIENES Y SERVICIOS,No Aplica,No Aplica,No Aplica,No Aplica,No Aplica,No Aplica,,,,,,,,2022,Segundo Trimestre,629978437.0,530626000.0,,,,,,,,,,,,,,,,,,,,
5217446,20220901,220115276,E.S.E. Centro de Salud - Floresta,1.1.02.05.001,VENTAS DE ESTABLECIMIENTOS DE MERCADO,INGRESOS,INGRESOS CORRIENTES,INGRESOS NO TRIBUTARIOS,VENTA DE BIENES Y SERVICIOS,VENTAS DE ESTABLECIMIENTOS DE MERCADO,No Aplica,No Aplica,No Aplica,No Aplica,No Aplica,,,,,,,,2022,Tercer Trimestre,668418795.0,530626000.0,,,,,,,,,,,,,,,,,,,,
5229801,20211201,220115276,E.S.E. Centro de Salud - Floresta,1.1.02.06.008.01,ACTIVIDADES DE ATENCION A LA SALUD HUMANA Y DE ASISTENCIA SOCIAL,INGRESOS,INGRESOS CORRIENTES,INGRESOS NO TRIBUTARIOS,TRANSFERENCIAS CORRIENTES,DIFERENTES DE SUBVENCIONES,ACTIVIDADES DE ATENCION A LA SALUD HUMANA Y DE ASISTENCIA SOCIAL,No Aplica,No Aplica,No Aplica,No Aplica,,,,,,,,2021,Cuarto Trimestre,188651765.0,97000000.0,,,,,,,,,,,,,,,,,,,,
5230229,20220601,220115276,E.S.E. Centro de Salud - Floresta,1.1.02.05.001,VENTAS DE ESTABLECIMIENTOS DE MERCADO,INGRESOS,INGRESOS CORRIENTES,INGRESOS NO TRIBUTARIOS,VENTA DE BIENES Y SERVICIOS,VENTAS DE ESTABLECIMIENTOS DE MERCADO,No Aplica,No Aplica,No Aplica,No Aplica,No Aplica,,,,,,,,2022,Segundo Trimestre,629978437.0,530626000.0,,,,,,,,,,,,,,,,,,,,
5235493,20220301,220115276,E.S.E. Centro de Salud - Floresta,1.1.02.05,VENTA DE BIENES Y SERVICIOS,INGRESOS,INGRESOS CORRIENTES,INGRESOS NO TRIBUTARIOS,VENTA DE BIENES Y SERVICIOS,No Aplica,No Aplica,No Aplica,No Aplica,No Aplica,No Aplica,,,,,,,,2022,Primer Trimestre,530626000.0,530626000.0,,,,,,,,,,,,,,,,,,,,
5238553,20211201,220115276,E.S.E. Centro de Salud - Floresta,1.0,DISPONIBILIDAD INICIAL,INGRESOS,DISPONIBILIDAD INICIAL,No Aplica,No Aplica,No Aplica,No Aplica,No Aplica,No Aplica,No Aplica,No Aplica,,,,,,,,2021,Cuarto Trimestre,73998835.0,1000000.0,,,,,,,,,,,,,,,,,,,,
5239766,20230601,220115276,E.S.E. Centro de Salud - Floresta,1.1,INGRESOS CORRIENTES,INGRESOS,INGRESOS CORRIENTES,No Aplica,No Aplica,No Aplica,No Aplica,No Aplica,No Aplica,No Aplica,No Aplica,,,,,,,,2023,Segundo Trimestre,926601573.0,634382000.0,,,,,,,,,,,,,,,,,,,,
5242859,20210601,220115276,E.S.E. Centro de Salud - Floresta,1.1.02.05.001,VENTAS DE ESTABLECIMIENTOS DE MERCADO,INGRESOS,INGRESOS CORRIENTES,INGRESOS NO TRIBUTARIOS,VENTA DE BIENES Y SERVICIOS,VENTAS DE ESTABLECIMIENTOS DE MERCADO,No Aplica,No Aplica,No Aplica,No Aplica,No Aplica,,,,,,,,2021,Segundo Trimestre,465004723.0,431600000.0,,,,,,,,,,,,,,,,,,,,
5244284,20230601,220115276,E.S.E. Centro de Salud - Floresta,1.2.05,RENDIMIENTOS FINANCIEROS,INGRESOS,RECURSOS DE CAPITAL,RENDIMIENTOS FINANCIEROS,No Aplica,No Aplica,No Aplica,No Aplica,No Aplica,No Aplica,No Aplica,,,,,,,,2023,Segundo Trimestre,100000.0,100000.0,,,,,,,,,,,,,,,,,,,,
5244903,20210601,220115276,E.S.E. Centro de Salud - Floresta,1.2.06,RECURSOS DE CREDITO EXTERNO,INGRESOS,RECURSOS DE CAPITAL,RECURSOS DE CREDITO EXTERNO,No Aplica,No Aplica,No Aplica,No Aplica,No Aplica,No Aplica,No Aplica,,,,,,,,2021,Segundo Trimestre,10000.0,10000.0,,,,,,,,,,,,,,,,,,,,
5246252,20221201,220115276,E.S.E. Centro de Salud - Floresta,1.1.02.06.006.06,OTRAS UNIDADES DE GOBIERNO,INGRESOS,INGRESOS CORRIENTES,INGRESOS NO TRIBUTARIOS,TRANSFERENCIAS CORRIENTES,TRANSFERENCIAS DE OTRAS ENTIDADES DEL GOBIERNO GENERAL,OTRAS UNIDADES DE GOBIERNO,No Aplica,No Aplica,No Aplica,No Aplica,,,,,,,,2022,Cuarto Trimestre,149186748.0,0.0,,,,,,,,,,,,,,,,,,,,
5246373,20221201,220115276,E.S.E. Centro de Salud - Floresta,1,INGRESOS,INGRESOS,No Aplica,No Aplica,No Aplica,No Aplica,No Aplica,No Aplica,No Aplica,No Aplica,No Aplica,,,,,,,,2022,Cuarto Trimestre,1053871996.0,531776000.0,,,,,,,,,,,,,,,,,,,,
5253039,20210901,220115276,E.S.E. Centro de Salud - Floresta,1.1.02.05.001,VENTAS DE ESTABLECIMIENTOS DE MERCADO,INGRESOS,INGRESOS CORRIENTES,INGRESOS NO TRIBUTARIOS,VENTA DE BIENES Y SERVICIOS,VENTAS DE ESTABLECIMIENTOS DE MERCADO,No Aplica,No Aplica,No Aplica,No Aplica,No Aplica,,,,,,,,2021,Tercer Trimestre,465004723.0,431600000.0,,,,,,,,,,,,,,,,,,,,
5257365,20230301,220115276,E.S.E. Centro de Salud - Floresta,1.2,RECURSOS DE CAPITAL,INGRESOS,RECURSOS DE CAPITAL,No Aplica,No Aplica,No Aplica,No Aplica,No Aplica,No Aplica,No Aplica,No Aplica,,,,,,,,2023,Primer Trimestre,150000.0,150000.0,,,,,,,,,,,,,,,,,,,,
5263376,20220601,220115276,E.S.E. Centro de Salud - Floresta,1,INGRESOS,INGRESOS,No Aplica,No Aplica,No Aplica,No Aplica,No Aplica,No Aplica,No Aplica,No Aplica,No Aplica,,,,,,,,2022,Segundo Trimestre,887530439.0,531776000.0,,,,,,,,,,,,,,,,,,,,
5268554,20220601,220115276,E.S.E. Centro de Salud - Floresta,1.1.02.06,TRANSFERENCIAS CORRIENTES,INGRESOS,INGRESOS CORRIENTES,INGRESOS NO TRIBUTARIOS,TRANSFERENCIAS CORRIENTES,No Aplica,No Aplica,No Aplica,No Aplica,No Aplica,No Aplica,,,,,,,,2022,Segundo Trimestre,149186748.0,0.0,,,,,,,,,,,,,,,,,,,,
5286075,20221201,220115276,E.S.E. Centro de Salud - Floresta,1.1.02.05.001,VENTAS DE ESTABLECIMIENTOS DE MERCADO,INGRESOS,INGRESOS CORRIENTES,INGRESOS NO TRIBUTARIOS,VENTA DE BIENES Y SERVICIOS,VENTAS DE ESTABLECIMIENTOS DE MERCADO,No Aplica,No Aplica,No Aplica,No Aplica,No Aplica,,,,,,,,2022,Cuarto Trimestre,793699679.0,530626000.0,,,,,,,,,,,,,,,,,,,,
5287997,20230601,220115276,E.S.E. Centro de Salud - Floresta,1.1.02.06.006,TRANSFERENCIAS DE OTRAS ENTIDADES DEL GOBIERNO GENERAL,INGRESOS,INGRESOS CORRIENTES,INGRESOS NO TRIBUTARIOS,TRANSFERENCIAS CORRIENTES,TRANSFERENCIAS DE OTRAS ENTIDADES DEL GOBIERNO GENERAL,No Aplica,No Aplica,No Aplica,No Aplica,No Aplica,,,,,,,,2023,Segundo Trimestre,131382420.0,0.0,,,,,,,,,,,,,,,,,,,,
5290820,20220301,220115276,E.S.E. Centro de Salud - Floresta,1.2.09.04,DE OTRAS EMPRESAS,INGRESOS,RECURSOS DE CAPITAL,RECUPERACION DE CARTERA - PRESTAMOS,DE OTRAS EMPRESAS,No Aplica,No Aplica,No Aplica,No Aplica,No Aplica,No Aplica,,,,,,,,2022,Primer Trimestre,50000.0,50000.0,,,,,,,,,,,,,,,,,,,,
5295249,20210601,220115276,E.S.E. Centro de Salud - Floresta,1.0.01,CAJA,INGRESOS,DISPONIBILIDAD INICIAL,CAJA,No Aplica,No Aplica,No Aplica,No Aplica,No Aplica,No Aplica,No Aplica,,,,,,,,2021,Segundo Trimestre,73998835.0,1000000.0,,,,,,,,,,,,,,,,,,,,
5300016,20210601,220115276,E.S.E. Centro de Salud - Floresta,1.1.02.06,TRANSFERENCIAS CORRIENTES,INGRESOS,INGRESOS CORRIENTES,INGRESOS NO TRIBUTARIOS,TRANSFERENCIAS CORRIENTES,No Aplica,No Aplica,No Aplica,No Aplica,No Aplica,No Aplica,,,,,,,,2021,Segundo Trimestre,162089385.0,97000000.0,,,,,,,,,,,,,,,,,,,,
5300265,20220901,220115276,E.S.E. Centro de Salud - Floresta,1.2,RECURSOS DE CAPITAL,INGRESOS,RECURSOS DE CAPITAL,No Aplica,No Aplica,No Aplica,No Aplica,No Aplica,No Aplica,No Aplica,No Aplica,,,,,,,,2022,Tercer Trimestre,2770315.0,150000.0,,,,,,,,,,,,,,,,,,,,
5305322,20220301,220115276,E.S.E. Centro de Salud - Floresta,1.1.02.05.001,VENTAS DE ESTABLECIMIENTOS DE MERCADO,INGRESOS,INGRESOS CORRIENTES,INGRESOS NO TRIBUTARIOS,VENTA DE BIENES Y SERVICIOS,VENTAS DE ESTABLECIMIENTOS DE MERCADO,No Aplica,No Aplica,No Aplica,No Aplica,No Aplica,,,,,,,,2022,Primer Trimestre,530626000.0,530626000.0,,,,,,,,,,,,,,,,,,,,
5313203,20211201,220115276,E.S.E. Centro de Salud - Floresta,1.1,INGRESOS CORRIENTES,INGRESOS,INGRESOS CORRIENTES,No Aplica,No Aplica,No Aplica,No Aplica,No Aplica,No Aplica,No Aplica,No Aplica,,,,,,,,2021,Cuarto Trimestre,818863718.0,528600000.0,,,,,,,,,,,,,,,,,,,,
5313711,20230601,220115276,E.S.E. Centro de Salud - Floresta,1.1.02.05,VENTA DE BIENES Y SERVICIOS,INGRESOS,INGRESOS CORRIENTES,INGRESOS NO TRIBUTARIOS,VENTA DE BIENES Y SERVICIOS,No Aplica,No Aplica,No Aplica,No Aplica,No Aplica,No Aplica,,,,,,,,2023,Segundo Trimestre,795219153.0,634382000.0,,,,,,,,,,,,,,,,,,,,
5324023,20220601,220115276,E.S.E. Centro de Salud - Floresta,1.0,DISPONIBILIDAD INICIAL,INGRESOS,DISPONIBILIDAD INICIAL,No Aplica,No Aplica,No Aplica,No Aplica,No Aplica,No Aplica,No Aplica,No Aplica,,,,,,,,2022,Segundo Trimestre,108215254.0,1000000.0,,,,,,,,,,,,,,,,,,,,
5328541,20211201,220115276,E.S.E. Centro de Salud - Floresta,1.0.01,CAJA,INGRESOS,DISPONIBILIDAD INICIAL,CAJA,No Aplica,No Aplica,No Aplica,No Aplica,No Aplica,No Aplica,No Aplica,,,,,,,,2021,Cuarto Trimestre,73998835.0,1000000.0,,,,,,,,,,,,,,,,,,,,
5335834,20230601,220115276,E.S.E. Centro de Salud - Floresta,1.2,RECURSOS DE CAPITAL,INGRESOS,RECURSOS DE CAPITAL,No Aplica,No Aplica,No Aplica,No Aplica,No Aplica,No Aplica,No Aplica,No Aplica,,,,,,,,2023,Segundo Trimestre,150000.0,150000.0,,,,,,,,,,,,,,,,,,,,
5350428,20220301,220115276,E.S.E. Centro de Salud - Floresta,1.2.05,RENDIMIENTOS FINANCIEROS,INGRESOS,RECURSOS DE CAPITAL,RENDIMIENTOS FINANCIEROS,No Aplica,No Aplica,No Aplica,No Aplica,No Aplica,No Aplica,No Aplica,,,,,,,,2022,Primer Trimestre,100000.0,100000.0,,,,,,,,,,,,,,,,,,,,
5350718,20230301,220115276,E.S.E. Centro de Salud - Floresta,1.2.05,RENDIMIENTOS FINANCIEROS,INGRESOS,RECURSOS DE CAPITAL,RENDIMIENTOS FINANCIEROS,No Aplica,No Aplica,No Aplica,No Aplica,No Aplica,No Aplica,No Aplica,,,,,,,,2023,Primer Trimestre,100000.0,100000.0,,,,,,,,,,,,,,,,,,,,
5353557,20230301,220115276,E.S.E. Centro de Salud - Floresta,1.1,INGRESOS CORRIENTES,INGRESOS,INGRESOS CORRIENTES,No Aplica,No Aplica,No Aplica,No Aplica,No Aplica,No Aplica,No Aplica,No Aplica,,,,,,,,2023,Primer Trimestre,741406237.0,634382000.0,,,,,,,,,,,,,,,,,,,,
5353833,20221201,220115276,E.S.E. Centro de Salud - Floresta,1.1.02.05,VENTA DE BIENES Y SERVICIOS,INGRESOS,INGRESOS CORRIENTES,INGRESOS NO TRIBUTARIOS,VENTA DE BIENES Y SERVICIOS,No Aplica,No Aplica,No Aplica,No Aplica,No Aplica,No Aplica,,,,,,,,2022,Cuarto Trimestre,793699679.0,530626000.0,,,,,,,,,,,,,,,,,,,,
5357824,20230301,220115276,E.S.E. Centro de Salud - Floresta,1.2.09,RECUPERACION DE CARTERA - PRESTAMOS,INGRESOS,RECURSOS DE CAPITAL,RECUPERACION DE CARTERA - PRESTAMOS,No Aplica,No Aplica,No Aplica,No Aplica,No Aplica,No Aplica,No Aplica,,,,,,,,2023,Primer Trimestre,50000.0,50000.0,,,,,,,,,,,,,,,,,,,,
5360878,20211201,220115276,E.S.E. Centro de Salud - Floresta,1,INGRESOS,INGRESOS,No Aplica,No Aplica,No Aplica,No Aplica,No Aplica,No Aplica,No Aplica,No Aplica,No Aplica,,,,,,,,2021,Cuarto Trimestre,893372553.0,530110000.0,,,,,,,,,,,,,,,,,,,,
5361896,20210301,220115276,E.S.E. Centro de Salud - Floresta,1.2.07,RECURSOS DE CREDITO INTERNO,INGRESOS,RECURSOS DE CAPITAL,RECURSOS DE CREDITO INTERNO,No Aplica,No Aplica,No Aplica,No Aplica,No Aplica,No Aplica,No Aplica,,,,,,,,2021,Primer Trimestre,500000.0,500000.0,,,,,,,,,,,,,,,,,,,,
5374754,20211201,220115276,E.S.E. Centro de Salud - Floresta,1.1.02.06,TRANSFERENCIAS CORRIENTES,INGRESOS,INGRESOS CORRIENTES,INGRESOS NO TRIBUTARIOS,TRANSFERENCIAS CORRIENTES,No Aplica,No Aplica,No Aplica,No Aplica,No Aplica,No Aplica,,,,,,,,2021,Cuarto Trimestre,319321353.0,97000000.0,,,,,,,,,,,,,,,,,,,,
5375255,20220301,220115276,E.S.E. Centro de Salud - Floresta,1,INGRESOS,INGRESOS,No Aplica,No Aplica,No Aplica,No Aplica,No Aplica,No Aplica,No Aplica,No Aplica,No Aplica,,,,,,,,2022,Primer Trimestre,638991254.0,531776000.0,,,,,,,,,,,,,,,,,,,,
5389839,20221201,220115276,E.S.E. Centro de Salud - Floresta,1.2,RECURSOS DE CAPITAL,INGRESOS,RECURSOS DE CAPITAL,No Aplica,No Aplica,No Aplica,No Aplica,No Aplica,No Aplica,No Aplica,No Aplica,,,,,,,,2022,Cuarto Trimestre,2770315.0,150000.0,,,,,,,,,,,,,,,,,,,,
5392671,20210301,220115276,E.S.E. Centro de Salud - Floresta,1,INGRESOS,INGRESOS,No Aplica,No Aplica,No Aplica,No Aplica,No Aplica,No Aplica,No Aplica,No Aplica,No Aplica,,,,,,,,2021,Primer Trimestre,603108835.0,530110000.0,,,,,,,,,,,,,,,,,,,,
5397891,20210901,220115276,E.S.E. Centro de Salud - Floresta,1.1.02.06.008.01.13,RECURSOS MUNICIPALES PARA ASEGURAMIENTO,INGRESOS,INGRESOS CORRIENTES,INGRESOS NO TRIBUTARIOS,TRANSFERENCIAS CORRIENTES,DIFERENTES DE SUBVENCIONES,ACTIVIDADES DE ATENCION A LA SALUD HUMANA Y DE ASISTENCIA SOCIAL,RECURSOS MUNICIPALES PARA ASEGURAMIENTO,No Aplica,No Aplica,No Aplica,,,,,,,,2021,Tercer Trimestre,162089385.0,97000000.0,,,,,,,,,,,,,,,,,,,,
5397968,20220601,220115276,E.S.E. Centro de Salud - Floresta,1.1.02.05.001.09,"SERVICIOS PARA LA COMUNIDAD, SOCIALES Y PERSONALES",INGRESOS,INGRESOS CORRIENTES,INGRESOS NO TRIBUTARIOS,VENTA DE BIENES Y SERVICIOS,VENTAS DE ESTABLECIMIENTOS DE MERCADO,"SERVICIOS PARA LA COMUNIDAD, SOCIALES Y PERSONALES",No Aplica,No Aplica,No Aplica,No Aplica,,,,,,,,2022,Segundo Trimestre,629978437.0,530626000.0,,,,,,,,,,,,,,,,,,,,
5405964,20230301,220115276,E.S.E. Centro de Salud - Floresta,1.2.09.04,DE OTRAS EMPRESAS,INGRESOS,RECURSOS DE CAPITAL,RECUPERACION DE CARTERA - PRESTAMOS,DE OTRAS EMPRESAS,No Aplica,No Aplica,No Aplica,No Aplica,No Aplica,No Aplica,,,,,,,,2023,Primer Trimestre,50000.0,50000.0,,,,,,,,,,,,,,,,,,,,
5409710,20230601,220115276,E.S.E. Centro de Salud - Floresta,1.1.02.06.006.06,OTRAS UNIDADES DE GOBIERNO,INGRESOS,INGRESOS CORRIENTES,INGRESOS NO TRIBUTARIOS,TRANSFERENCIAS CORRIENTES,TRANSFERENCIAS DE OTRAS ENTIDADES DEL GOBIERNO GENERAL,OTRAS UNIDADES DE GOBIERNO,No Aplica,No Aplica,No Aplica,No Aplica,,,,,,,,2023,Segundo Trimestre,131382420.0,0.0,,,,,,,,,,,,,,,,,,,,
5412018,20210301,220115276,E.S.E. Centro de Salud - Floresta,1.1.02.06.007.02.08,TRANSFERENCIAS PARA EMPRESAS SOCIALES DEL ESTADO,INGRESOS,INGRESOS CORRIENTES,INGRESOS NO TRIBUTARIOS,TRANSFERENCIAS CORRIENTES,SUBVENCIONES,EMPRESAS PUBLICAS NO FINANCIERAS,TRANSFERENCIAS PARA EMPRESAS SOCIALES DEL ESTADO,No Aplica,No Aplica,No Aplica,,,,,,,,2021,Primer Trimestre,0.0,0.0,,,,,,,,,,,,,,,,,,,,
5419918,20220601,220115276,E.S.E. Centro de Salud - Floresta,1.2.09,RECUPERACION DE CARTERA - PRESTAMOS,INGRESOS,RECURSOS DE CAPITAL,RECUPERACION DE CARTERA - PRESTAMOS,No Aplica,No Aplica,No Aplica,No Aplica,No Aplica,No Aplica,No Aplica,,,,,,,,2022,Segundo Trimestre,50000.0,50000.0,,,,,,,,,,,,,,,,,,,,
5423852,20210601,220115276,E.S.E. Centro de Salud - Floresta,1.1.02.06.007.02.08,TRANSFERENCIAS PARA EMPRESAS SOCIALES DEL ESTADO,INGRESOS,INGRESOS CORRIENTES,INGRESOS NO TRIBUTARIOS,TRANSFERENCIAS CORRIENTES,SUBVENCIONES,EMPRESAS PUBLICAS NO FINANCIERAS,TRANSFERENCIAS PARA EMPRESAS SOCIALES DEL ESTADO,No Aplica,No Aplica,No Aplica,,,,,,,,2021,Segundo Trimestre,0.0,0.0,,,,,,,,,,,,,,,,,,,,
5425841,20211201,220115276,E.S.E. Centro de Salud - Floresta,1.1.02.06.007,SUBVENCIONES,INGRESOS,INGRESOS CORRIENTES,INGRESOS NO TRIBUTARIOS,TRANSFERENCIAS CORRIENTES,SUBVENCIONES,No Aplica,No Aplica,No Aplica,No Aplica,No Aplica,,,,,,,,2021,Cuarto Trimestre,130669588.0,0.0,,,,,,,,,,,,,,,,,,,,
5433582,20210301,220115276,E.S.E. Centro de Salud - Floresta,1.1.02.06.007.02,EMPRESAS PUBLICAS NO FINANCIERAS,INGRESOS,INGRESOS CORRIENTES,INGRESOS NO TRIBUTARIOS,TRANSFERENCIAS CORRIENTES,SUBVENCIONES,EMPRESAS PUBLICAS NO FINANCIERAS,No Aplica,No Aplica,No Aplica,No Aplica,,,,,,,,2021,Primer Trimestre,0.0,0.0,,,,,,,,,,,,,,,,,,,,
5445520,20210901,220115276,E.S.E. Centro de Salud - Floresta,1.1,INGRESOS CORRIENTES,INGRESOS,INGRESOS CORRIENTES,No Aplica,No Aplica,No Aplica,No Aplica,No Aplica,No Aplica,No Aplica,No Aplica,,,,,,,,2021,Tercer Trimestre,757763696.0,528600000.0,,,,,,,,,,,,,,,,,,,,
5447437,20210901,220115276,E.S.E. Centro de Salud - Floresta,1.1.02.06.007,SUBVENCIONES,INGRESOS,INGRESOS CORRIENTES,INGRESOS NO TRIBUTARIOS,TRANSFERENCIAS CORRIENTES,SUBVENCIONES,No Aplica,No Aplica,No Aplica,No Aplica,No Aplica,,,,,,,,2021,Tercer Trimestre,130669588.0,0.0,,,,,,,,,,,,,,,,,,,,
5453637,20211201,220115276,E.S.E. Centro de Salud - Floresta,1.1.02.05.001,VENTAS DE ESTABLECIMIENTOS DE MERCADO,INGRESOS,INGRESOS CORRIENTES,INGRESOS NO TRIBUTARIOS,VENTA DE BIENES Y SERVICIOS,VENTAS DE ESTABLECIMIENTOS DE MERCADO,No Aplica,No Aplica,No Aplica,No Aplica,No Aplica,,,,,,,,2021,Cuarto Trimestre,499542365.0,431600000.0,,,,,,,,,,,,,,,,,,,,
5458200,20211201,220115276,E.S.E. Centro de Salud - Floresta,1.1.02.06.008,DIFERENTES DE SUBVENCIONES,INGRESOS,INGRESOS CORRIENTES,INGRESOS NO TRIBUTARIOS,TRANSFERENCIAS CORRIENTES,DIFERENTES DE SUBVENCIONES,No Aplica,No Aplica,No Aplica,No Aplica,No Aplica,,,,,,,,2021,Cuarto Trimestre,188651765.0,97000000.0,,,,,,,,,,,,,,,,,,,,
5459960,20210901,220115276,E.S.E. Centro de Salud - Floresta,1.2.06.01.001,BANCOS COMERCIALES,INGRESOS,RECURSOS DE CAPITAL,RECURSOS DE CREDITO EXTERNO,RECURSOS DE CONTRATOS DE EMPRESTITOS EXTERNOS,BANCOS COMERCIALES,No Aplica,No Aplica,No Aplica,No Aplica,No Aplica,,,,,,,,2021,Tercer Trimestre,10000.0,10000.0,,,,,,,,,,,,,,,,,,,,
5462214,20210301,220115276,E.S.E. Centro de Salud - Floresta,1.0.01,CAJA,INGRESOS,DISPONIBILIDAD INICIAL,CAJA,No Aplica,No Aplica,No Aplica,No Aplica,No Aplica,No Aplica,No Aplica,,,,,,,,2021,Primer Trimestre,73998835.0,1000000.0,,,,,,,,,,,,,,,,,,,,
5472534,20211201,220115276,E.S.E. Centro de Salud - Floresta,1.2.06.01.001,BANCOS COMERCIALES,INGRESOS,RECURSOS DE CAPITAL,RECURSOS DE CREDITO EXTERNO,RECURSOS DE CONTRATOS DE EMPRESTITOS EXTERNOS,BANCOS COMERCIALES,No Aplica,No Aplica,No Aplica,No Aplica,No Aplica,,,,,,,,2021,Cuarto Trimestre,10000.0,10000.0,,,,,,,,,,,,,,,,,,,,
5472579,20230601,220115276,E.S.E. Centro de Salud - Floresta,1,INGRESOS,INGRESOS,No Aplica,No Aplica,No Aplica,No Aplica,No Aplica,No Aplica,No Aplica,No Aplica,No Aplica,,,,,,,,2023,Segundo Trimestre,926751573.0,634532000.0,,,,,,,,,,,,,,,,,,,,
5473385,20210901,220115276,E.S.E. Centro de Salud - Floresta,1.1.02.06.008.01,ACTIVIDADES DE ATENCION A LA SALUD HUMANA Y DE ASISTENCIA SOCIAL,INGRESOS,INGRESOS CORRIENTES,INGRESOS NO TRIBUTARIOS,TRANSFERENCIAS CORRIENTES,DIFERENTES DE SUBVENCIONES,ACTIVIDADES DE ATENCION A LA SALUD HUMANA Y DE ASISTENCIA SOCIAL,No Aplica,No Aplica,No Aplica,No Aplica,,,,,,,,2021,Tercer Trimestre,162089385.0,97000000.0,,,,,,,,,,,,,,,,,,,,
5473650,20210901,220115276,E.S.E. Centro de Salud - Floresta,1.1.02.05.001.09,"SERVICIOS PARA LA COMUNIDAD, SOCIALES Y PERSONALES",INGRESOS,INGRESOS CORRIENTES,INGRESOS NO TRIBUTARIOS,VENTA DE BIENES Y SERVICIOS,VENTAS DE ESTABLECIMIENTOS DE MERCADO,"SERVICIOS PARA LA COMUNIDAD, SOCIALES Y PERSONALES",No Aplica,No Aplica,No Aplica,No Aplica,,,,,,,,2021,Tercer Trimestre,465004723.0,431600000.0,,,,,,,,,,,,,,,,,,,,
5476594,20210301,220115276,E.S.E. Centro de Salud - Floresta,1.1.02.06.007,SUBVENCIONES,INGRESOS,INGRESOS CORRIENTES,INGRESOS NO TRIBUTARIOS,TRANSFERENCIAS CORRIENTES,SUBVENCIONES,No Aplica,No Aplica,No Aplica,No Aplica,No Aplica,,,,,,,,2021,Primer Trimestre,0.0,0.0,,,,,,,,,,,,,,,,,,,,
5481073,20210901,220115276,E.S.E. Centro de Salud - Floresta,1.1.02,INGRESOS NO TRIBUTARIOS,INGRESOS,INGRESOS CORRIENTES,INGRESOS NO TRIBUTARIOS,No Aplica,No Aplica,No Aplica,No Aplica,No Aplica,No Aplica,No Aplica,,,,,,,,2021,Tercer Trimestre,757763696.0,528600000.0,,,,,,,,,,,,,,,,,,,,
5481084,20221201,220115276,E.S.E. Centro de Salud - Floresta,1.0.02,BANCOS,INGRESOS,DISPONIBILIDAD INICIAL,BANCOS,No Aplica,No Aplica,No Aplica,No Aplica,No Aplica,No Aplica,No Aplica,,,,,,,,2022,Cuarto Trimestre,108215254.0,1000000.0,,,,,,,,,,,,,,,,,,,,
5481294,20220301,220115276,E.S.E. Centro de Salud - Floresta,1.1,INGRESOS CORRIENTES,INGRESOS,INGRESOS CORRIENTES,No Aplica,No Aplica,No Aplica,No Aplica,No Aplica,No Aplica,No Aplica,No Aplica,,,,,,,,2022,Primer Trimestre,530626000.0,530626000.0,,,,,,,,,,,,,,,,,,,,
5484469,20220901,220115276,E.S.E. Centro de Salud - Floresta,1.2.05.02,DEPOSITOS,INGRESOS,RECURSOS DE CAPITAL,RENDIMIENTOS FINANCIEROS,DEPOSITOS,No Aplica,No Aplica,No Aplica,No Aplica,No Aplica,No Aplica,,,,,,,,2022,Tercer Trimestre,100000.0,100000.0,,,,,,,,,,,,,,,,,,,,
5489527,20230601,220115276,E.S.E. Centro de Salud - Floresta,1.2.09,RECUPERACION DE CARTERA - PRESTAMOS,INGRESOS,RECURSOS DE CAPITAL,RECUPERACION DE CARTERA - PRESTAMOS,No Aplica,No Aplica,No Aplica,No Aplica,No Aplica,No Aplica,No Aplica,,,,,,,,2023,Segundo Trimestre,50000.0,50000.0,,,,,,,,,,,,,,,,,,,,
5489651,20210901,220115276,E.S.E. Centro de Salud - Floresta,1.1.02.06,TRANSFERENCIAS CORRIENTES,INGRESOS,INGRESOS CORRIENTES,INGRESOS NO TRIBUTARIOS,TRANSFERENCIAS CORRIENTES,No Aplica,No Aplica,No Aplica,No Aplica,No Aplica,No Aplica,,,,,,,,2021,Tercer Trimestre,292758973.0,97000000.0,,,,,,,,,,,,,,,,,,,,
5494418,20210601,220115276,E.S.E. Centro de Salud - Floresta,1.1.02.05,VENTA DE BIENES Y SERVICIOS,INGRESOS,INGRESOS CORRIENTES,INGRESOS NO TRIBUTARIOS,VENTA DE BIENES Y SERVICIOS,No Aplica,No Aplica,No Aplica,No Aplica,No Aplica,No Aplica,,,,,,,,2021,Segundo Trimestre,465004723.0,431600000.0,,,,,,,,,,,,,,,,,,,,
5494571,20220301,220115276,E.S.E. Centro de Salud - Floresta,1.1.02.06,TRANSFERENCIAS CORRIENTES,INGRESOS,INGRESOS CORRIENTES,INGRESOS NO TRIBUTARIOS,TRANSFERENCIAS CORRIENTES,No Aplica,No Aplica,No Aplica,No Aplica,No Aplica,No Aplica,,,,,,,,2022,Primer Trimestre,0.0,0.0,,,,,,,,,,,,,,,,,,,,
5504998,20210601,220115276,E.S.E. Centro de Salud - Floresta,1.2.06.01,RECURSOS DE CONTRATOS DE EMPRESTITOS EXTERNOS,INGRESOS,RECURSOS DE CAPITAL,RECURSOS DE CREDITO EXTERNO,RECURSOS DE CONTRATOS DE EMPRESTITOS EXTERNOS,No Aplica,No Aplica,No Aplica,No Aplica,No Aplica,No Aplica,,,,,,,,2021,Segundo Trimestre,10000.0,10000.0,,,,,,,,,,,,,,,,,,,,
5506475,20210901,220115276,E.S.E. Centro de Salud - Floresta,1.1.02.06.007.02,EMPRESAS PUBLICAS NO FINANCIERAS,INGRESOS,INGRESOS CORRIENTES,INGRESOS NO TRIBUTARIOS,TRANSFERENCIAS CORRIENTES,SUBVENCIONES,EMPRESAS PUBLICAS NO FINANCIERAS,No Aplica,No Aplica,No Aplica,No Aplica,,,,,,,,2021,Tercer Trimestre,130669588.0,0.0,,,,,,,,,,,,,,,,,,,,
5510211,20211201,220115276,E.S.E. Centro de Salud - Floresta,1.1.02.05,VENTA DE BIENES Y SERVICIOS,INGRESOS,INGRESOS CORRIENTES,INGRESOS NO TRIBUTARIOS,VENTA DE BIENES Y SERVICIOS,No Aplica,No Aplica,No Aplica,No Aplica,No Aplica,No Aplica,,,,,,,,2021,Cuarto Trimestre,499542365.0,431600000.0,,,,,,,,,,,,,,,,,,,,
5514364,20210901,220115276,E.S.E. Centro de Salud - Floresta,1.2.06,RECURSOS DE CREDITO EXTERNO,INGRESOS,RECURSOS DE CAPITAL,RECURSOS DE CREDITO EXTERNO,No Aplica,No Aplica,No Aplica,No Aplica,No Aplica,No Aplica,No Aplica,,,,,,,,2021,Tercer Trimestre,10000.0,10000.0,,,,,,,,,,,,,,,,,,,,
5517004,20210301,220115276,E.S.E. Centro de Salud - Floresta,1.1.02.05.001,VENTAS DE ESTABLECIMIENTOS DE MERCADO,INGRESOS,INGRESOS CORRIENTES,INGRESOS NO TRIBUTARIOS,VENTA DE BIENES Y SERVICIOS,VENTAS DE ESTABLECIMIENTOS DE MERCADO,No Aplica,No Aplica,No Aplica,No Aplica,No Aplica,,,,,,,,2021,Primer Trimestre,431600000.0,431600000.0,,,,,,,,,,,,,,,,,,,,
5520032,20210901,220115276,E.S.E. Centro de Salud - Floresta,1,INGRESOS,INGRESOS,No Aplica,No Aplica,No Aplica,No Aplica,No Aplica,No Aplica,No Aplica,No Aplica,No Aplica,,,,,,,,2021,Tercer Trimestre,832272531.0,530110000.0,,,,,,,,,,,,,,,,,,,,
5528332,20210301,220115276,E.S.E. Centro de Salud - Floresta,1.1,INGRESOS CORRIENTES,INGRESOS,INGRESOS CORRIENTES,No Aplica,No Aplica,No Aplica,No Aplica,No Aplica,No Aplica,No Aplica,No Aplica,,,,,,,,2021,Primer Trimestre,528600000.0,528600000.0,,,,,,,,,,,,,,,,,,,,
5535471,20210601,220115276,E.S.E. Centro de Salud - Floresta,1.1.02.06.008.01,ACTIVIDADES DE ATENCION A LA SALUD HUMANA Y DE ASISTENCIA SOCIAL,INGRESOS,INGRESOS CORRIENTES,INGRESOS NO TRIBUTARIOS,TRANSFERENCIAS CORRIENTES,DIFERENTES DE SUBVENCIONES,ACTIVIDADES DE ATENCION A LA SALUD HUMANA Y DE ASISTENCIA SOCIAL,No Aplica,No Aplica,No Aplica,No Aplica,,,,,,,,2021,Segundo Trimestre,162089385.0,97000000.0,,,,,,,,,,,,,,,,,,,,
5536237,20220601,220115276,E.S.E. Centro de Salud - Floresta,1.2.05,RENDIMIENTOS FINANCIEROS,INGRESOS,RECURSOS DE CAPITAL,RENDIMIENTOS FINANCIEROS,No Aplica,No Aplica,No Aplica,No Aplica,No Aplica,No Aplica,No Aplica,,,,,,,,2022,Segundo Trimestre,100000.0,100000.0,,,,,,,,,,,,,,,,,,,,
5542281,20210901,220115276,E.S.E. Centro de Salud - Floresta,1.2.07,RECURSOS DE CREDITO INTERNO,INGRESOS,RECURSOS DE CAPITAL,RECURSOS DE CREDITO INTERNO,No Aplica,No Aplica,No Aplica,No Aplica,No Aplica,No Aplica,No Aplica,,,,,,,,2021,Tercer Trimestre,500000.0,500000.0,,,,,,,,,,,,,,,,,,,,
5548878,20211201,220115276,E.S.E. Centro de Salud - Floresta,1.1.02,INGRESOS NO TRIBUTARIOS,INGRESOS,INGRESOS CORRIENTES,INGRESOS NO TRIBUTARIOS,No Aplica,No Aplica,No Aplica,No Aplica,No Aplica,No Aplica,No Aplica,,,,,,,,2021,Cuarto Trimestre,818863718.0,528600000.0,,,,,,,,,,,,,,,,,,,,
5549163,20210301,220115276,E.S.E. Centro de Salud - Floresta,1.1.02.06.008.01,ACTIVIDADES DE ATENCION A LA SALUD HUMANA Y DE ASISTENCIA SOCIAL,INGRESOS,INGRESOS CORRIENTES,INGRESOS NO TRIBUTARIOS,TRANSFERENCIAS CORRIENTES,DIFERENTES DE SUBVENCIONES,ACTIVIDADES DE ATENCION A LA SALUD HUMANA Y DE ASISTENCIA SOCIAL,No Aplica,No Aplica,No Aplica,No Aplica,,,,,,,,2021,Primer Trimestre,97000000.0,97000000.0,,,,,,,,,,,,,,,,,,,,
5551798,20210601,220115276,E.S.E. Centro de Salud - Floresta,1.1.02.06.007,SUBVENCIONES,INGRESOS,INGRESOS CORRIENTES,INGRESOS NO TRIBUTARIOS,TRANSFERENCIAS CORRIENTES,SUBVENCIONES,No Aplica,No Aplica,No Aplica,No Aplica,No Aplica,,,,,,,,2021,Segundo Trimestre,0.0,0.0,,,,,,,,,,,,,,,,,,,,
5552690,20230601,220115276,E.S.E. Centro de Salud - Floresta,1.1.02.05.001,VENTAS DE ESTABLECIMIENTOS DE MERCADO,INGRESOS,INGRESOS CORRIENTES,INGRESOS NO TRIBUTARIOS,VENTA DE BIENES Y SERVICIOS,VENTAS DE ESTABLECIMIENTOS DE MERCADO,No Aplica,No Aplica,No Aplica,No Aplica,No Aplica,,,,,,,,2023,Segundo Trimestre,795219153.0,634382000.0,,,,,,,,,,,,,,,,,,,,
6132562,20230901,220115276,E.S.E. Centro de Salud - Floresta,1.1.02.06,TRANSFERENCIAS CORRIENTES,INGRESOS,INGRESOS CORRIENTES,INGRESOS NO TRIBUTARIOS,TRANSFERENCIAS CORRIENTES,No Aplica,No Aplica,No Aplica,No Aplica,No Aplica,No Aplica,,,,,,,,2023,Tercer Trimestre,131382420.0,0.0,,,,,,,,,,,,,,,,,,,,
6133396,20230901,220115276,E.S.E. Centro de Salud - Floresta,1.2.05.02,DEPOSITOS,INGRESOS,RECURSOS DE CAPITAL,RENDIMIENTOS FINANCIEROS,DEPOSITOS,No Aplica,No Aplica,No Aplica,No Aplica,No Aplica,No Aplica,,,,,,,,2023,Tercer Trimestre,100000.0,100000.0,,,,,,,,,,,,,,,,,,,,
6136994,20230901,220115276,E.S.E. Centro de Salud - Floresta,1.1.02.06.006,TRANSFERENCIAS DE OTRAS ENTIDADES DEL GOBIERNO GENERAL,INGRESOS,INGRESOS CORRIENTES,INGRESOS NO TRIBUTARIOS,TRANSFERENCIAS CORRIENTES,TRANSFERENCIAS DE OTRAS ENTIDADES DEL GOBIERNO GENERAL,No Aplica,No Aplica,No Aplica,No Aplica,No Aplica,,,,,,,,2023,Tercer Trimestre,131382420.0,0.0,,,,,,,,,,,,,,,,,,,,
6141351,20230901,220115276,E.S.E. Centro de Salud - Floresta,1.2.09.04,DE OTRAS EMPRESAS,INGRESOS,RECURSOS DE CAPITAL,RECUPERACION DE CARTERA - PRESTAMOS,DE OTRAS EMPRESAS,No Aplica,No Aplica,No Aplica,No Aplica,No Aplica,No Aplica,,,,,,,,2023,Tercer Trimestre,50000.0,50000.0,,,,,,,,,,,,,,,,,,,,
6159505,20230901,220115276,E.S.E. Centro de Salud - Floresta,1.1.02.05.001,VENTAS DE ESTABLECIMIENTOS DE MERCADO,INGRESOS,INGRESOS CORRIENTES,INGRESOS NO TRIBUTARIOS,VENTA DE BIENES Y SERVICIOS,VENTAS DE ESTABLECIMIENTOS DE MERCADO,No Aplica,No Aplica,No Aplica,No Aplica,No Aplica,,,,,,,,2023,Tercer Trimestre,847633804.0,634382000.0,,,,,,,,,,,,,,,,,,,,
6165501,20230901,220115276,E.S.E. Centro de Salud - Floresta,1.1.02,INGRESOS NO TRIBUTARIOS,INGRESOS,INGRESOS CORRIENTES,INGRESOS NO TRIBUTARIOS,No Aplica,No Aplica,No Aplica,No Aplica,No Aplica,No Aplica,No Aplica,,,,,,,,2023,Tercer Trimestre,979016224.0,634382000.0,,,,,,,,,,,,,,,,,,,,
6166495,20230901,220115276,E.S.E. Centro de Salud - Floresta,1,INGRESOS,INGRESOS,No Aplica,No Aplica,No Aplica,No Aplica,No Aplica,No Aplica,No Aplica,No Aplica,No Aplica,,,,,,,,2023,Tercer Trimestre,979166224.0,634532000.0,,,,,,,,,,,,,,,,,,,,
6187313,20230901,220115276,E.S.E. Centro de Salud - Floresta,1.1.02.05,VENTA DE BIENES Y SERVICIOS,INGRESOS,INGRESOS CORRIENTES,INGRESOS NO TRIBUTARIOS,VENTA DE BIENES Y SERVICIOS,No Aplica,No Aplica,No Aplica,No Aplica,No Aplica,No Aplica,,,,,,,,2023,Tercer Trimestre,847633804.0,634382000.0,,,,,,,,,,,,,,,,,,,,
6208377,20230901,220115276,E.S.E. Centro de Salud - Floresta,1.2.05,RENDIMIENTOS FINANCIEROS,INGRESOS,RECURSOS DE CAPITAL,RENDIMIENTOS FINANCIEROS,No Aplica,No Aplica,No Aplica,No Aplica,No Aplica,No Aplica,No Aplica,,,,,,,,2023,Tercer Trimestre,100000.0,100000.0,,,,,,,,,,,,,,,,,,,,
6215490,20230901,220115276,E.S.E. Centro de Salud - Floresta,1.2,RECURSOS DE CAPITAL,INGRESOS,RECURSOS DE CAPITAL,No Aplica,No Aplica,No Aplica,No Aplica,No Aplica,No Aplica,No Aplica,No Aplica,,,,,,,,2023,Tercer Trimestre,150000.0,150000.0,,,,,,,,,,,,,,,,,,,,
6224194,20230901,220115276,E.S.E. Centro de Salud - Floresta,1.2.09,RECUPERACION DE CARTERA - PRESTAMOS,INGRESOS,RECURSOS DE CAPITAL,RECUPERACION DE CARTERA - PRESTAMOS,No Aplica,No Aplica,No Aplica,No Aplica,No Aplica,No Aplica,No Aplica,,,,,,,,2023,Tercer Trimestre,50000.0,50000.0,,,,,,,,,,,,,,,,,,,,
6232018,20230901,220115276,E.S.E. Centro de Salud - Floresta,1.1.02.05.001.09,"SERVICIOS PARA LA COMUNIDAD, SOCIALES Y PERSONALES",INGRESOS,INGRESOS CORRIENTES,INGRESOS NO TRIBUTARIOS,VENTA DE BIENES Y SERVICIOS,VENTAS DE ESTABLECIMIENTOS DE MERCADO,"SERVICIOS PARA LA COMUNIDAD, SOCIALES Y PERSONALES",No Aplica,No Aplica,No Aplica,No Aplica,,,,,,,,2023,Tercer Trimestre,847633804.0,634382000.0,,,,,,,,,,,,,,,,,,,,
6233435,20230901,220115276,E.S.E. Centro de Salud - Floresta,1.1.02.06.006.06,OTRAS UNIDADES DE GOBIERNO,INGRESOS,INGRESOS CORRIENTES,INGRESOS NO TRIBUTARIOS,TRANSFERENCIAS CORRIENTES,TRANSFERENCIAS DE OTRAS ENTIDADES DEL GOBIERNO GENERAL,OTRAS UNIDADES DE GOBIERNO,No Aplica,No Aplica,No Aplica,No Aplica,,,,,,,,2023,Tercer Trimestre,131382420.0,0.0,,,,,,,,,,,,,,,,,,,,
6236651,20230901,220115276,E.S.E. Centro de Salud - Floresta,1.1,INGRESOS CORRIENTES,INGRESOS,INGRESOS CORRIENTES,No Aplica,No Aplica,No Aplica,No Aplica,No Aplica,No Aplica,No Aplica,No Aplica,,,,,,,,2023,Tercer Trimestre,979016224.0,634382000.0,,,,,,,,,,,,,,,,,,,,
6245218,20211201,220115276,E.S.E. Centro de Salud - Floresta,1.1.02.05.001,VENTAS DE ESTABLECIMIENTOS DE MERCADO,INGRESOS,INGRESOS CORRIENTES,INGRESOS NO TRIBUTARIOS,VENTA DE BIENES Y SERVICIOS,VENTAS DE ESTABLECIMIENTOS DE MERCADO,No Aplica,No Aplica,No Aplica,No Aplica,No Aplica,,,,,,,,2021,Cuarto Trimestre,,,470781525.0,NO APLICA,NO APLICA,NO APLICA,NO APLICA,NO APLICA,NO APLICA,NO APLICA,NO APLICA,NO APLICA,0.0,470781525.0,0.0,0.0,,,,,,
6250469,20221201,220115276,E.S.E. Centro de Salud - Floresta,1.2,RECURSOS DE CAPITAL,INGRESOS,RECURSOS DE CAPITAL,No Aplica,No Aplica,No Aplica,No Aplica,No Aplica,No Aplica,No Aplica,No Aplica,,,,,,,,2022,Cuarto Trimestre,,,2716593.0,NO APLICA,NO APLICA,NO APLICA,NO APLICA,NO APLICA,NO APLICA,NO APLICA,NO APLICA,NO APLICA,0.0,2716593.0,0.0,0.0,,,,,,
6257027,20230901,220115276,E.S.E. Centro de Salud - Floresta,1.1.02,INGRESOS NO TRIBUTARIOS,INGRESOS,INGRESOS CORRIENTES,INGRESOS NO TRIBUTARIOS,No Aplica,No Aplica,No Aplica,No Aplica,No Aplica,No Aplica,No Aplica,,,,,,,,2023,Tercer Trimestre,,,693657974.0,NO APLICA,NO APLICA,NO APLICA,NO APLICA,NO APLICA,NO APLICA,NO APLICA,NO APLICA,NO APLICA,0.0,693657974.0,0.0,0.0,,,,,,
6280292,20230901,220115276,E.S.E. Centro de Salud - Floresta,1.2.05,RENDIMIENTOS FINANCIEROS,INGRESOS,RECURSOS DE CAPITAL,RENDIMIENTOS FINANCIEROS,No Aplica,No Aplica,No Aplica,No Aplica,No Aplica,No Aplica,No Aplica,,,,,,,,2023,Tercer Trimestre,,,173388.0,NO APLICA,NO APLICA,NO APLICA,NO APLICA,NO APLICA,NO APLICA,NO APLICA,NO APLICA,NO APLICA,0.0,173388.0,0.0,0.0,,,,,,
6288490,20211201,220115276,E.S.E. Centro de Salud - Floresta,1.1.02.06.007.02,EMPRESAS PUBLICAS NO FINANCIERAS,INGRESOS,INGRESOS CORRIENTES,INGRESOS NO TRIBUTARIOS,TRANSFERENCIAS CORRIENTES,SUBVENCIONES,EMPRESAS PUBLICAS NO FINANCIERAS,No Aplica,No Aplica,No Aplica,No Aplica,,,,,,,,2021,Cuarto Trimestre,,,117602629.0,NO APLICA,NO APLICA,NO APLICA,NO APLICA,NO APLICA,NO APLICA,NO APLICA,NO APLICA,NO APLICA,0.0,117602629.0,0.0,0.0,,,,,,
6289075,20221201,220115276,E.S.E. Centro de Salud - Floresta,1.1.02.05.001,VENTAS DE ESTABLECIMIENTOS DE MERCADO,INGRESOS,INGRESOS CORRIENTES,INGRESOS NO TRIBUTARIOS,VENTA DE BIENES Y SERVICIOS,VENTAS DE ESTABLECIMIENTOS DE MERCADO,No Aplica,No Aplica,No Aplica,No Aplica,No Aplica,,,,,,,,2022,Cuarto Trimestre,,,794962303.0,NO APLICA,NO APLICA,NO APLICA,NO APLICA,NO APLICA,NO APLICA,NO APLICA,NO APLICA,NO APLICA,0.0,794962303.0,0.0,0.0,,,,,,
6309003,20210901,220115276,E.S.E. Centro de Salud - Floresta,1.1.02.06.007.02,EMPRESAS PUBLICAS NO FINANCIERAS,INGRESOS,INGRESOS CORRIENTES,INGRESOS NO TRIBUTARIOS,TRANSFERENCIAS CORRIENTES,SUBVENCIONES,EMPRESAS PUBLICAS NO FINANCIERAS,No Aplica,No Aplica,No Aplica,No Aplica,,,,,,,,2021,Tercer Trimestre,,,91468712.0,NO APLICA,NO APLICA,NO APLICA,NO APLICA,NO APLICA,NO APLICA,NO APLICA,NO APLICA,NO APLICA,0.0,91468712.0,0.0,0.0,,,,,,
6313516,20210601,220115276,E.S.E. Centro de Salud - Floresta,1.1.02.06,TRANSFERENCIAS CORRIENTES,INGRESOS,INGRESOS CORRIENTES,INGRESOS NO TRIBUTARIOS,TRANSFERENCIAS CORRIENTES,No Aplica,No Aplica,No Aplica,No Aplica,No Aplica,No Aplica,,,,,,,,2021,Segundo Trimestre,,,4920000.0,NO APLICA,NO APLICA,NO APLICA,NO APLICA,NO APLICA,NO APLICA,NO APLICA,NO APLICA,NO APLICA,0.0,4920000.0,0.0,0.0,,,,,,
6322263,20210901,220115276,E.S.E. Centro de Salud - Floresta,1.1.02.06,TRANSFERENCIAS CORRIENTES,INGRESOS,INGRESOS CORRIENTES,INGRESOS NO TRIBUTARIOS,TRANSFERENCIAS CORRIENTES,No Aplica,No Aplica,No Aplica,No Aplica,No Aplica,No Aplica,,,,,,,,2021,Tercer Trimestre,,,169535738.0,NO APLICA,NO APLICA,NO APLICA,NO APLICA,NO APLICA,NO APLICA,NO APLICA,NO APLICA,NO APLICA,0.0,169535738.0,0.0,0.0,,,,,,
6322702,20220601,220115276,E.S.E. Centro de Salud - Floresta,1.1.02,INGRESOS NO TRIBUTARIOS,INGRESOS,INGRESOS CORRIENTES,INGRESOS NO TRIBUTARIOS,No Aplica,No Aplica,No Aplica,No Aplica,No Aplica,No Aplica,No Aplica,,,,,,,,2022,Segundo Trimestre,,,351076153.0,NO APLICA,NO APLICA,NO APLICA,NO APLICA,NO APLICA,NO APLICA,NO APLICA,NO APLICA,NO APLICA,0.0,351076153.0,0.0,0.0,,,,,,
6334829,20220901,220115276,E.S.E. Centro de Salud - Floresta,1.2,RECURSOS DE CAPITAL,INGRESOS,RECURSOS DE CAPITAL,No Aplica,No Aplica,No Aplica,No Aplica,No Aplica,No Aplica,No Aplica,No Aplica,,,,,,,,2022,Tercer Trimestre,,,2700164.0,NO APLICA,NO APLICA,NO APLICA,NO APLICA,NO APLICA,NO APLICA,NO APLICA,NO APLICA,NO APLICA,0.0,2700164.0,0.0,0.0,,,,,,
6340625,20210601,220115276,E.S.E. Centro de Salud - Floresta,1,INGRESOS,INGRESOS,No Aplica,No Aplica,No Aplica,No Aplica,No Aplica,No Aplica,No Aplica,No Aplica,No Aplica,,,,,,,,2021,Segundo Trimestre,,,308930613.0,NO APLICA,NO APLICA,NO APLICA,NO APLICA,NO APLICA,NO APLICA,NO APLICA,NO APLICA,NO APLICA,0.0,308930613.0,0.0,0.0,,,,,,
6347310,20220901,220115276,E.S.E. Centro de Salud - Floresta,1.1.02.06.006.06,OTRAS UNIDADES DE GOBIERNO,INGRESOS,INGRESOS CORRIENTES,INGRESOS NO TRIBUTARIOS,TRANSFERENCIAS CORRIENTES,TRANSFERENCIAS DE OTRAS ENTIDADES DEL GOBIERNO GENERAL,OTRAS UNIDADES DE GOBIERNO,No Aplica,No Aplica,No Aplica,No Aplica,,,,,,,,2022,Tercer Trimestre,,,81102502.0,NO APLICA,INGRESOS CORRIENTES DE LIBRE DESTINACION,NO APLICA,NO APLICA,NO APLICA,NO APLICA,NO APLICA,NO APLICA,NO APLICA,0.0,81102502.0,0.0,0.0,,,,,,
6350365,20230901,220115276,E.S.E. Centro de Salud - Floresta,1.1.02.06.006.06,OTRAS UNIDADES DE GOBIERNO,INGRESOS,INGRESOS CORRIENTES,INGRESOS NO TRIBUTARIOS,TRANSFERENCIAS CORRIENTES,TRANSFERENCIAS DE OTRAS ENTIDADES DEL GOBIERNO GENERAL,OTRAS UNIDADES DE GOBIERNO,No Aplica,No Aplica,No Aplica,No Aplica,,,,,,,,2023,Tercer Trimestre,,,45983847.0,NO APLICA,INGRESOS CORRIENTES DE DESTINACION ESPECIFICA POR ACTO ADMINISTRATIVO,NO APLICA,NO APLICA,NO APLICA,NO APLICA,NO APLICA,NO APLICA,NO APLICA,0.0,45983847.0,0.0,0.0,,,,,,
6352831,20230901,220115276,E.S.E. Centro de Salud - Floresta,1.2.05.02,DEPOSITOS,INGRESOS,RECURSOS DE CAPITAL,RENDIMIENTOS FINANCIEROS,DEPOSITOS,No Aplica,No Aplica,No Aplica,No Aplica,No Aplica,No Aplica,,,,,,,,2023,Tercer Trimestre,,,173388.0,NO APLICA,INGRESOS CORRIENTES DE LIBRE DESTINACION,NO APLICA,NO APLICA,NO APLICA,NO APLICA,NO APLICA,NO APLICA,NO APLICA,0.0,173388.0,0.0,0.0,,,,,,
6364672,20230301,220115276,E.S.E. Centro de Salud - Floresta,1.2,RECURSOS DE CAPITAL,INGRESOS,RECURSOS DE CAPITAL,No Aplica,No Aplica,No Aplica,No Aplica,No Aplica,No Aplica,No Aplica,No Aplica,,,,,,,,2023,Primer Trimestre,,,2378.0,NO APLICA,NO APLICA,NO APLICA,NO APLICA,NO APLICA,NO APLICA,NO APLICA,NO APLICA,NO APLICA,0.0,2378.0,0.0,0.0,,,,,,
6412498,20220901,220115276,E.S.E. Centro de Salud - Floresta,1.1.02,INGRESOS NO TRIBUTARIOS,INGRESOS,INGRESOS CORRIENTES,INGRESOS NO TRIBUTARIOS,No Aplica,No Aplica,No Aplica,No Aplica,No Aplica,No Aplica,No Aplica,,,,,,,,2022,Tercer Trimestre,,,608421341.0,NO APLICA,NO APLICA,NO APLICA,NO APLICA,NO APLICA,NO APLICA,NO APLICA,NO APLICA,NO APLICA,0.0,608421341.0,0.0,0.0,,,,,,
6425012,20220601,220115276,E.S.E. Centro de Salud - Floresta,1.1,INGRESOS CORRIENTES,INGRESOS,INGRESOS CORRIENTES,No Aplica,No Aplica,No Aplica,No Aplica,No Aplica,No Aplica,No Aplica,No Aplica,,,,,,,,2022,Segundo Trimestre,,,351076153.0,NO APLICA,NO APLICA,NO APLICA,NO APLICA,NO APLICA,NO APLICA,NO APLICA,NO APLICA,NO APLICA,0.0,351076153.0,0.0,0.0,,,,,,
6429850,20221201,220115276,E.S.E. Centro de Salud - Floresta,1.1.02.05.001.09,"SERVICIOS PARA LA COMUNIDAD, SOCIALES Y PERSONALES",INGRESOS,INGRESOS CORRIENTES,INGRESOS NO TRIBUTARIOS,VENTA DE BIENES Y SERVICIOS,VENTAS DE ESTABLECIMIENTOS DE MERCADO,"SERVICIOS PARA LA COMUNIDAD, SOCIALES Y PERSONALES",No Aplica,No Aplica,No Aplica,No Aplica,,,,,,,,2022,Cuarto Trimestre,,,794962303.0,SERVICIOS DE LA ADMINISTRACION PUBLICA RELACIONADOS CON LA SALUD,INGRESOS CORRIENTES DE LIBRE DESTINACION,NO APLICA,NO APLICA,NO APLICA,NO APLICA,NO APLICA,NO APLICA,NO APLICA,0.0,794962303.0,0.0,0.0,,,,,,
6430471,20210601,220115276,E.S.E. Centro de Salud - Floresta,1.1.02.06.008.01.13,RECURSOS MUNICIPALES PARA ASEGURAMIENTO,INGRESOS,INGRESOS CORRIENTES,INGRESOS NO TRIBUTARIOS,TRANSFERENCIAS CORRIENTES,DIFERENTES DE SUBVENCIONES,ACTIVIDADES DE ATENCION A LA SALUD HUMANA Y DE ASISTENCIA SOCIAL,RECURSOS MUNICIPALES PARA ASEGURAMIENTO,No Aplica,No Aplica,No Aplica,,,,,,,,2021,Segundo Trimestre,,,4920000.0,NO APLICA,1.2.1.0.00 - INGRESOS CORRIENTES DE LIBRE DESTINACION,NO APLICA,NO APLICA,NO APLICA,NO APLICA,NO APLICA,NO APLICA,NO APLICA,0.0,4920000.0,0.0,0.0,,,,,,
6437256,20210901,220115276,E.S.E. Centro de Salud - Floresta,1.2.06.01.001,BANCOS COMERCIALES,INGRESOS,RECURSOS DE CAPITAL,RECURSOS DE CREDITO EXTERNO,RECURSOS DE CONTRATOS DE EMPRESTITOS EXTERNOS,BANCOS COMERCIALES,No Aplica,No Aplica,No Aplica,No Aplica,No Aplica,,,,,,,,2021,Tercer Trimestre,,,17800.0,NO APLICA,1.2.1.0.00 - INGRESOS CORRIENTES DE LIBRE DESTINACION,NO APLICA,NO APLICA,NO APLICA,NO APLICA,NO APLICA,NO APLICA,NO APLICA,0.0,17800.0,0.0,0.0,,,,,,
6469590,20210601,220115276,E.S.E. Centro de Salud - Floresta,1.1.02.06.008,DIFERENTES DE SUBVENCIONES,INGRESOS,INGRESOS CORRIENTES,INGRESOS NO TRIBUTARIOS,TRANSFERENCIAS CORRIENTES,DIFERENTES DE SUBVENCIONES,No Aplica,No Aplica,No Aplica,No Aplica,No Aplica,,,,,,,,2021,Segundo Trimestre,,,4920000.0,NO APLICA,NO APLICA,NO APLICA,NO APLICA,NO APLICA,NO APLICA,NO APLICA,NO APLICA,NO APLICA,0.0,4920000.0,0.0,0.0,,,,,,
6485612,20220601,220115276,E.S.E. Centro de Salud - Floresta,1.2.09,RECUPERACION DE CARTERA - PRESTAMOS,INGRESOS,RECURSOS DE CAPITAL,RECUPERACION DE CARTERA - PRESTAMOS,No Aplica,No Aplica,No Aplica,No Aplica,No Aplica,No Aplica,No Aplica,,,,,,,,2022,Segundo Trimestre,,,2670315.0,NO APLICA,NO APLICA,NO APLICA,NO APLICA,NO APLICA,NO APLICA,NO APLICA,NO APLICA,NO APLICA,0.0,2670315.0,0.0,0.0,,,,,,
6486359,20210301,220115276,E.S.E. Centro de Salud - Floresta,1.2.06.01.001,BANCOS COMERCIALES,INGRESOS,RECURSOS DE CAPITAL,RECURSOS DE CREDITO EXTERNO,RECURSOS DE CONTRATOS DE EMPRESTITOS EXTERNOS,BANCOS COMERCIALES,No Aplica,No Aplica,No Aplica,No Aplica,No Aplica,,,,,,,,2021,Primer Trimestre,,,4583.0,NO APLICA,1.2.1.0.00 - INGRESOS CORRIENTES DE LIBRE DESTINACION,NO APLICA,NO APLICA,NO APLICA,NO APLICA,NO APLICA,NO APLICA,NO APLICA,0.0,4583.0,0.0,0.0,,,,,,
6495371,20220901,220115276,E.S.E. Centro de Salud - Floresta,1.2.09.04,DE OTRAS EMPRESAS,INGRESOS,RECURSOS DE CAPITAL,RECUPERACION DE CARTERA - PRESTAMOS,DE OTRAS EMPRESAS,No Aplica,No Aplica,No Aplica,No Aplica,No Aplica,No Aplica,,,,,,,,2022,Tercer Trimestre,,,2670315.0,NO APLICA,INGRESOS CORRIENTES DE LIBRE DESTINACION,NO APLICA,NO APLICA,NO APLICA,NO APLICA,NO APLICA,NO APLICA,NO APLICA,0.0,2670315.0,0.0,0.0,,,,,,
6505063,20211201,220115276,E.S.E. Centro de Salud - Floresta,1.2.06,RECURSOS DE CREDITO EXTERNO,INGRESOS,RECURSOS DE CAPITAL,RECURSOS DE CREDITO EXTERNO,No Aplica,No Aplica,No Aplica,No Aplica,No Aplica,No Aplica,No Aplica,,,,,,,,2021,Cuarto Trimestre,,,30500.0,NO APLICA,NO APLICA,NO APLICA,NO APLICA,NO APLICA,NO APLICA,NO APLICA,NO APLICA,NO APLICA,0.0,30500.0,0.0,0.0,,,,,,
6506386,20220901,220115276,E.S.E. Centro de Salud - Floresta,1.1.02.06.006,TRANSFERENCIAS DE OTRAS ENTIDADES DEL GOBIERNO GENERAL,INGRESOS,INGRESOS CORRIENTES,INGRESOS NO TRIBUTARIOS,TRANSFERENCIAS CORRIENTES,TRANSFERENCIAS DE OTRAS ENTIDADES DEL GOBIERNO GENERAL,No Aplica,No Aplica,No Aplica,No Aplica,No Aplica,,,,,,,,2022,Tercer Trimestre,,,81102502.0,NO APLICA,NO APLICA,NO APLICA,NO APLICA,NO APLICA,NO APLICA,NO APLICA,NO APLICA,NO APLICA,0.0,81102502.0,0.0,0.0,,,,,,
6508145,20210301,220115276,E.S.E. Centro de Salud - Floresta,1.1.02.05.001,VENTAS DE ESTABLECIMIENTOS DE MERCADO,INGRESOS,INGRESOS CORRIENTES,INGRESOS NO TRIBUTARIOS,VENTA DE BIENES Y SERVICIOS,VENTAS DE ESTABLECIMIENTOS DE MERCADO,No Aplica,No Aplica,No Aplica,No Aplica,No Aplica,,,,,,,,2021,Primer Trimestre,,,117075762.0,NO APLICA,NO APLICA,NO APLICA,NO APLICA,NO APLICA,NO APLICA,NO APLICA,NO APLICA,NO APLICA,0.0,117075762.0,0.0,0.0,,,,,,
6519985,20210901,220115276,E.S.E. Centro de Salud - Floresta,1.1.02.06.008.01,ACTIVIDADES DE ATENCION A LA SALUD HUMANA Y DE ASISTENCIA SOCIAL,INGRESOS,INGRESOS CORRIENTES,INGRESOS NO TRIBUTARIOS,TRANSFERENCIAS CORRIENTES,DIFERENTES DE SUBVENCIONES,ACTIVIDADES DE ATENCION A LA SALUD HUMANA Y DE ASISTENCIA SOCIAL,No Aplica,No Aplica,No Aplica,No Aplica,,,,,,,,2021,Tercer Trimestre,,,78067026.0,NO APLICA,NO APLICA,NO APLICA,NO APLICA,NO APLICA,NO APLICA,NO APLICA,NO APLICA,NO APLICA,0.0,78067026.0,0.0,0.0,,,,,,
6527262,20230901,220115276,E.S.E. Centro de Salud - Floresta,1,INGRESOS,INGRESOS,No Aplica,No Aplica,No Aplica,No Aplica,No Aplica,No Aplica,No Aplica,No Aplica,No Aplica,,,,,,,,2023,Tercer Trimestre,,,693831362.0,NO APLICA,NO APLICA,NO APLICA,NO APLICA,NO APLICA,NO APLICA,NO APLICA,NO APLICA,NO APLICA,0.0,693831362.0,0.0,0.0,,,,,,
6553745,20211201,220115276,E.S.E. Centro de Salud - Floresta,1.1,INGRESOS CORRIENTES,INGRESOS,INGRESOS CORRIENTES,No Aplica,No Aplica,No Aplica,No Aplica,No Aplica,No Aplica,No Aplica,No Aplica,,,,,,,,2021,Cuarto Trimestre,,,781312557.0,NO APLICA,NO APLICA,NO APLICA,NO APLICA,NO APLICA,NO APLICA,NO APLICA,NO APLICA,NO APLICA,0.0,781312557.0,0.0,0.0,,,,,,
6561616,20230301,220115276,E.S.E. Centro de Salud - Floresta,1.1.02.05.001,VENTAS DE ESTABLECIMIENTOS DE MERCADO,INGRESOS,INGRESOS CORRIENTES,INGRESOS NO TRIBUTARIOS,VENTA DE BIENES Y SERVICIOS,VENTAS DE ESTABLECIMIENTOS DE MERCADO,No Aplica,No Aplica,No Aplica,No Aplica,No Aplica,,,,,,,,2023,Primer Trimestre,,,173904866.0,NO APLICA,NO APLICA,NO APLICA,NO APLICA,NO APLICA,NO APLICA,NO APLICA,NO APLICA,NO APLICA,0.0,173904866.0,0.0,0.0,,,,,,
6566154,20220601,220115276,E.S.E. Centro de Salud - Floresta,1.2.09.04,DE OTRAS EMPRESAS,INGRESOS,RECURSOS DE CAPITAL,RECUPERACION DE CARTERA - PRESTAMOS,DE OTRAS EMPRESAS,No Aplica,No Aplica,No Aplica,No Aplica,No Aplica,No Aplica,,,,,,,,2022,Segundo Trimestre,,,2670315.0,NO APLICA,INGRESOS CORRIENTES DE LIBRE DESTINACION,NO APLICA,NO APLICA,NO APLICA,NO APLICA,NO APLICA,NO APLICA,NO APLICA,0.0,2670315.0,0.0,0.0,,,,,,
6579298,20230601,220115276,E.S.E. Centro de Salud - Floresta,1.1.02.05.001.09,"SERVICIOS PARA LA COMUNIDAD, SOCIALES Y PERSONALES",INGRESOS,INGRESOS CORRIENTES,INGRESOS NO TRIBUTARIOS,VENTA DE BIENES Y SERVICIOS,VENTAS DE ESTABLECIMIENTOS DE MERCADO,"SERVICIOS PARA LA COMUNIDAD, SOCIALES Y PERSONALES",No Aplica,No Aplica,No Aplica,No Aplica,,,,,,,,2023,Segundo Trimestre,,,191975161.0,OTROS SERVICIOS DIVERSOS N C P,INGRESOS CORRIENTES DE LIBRE DESTINACION,NO APLICA,NO APLICA,NO APLICA,NO APLICA,NO APLICA,NO APLICA,NO APLICA,0.0,191975161.0,0.0,0.0,,,,,,
6582721,20221201,220115276,E.S.E. Centro de Salud - Floresta,1.1.02,INGRESOS NO TRIBUTARIOS,INGRESOS,INGRESOS CORRIENTES,INGRESOS NO TRIBUTARIOS,No Aplica,No Aplica,No Aplica,No Aplica,No Aplica,No Aplica,No Aplica,,,,,,,,2022,Cuarto Trimestre,,,944149051.0,NO APLICA,NO APLICA,NO APLICA,NO APLICA,NO APLICA,NO APLICA,NO APLICA,NO APLICA,NO APLICA,0.0,944149051.0,0.0,0.0,,,,,,
6584130,20230901,220115276,E.S.E. Centro de Salud - Floresta,1.1.02.05.001.09,"SERVICIOS PARA LA COMUNIDAD, SOCIALES Y PERSONALES",INGRESOS,INGRESOS CORRIENTES,INGRESOS NO TRIBUTARIOS,VENTA DE BIENES Y SERVICIOS,VENTAS DE ESTABLECIMIENTOS DE MERCADO,"SERVICIOS PARA LA COMUNIDAD, SOCIALES Y PERSONALES",No Aplica,No Aplica,No Aplica,No Aplica,,,,,,,,2023,Tercer Trimestre,,,419696187.0,OTROS SERVICIOS DIVERSOS N C P,INGRESOS CORRIENTES DE LIBRE DESTINACION,NO APLICA,NO APLICA,NO APLICA,NO APLICA,FONDO DE BIENESTAR SOCIAL Y ESCUELA DE FORMACION DE ESTUDIOS FISCALES DE LA CONTRALORIA GENERAL DEL DEPARTAMENTO DEL MAGDALENA.,NO APLICA,NO APLICA,0.0,419696187.0,0.0,0.0,,,,,,
6595247,20221201,220115276,E.S.E. Centro de Salud - Floresta,1.2.09.04,DE OTRAS EMPRESAS,INGRESOS,RECURSOS DE CAPITAL,RECUPERACION DE CARTERA - PRESTAMOS,DE OTRAS EMPRESAS,No Aplica,No Aplica,No Aplica,No Aplica,No Aplica,No Aplica,,,,,,,,2022,Cuarto Trimestre,,,2670315.0,NO APLICA,INGRESOS CORRIENTES DE LIBRE DESTINACION,NO APLICA,NO APLICA,NO APLICA,NO APLICA,NO APLICA,NO APLICA,NO APLICA,0.0,2670315.0,0.0,0.0,,,,,,
6611341,20220901,220115276,E.S.E. Centro de Salud - Floresta,1.2.05,RENDIMIENTOS FINANCIEROS,INGRESOS,RECURSOS DE CAPITAL,RENDIMIENTOS FINANCIEROS,No Aplica,No Aplica,No Aplica,No Aplica,No Aplica,No Aplica,No Aplica,,,,,,,,2022,Tercer Trimestre,,,29849.0,NO APLICA,NO APLICA,NO APLICA,NO APLICA,NO APLICA,NO APLICA,NO APLICA,NO APLICA,NO APLICA,0.0,29849.0,0.0,0.0,,,,,,
6612020,20220901,220115276,E.S.E. Centro de Salud - Floresta,1.1.02.06,TRANSFERENCIAS CORRIENTES,INGRESOS,INGRESOS CORRIENTES,INGRESOS NO TRIBUTARIOS,TRANSFERENCIAS CORRIENTES,No Aplica,No Aplica,No Aplica,No Aplica,No Aplica,No Aplica,,,,,,,,2022,Tercer Trimestre,,,81102502.0,NO APLICA,NO APLICA,NO APLICA,NO APLICA,NO APLICA,NO APLICA,NO APLICA,NO APLICA,NO APLICA,0.0,81102502.0,0.0,0.0,,,,,,
6638453,20210601,220115276,E.S.E. Centro de Salud - Floresta,1.1,INGRESOS CORRIENTES,INGRESOS,INGRESOS CORRIENTES,No Aplica,No Aplica,No Aplica,No Aplica,No Aplica,No Aplica,No Aplica,No Aplica,,,,,,,,2021,Segundo Trimestre,,,234925906.0,NO APLICA,NO APLICA,NO APLICA,NO APLICA,NO APLICA,NO APLICA,NO APLICA,NO APLICA,NO APLICA,0.0,234925906.0,0.0,0.0,,,,,,
6650589,20230901,220115276,E.S.E. Centro de Salud - Floresta,1.1.02.06,TRANSFERENCIAS CORRIENTES,INGRESOS,INGRESOS CORRIENTES,INGRESOS NO TRIBUTARIOS,TRANSFERENCIAS CORRIENTES,No Aplica,No Aplica,No Aplica,No Aplica,No Aplica,No Aplica,,,,,,,,2023,Tercer Trimestre,,,45983847.0,NO APLICA,NO APLICA,NO APLICA,NO APLICA,NO APLICA,NO APLICA,NO APLICA,NO APLICA,NO APLICA,0.0,45983847.0,0.0,0.0,,,,,,
6654308,20210301,220115276,E.S.E. Centro de Salud - Floresta,1.1.02.05.001.09,"SERVICIOS PARA LA COMUNIDAD, SOCIALES Y PERSONALES",INGRESOS,INGRESOS CORRIENTES,INGRESOS NO TRIBUTARIOS,VENTA DE BIENES Y SERVICIOS,VENTAS DE ESTABLECIMIENTOS DE MERCADO,"SERVICIOS PARA LA COMUNIDAD, SOCIALES Y PERSONALES",No Aplica,No Aplica,No Aplica,No Aplica,,,,,,,,2021,Primer Trimestre,,,117075762.0,91122 - SERVICIOS DE LA ADMINISTRACIÓN PÚBLICA RELACIONADOS CON LA SALUD,1.2.1.0.00 - INGRESOS CORRIENTES DE LIBRE DESTINACION,NO APLICA,NO APLICA,NO APLICA,NO APLICA,NO APLICA,NO APLICA,NO APLICA,0.0,117075762.0,0.0,0.0,,,,,,
6660340,20220601,220115276,E.S.E. Centro de Salud - Floresta,1.0.02,BANCOS,INGRESOS,DISPONIBILIDAD INICIAL,BANCOS,No Aplica,No Aplica,No Aplica,No Aplica,No Aplica,No Aplica,No Aplica,,,,,,,,2022,Segundo Trimestre,,,108215254.0,NO APLICA,INGRESOS CORRIENTES DE LIBRE DESTINACION,NO APLICA,NO APLICA,NO APLICA,NO APLICA,NO APLICA,NO APLICA,NO APLICA,0.0,108215254.0,0.0,0.0,,,,,,
6693595,20210301,220115276,E.S.E. Centro de Salud - Floresta,1.2.06.01,RECURSOS DE CONTRATOS DE EMPRESTITOS EXTERNOS,INGRESOS,RECURSOS DE CAPITAL,RECURSOS DE CREDITO EXTERNO,RECURSOS DE CONTRATOS DE EMPRESTITOS EXTERNOS,No Aplica,No Aplica,No Aplica,No Aplica,No Aplica,No Aplica,,,,,,,,2021,Primer Trimestre,,,4583.0,NO APLICA,NO APLICA,NO APLICA,NO APLICA,NO APLICA,NO APLICA,NO APLICA,NO APLICA,NO APLICA,0.0,4583.0,0.0,0.0,,,,,,
6725017,20211201,220115276,E.S.E. Centro de Salud - Floresta,1.1.02.06,TRANSFERENCIAS CORRIENTES,INGRESOS,INGRESOS CORRIENTES,INGRESOS NO TRIBUTARIOS,TRANSFERENCIAS CORRIENTES,No Aplica,No Aplica,No Aplica,No Aplica,No Aplica,No Aplica,,,,,,,,2021,Cuarto Trimestre,,,310531032.0,NO APLICA,NO APLICA,NO APLICA,NO APLICA,NO APLICA,NO APLICA,NO APLICA,NO APLICA,NO APLICA,0.0,310531032.0,0.0,0.0,,,,,,
6728835,20210901,220115276,E.S.E. Centro de Salud - Floresta,1.1.02.06.007,SUBVENCIONES,INGRESOS,INGRESOS CORRIENTES,INGRESOS NO TRIBUTARIOS,TRANSFERENCIAS CORRIENTES,SUBVENCIONES,No Aplica,No Aplica,No Aplica,No Aplica,No Aplica,,,,,,,,2021,Tercer Trimestre,,,91468712.0,NO APLICA,NO APLICA,NO APLICA,NO APLICA,NO APLICA,NO APLICA,NO APLICA,NO APLICA,NO APLICA,0.0,91468712.0,0.0,0.0,,,,,,
6735014,20210901,220115276,E.S.E. Centro de Salud - Floresta,1.1.02.06.007.02.08,TRANSFERENCIAS PARA EMPRESAS SOCIALES DEL ESTADO,INGRESOS,INGRESOS CORRIENTES,INGRESOS NO TRIBUTARIOS,TRANSFERENCIAS CORRIENTES,SUBVENCIONES,EMPRESAS PUBLICAS NO FINANCIERAS,TRANSFERENCIAS PARA EMPRESAS SOCIALES DEL ESTADO,No Aplica,No Aplica,No Aplica,,,,,,,,2021,Tercer Trimestre,,,91468712.0,NO APLICA,1.2.1.0.00 - INGRESOS CORRIENTES DE LIBRE DESTINACION,NO APLICA,NO APLICA,NO APLICA,NO APLICA,NO APLICA,NO APLICA,NO APLICA,0.0,91468712.0,0.0,0.0,,,,,,
6751015,20220301,220115276,E.S.E. Centro de Salud - Floresta,1.2.05.02,DEPOSITOS,INGRESOS,RECURSOS DE CAPITAL,RENDIMIENTOS FINANCIEROS,DEPOSITOS,No Aplica,No Aplica,No Aplica,No Aplica,No Aplica,No Aplica,,,,,,,,2022,Primer Trimestre,,,10988.0,NO APLICA,INGRESOS CORRIENTES DE LIBRE DESTINACION,NO APLICA,NO APLICA,NO APLICA,NO APLICA,NO APLICA,NO APLICA,NO APLICA,0.0,10988.0,0.0,0.0,,,,,,
6768439,20220901,220115276,E.S.E. Centro de Salud - Floresta,1.2.05.02,DEPOSITOS,INGRESOS,RECURSOS DE CAPITAL,RENDIMIENTOS FINANCIEROS,DEPOSITOS,No Aplica,No Aplica,No Aplica,No Aplica,No Aplica,No Aplica,,,,,,,,2022,Tercer Trimestre,,,29849.0,NO APLICA,INGRESOS CORRIENTES DE LIBRE DESTINACION,NO APLICA,NO APLICA,NO APLICA,NO APLICA,NO APLICA,NO APLICA,NO APLICA,0.0,29849.0,0.0,0.0,,,,,,
6777396,20220901,220115276,E.S.E. Centro de Salud - Floresta,1.1.02.05,VENTA DE BIENES Y SERVICIOS,INGRESOS,INGRESOS CORRIENTES,INGRESOS NO TRIBUTARIOS,VENTA DE BIENES Y SERVICIOS,No Aplica,No Aplica,No Aplica,No Aplica,No Aplica,No Aplica,,,,,,,,2022,Tercer Trimestre,,,527318839.0,NO APLICA,NO APLICA,NO APLICA,NO APLICA,NO APLICA,NO APLICA,NO APLICA,NO APLICA,NO APLICA,0.0,527318839.0,0.0,0.0,,,,,,
6777421,20230601,220115276,E.S.E. Centro de Salud - Floresta,1.1.02.05.001.09,"SERVICIOS PARA LA COMUNIDAD, SOCIALES Y PERSONALES",INGRESOS,INGRESOS CORRIENTES,INGRESOS NO TRIBUTARIOS,VENTA DE BIENES Y SERVICIOS,VENTAS DE ESTABLECIMIENTOS DE MERCADO,"SERVICIOS PARA LA COMUNIDAD, SOCIALES Y PERSONALES",No Aplica,No Aplica,No Aplica,No Aplica,,,,,,,,2023,Segundo Trimestre,,,251255792.0,OTROS SERVICIOS DIVERSOS N C P,INGRESOS CORRIENTES DE LIBRE DESTINACION,NO APLICA,NO APLICA,NO APLICA,NO APLICA,FONDO DE BIENESTAR SOCIAL Y ESCUELA DE FORMACION DE ESTUDIOS FISCALES DE LA CONTRALORIA GENERAL DEL DEPARTAMENTO DEL MAGDALENA.,NO APLICA,NO APLICA,0.0,251255792.0,0.0,0.0,,,,,,
6798115,20211201,220115276,E.S.E. Centro de Salud - Floresta,1.2,RECURSOS DE CAPITAL,INGRESOS,RECURSOS DE CAPITAL,No Aplica,No Aplica,No Aplica,No Aplica,No Aplica,No Aplica,No Aplica,No Aplica,,,,,,,,2021,Cuarto Trimestre,,,30500.0,NO APLICA,NO APLICA,NO APLICA,NO APLICA,NO APLICA,NO APLICA,NO APLICA,NO APLICA,NO APLICA,0.0,30500.0,0.0,0.0,,,,,,
6799553,20211201,220115276,E.S.E. Centro de Salud - Floresta,1.0,DISPONIBILIDAD INICIAL,INGRESOS,DISPONIBILIDAD INICIAL,No Aplica,No Aplica,No Aplica,No Aplica,No Aplica,No Aplica,No Aplica,No Aplica,,,,,,,,2021,Cuarto Trimestre,,,73998835.0,NO APLICA,NO APLICA,NO APLICA,NO APLICA,NO APLICA,NO APLICA,NO APLICA,NO APLICA,NO APLICA,0.0,73998835.0,0.0,0.0,,,,,,
6806107,20230301,220115276,E.S.E. Centro de Salud - Floresta,1.2.05,RENDIMIENTOS FINANCIEROS,INGRESOS,RECURSOS DE CAPITAL,RENDIMIENTOS FINANCIEROS,No Aplica,No Aplica,No Aplica,No Aplica,No Aplica,No Aplica,No Aplica,,,,,,,,2023,Primer Trimestre,,,2378.0,NO APLICA,NO APLICA,NO APLICA,NO APLICA,NO APLICA,NO APLICA,NO APLICA,NO APLICA,NO APLICA,0.0,2378.0,0.0,0.0,,,,,,
6807155,20210301,220115276,E.S.E. Centro de Salud - Floresta,1.0,DISPONIBILIDAD INICIAL,INGRESOS,DISPONIBILIDAD INICIAL,No Aplica,No Aplica,No Aplica,No Aplica,No Aplica,No Aplica,No Aplica,No Aplica,,,,,,,,2021,Primer Trimestre,,,73998835.0,NO APLICA,NO APLICA,NO APLICA,NO APLICA,NO APLICA,NO APLICA,NO APLICA,NO APLICA,NO APLICA,0.0,73998835.0,0.0,0.0,,,,,,
6816313,20220301,220115276,E.S.E. Centro de Salud - Floresta,1.2,RECURSOS DE CAPITAL,INGRESOS,RECURSOS DE CAPITAL,No Aplica,No Aplica,No Aplica,No Aplica,No Aplica,No Aplica,No Aplica,No Aplica,,,,,,,,2022,Primer Trimestre,,,10988.0,NO APLICA,NO APLICA,NO APLICA,NO APLICA,NO APLICA,NO APLICA,NO APLICA,NO APLICA,NO APLICA,0.0,10988.0,0.0,0.0,,,,,,
6839175,20211201,220115276,E.S.E. Centro de Salud - Floresta,1.1.02,INGRESOS NO TRIBUTARIOS,INGRESOS,INGRESOS CORRIENTES,INGRESOS NO TRIBUTARIOS,No Aplica,No Aplica,No Aplica,No Aplica,No Aplica,No Aplica,No Aplica,,,,,,,,2021,Cuarto Trimestre,,,781312557.0,NO APLICA,NO APLICA,NO APLICA,NO APLICA,NO APLICA,NO APLICA,NO APLICA,NO APLICA,NO APLICA,0.0,781312557.0,0.0,0.0,,,,,,
6851769,20220901,220115276,E.S.E. Centro de Salud - Floresta,1.1.02.05.001,VENTAS DE ESTABLECIMIENTOS DE MERCADO,INGRESOS,INGRESOS CORRIENTES,INGRESOS NO TRIBUTARIOS,VENTA DE BIENES Y SERVICIOS,VENTAS DE ESTABLECIMIENTOS DE MERCADO,No Aplica,No Aplica,No Aplica,No Aplica,No Aplica,,,,,,,,2022,Tercer Trimestre,,,527318839.0,NO APLICA,NO APLICA,NO APLICA,NO APLICA,NO APLICA,NO APLICA,NO APLICA,NO APLICA,NO APLICA,0.0,527318839.0,0.0,0.0,,,,,,
6855647,20220601,220115276,E.S.E. Centro de Salud - Floresta,1.2,RECURSOS DE CAPITAL,INGRESOS,RECURSOS DE CAPITAL,No Aplica,No Aplica,No Aplica,No Aplica,No Aplica,No Aplica,No Aplica,No Aplica,,,,,,,,2022,Segundo Trimestre,,,2684756.0,NO APLICA,NO APLICA,NO APLICA,NO APLICA,NO APLICA,NO APLICA,NO APLICA,NO APLICA,NO APLICA,0.0,2684756.0,0.0,0.0,,,,,,
6880828,20210301,220115276,E.S.E. Centro de Salud - Floresta,1.0.01,CAJA,INGRESOS,DISPONIBILIDAD INICIAL,CAJA,No Aplica,No Aplica,No Aplica,No Aplica,No Aplica,No Aplica,No Aplica,,,,,,,,2021,Primer Trimestre,,,73998835.0,NO APLICA,1.2.1.0.00 - INGRESOS CORRIENTES DE LIBRE DESTINACION,NO APLICA,NO APLICA,NO APLICA,NO APLICA,NO APLICA,NO APLICA,NO APLICA,0.0,73998835.0,0.0,0.0,,,,,,
6886297,20210301,220115276,E.S.E. Centro de Salud - Floresta,1.2,RECURSOS DE CAPITAL,INGRESOS,RECURSOS DE CAPITAL,No Aplica,No Aplica,No Aplica,No Aplica,No Aplica,No Aplica,No Aplica,No Aplica,,,,,,,,2021,Primer Trimestre,,,4583.0,NO APLICA,NO APLICA,NO APLICA,NO APLICA,NO APLICA,NO APLICA,NO APLICA,NO APLICA,NO APLICA,0.0,4583.0,0.0,0.0,,,,,,
6892194,20210901,220115276,E.S.E. Centro de Salud - Floresta,1.2.06.01,RECURSOS DE CONTRATOS DE EMPRESTITOS EXTERNOS,INGRESOS,RECURSOS DE CAPITAL,RECURSOS DE CREDITO EXTERNO,RECURSOS DE CONTRATOS DE EMPRESTITOS EXTERNOS,No Aplica,No Aplica,No Aplica,No Aplica,No Aplica,No Aplica,,,,,,,,2021,Tercer Trimestre,,,17800.0,NO APLICA,NO APLICA,NO APLICA,NO APLICA,NO APLICA,NO APLICA,NO APLICA,NO APLICA,NO APLICA,0.0,17800.0,0.0,0.0,,,,,,
6894075,20210901,220115276,E.S.E. Centro de Salud - Floresta,1.0.01,CAJA,INGRESOS,DISPONIBILIDAD INICIAL,CAJA,No Aplica,No Aplica,No Aplica,No Aplica,No Aplica,No Aplica,No Aplica,,,,,,,,2021,Tercer Trimestre,,,73998835.0,NO APLICA,1.2.1.0.00 - INGRESOS CORRIENTES DE LIBRE DESTINACION,NO APLICA,NO APLICA,NO APLICA,NO APLICA,NO APLICA,NO APLICA,NO APLICA,0.0,73998835.0,0.0,0.0,,,,,,
6894579,20230601,220115276,E.S.E. Centro de Salud - Floresta,1.1,INGRESOS CORRIENTES,INGRESOS,INGRESOS CORRIENTES,No Aplica,No Aplica,No Aplica,No Aplica,No Aplica,No Aplica,No Aplica,No Aplica,,,,,,,,2023,Segundo Trimestre,,,489214800.0,NO APLICA,NO APLICA,NO APLICA,NO APLICA,NO APLICA,NO APLICA,NO APLICA,NO APLICA,NO APLICA,0.0,489214800.0,0.0,0.0,,,,,,
6901425,20221201,220115276,E.S.E. Centro de Salud - Floresta,1.2.05,RENDIMIENTOS FINANCIEROS,INGRESOS,RECURSOS DE CAPITAL,RENDIMIENTOS FINANCIEROS,No Aplica,No Aplica,No Aplica,No Aplica,No Aplica,No Aplica,No Aplica,,,,,,,,2022,Cuarto Trimestre,,,46278.0,NO APLICA,NO APLICA,NO APLICA,NO APLICA,NO APLICA,NO APLICA,NO APLICA,NO APLICA,NO APLICA,0.0,46278.0,0.0,0.0,,,,,,
6913521,20210901,220115276,E.S.E. Centro de Salud - Floresta,1.1,INGRESOS CORRIENTES,INGRESOS,INGRESOS CORRIENTES,No Aplica,No Aplica,No Aplica,No Aplica,No Aplica,No Aplica,No Aplica,No Aplica,,,,,,,,2021,Tercer Trimestre,,,472744896.0,NO APLICA,NO APLICA,NO APLICA,NO APLICA,NO APLICA,NO APLICA,NO APLICA,NO APLICA,NO APLICA,0.0,472744896.0,0.0,0.0,,,,,,
6934276,20210901,220115276,E.S.E. Centro de Salud - Floresta,1.0,DISPONIBILIDAD INICIAL,INGRESOS,DISPONIBILIDAD INICIAL,No Aplica,No Aplica,No Aplica,No Aplica,No Aplica,No Aplica,No Aplica,No Aplica,,,,,,,,2021,Tercer Trimestre,,,73998835.0,NO APLICA,NO APLICA,NO APLICA,NO APLICA,NO APLICA,NO APLICA,NO APLICA,NO APLICA,NO APLICA,0.0,73998835.0,0.0,0.0,,,,,,
6935842,20220901,220115276,E.S.E. Centro de Salud - Floresta,1.0.02,BANCOS,INGRESOS,DISPONIBILIDAD INICIAL,BANCOS,No Aplica,No Aplica,No Aplica,No Aplica,No Aplica,No Aplica,No Aplica,,,,,,,,2022,Tercer Trimestre,,,108215254.0,NO APLICA,INGRESOS CORRIENTES DE LIBRE DESTINACION,NO APLICA,NO APLICA,NO APLICA,NO APLICA,NO APLICA,NO APLICA,NO APLICA,0.0,108215254.0,0.0,0.0,,,,,,
6939824,20220301,220115276,E.S.E. Centro de Salud - Floresta,1.1.02.05,VENTA DE BIENES Y SERVICIOS,INGRESOS,INGRESOS CORRIENTES,INGRESOS NO TRIBUTARIOS,VENTA DE BIENES Y SERVICIOS,No Aplica,No Aplica,No Aplica,No Aplica,No Aplica,No Aplica,,,,,,,,2022,Primer Trimestre,,,184284251.0,NO APLICA,NO APLICA,NO APLICA,NO APLICA,NO APLICA,NO APLICA,NO APLICA,NO APLICA,NO APLICA,0.0,184284251.0,0.0,0.0,,,,,,
6943928,20210601,220115276,E.S.E. Centro de Salud - Floresta,1.0.01,CAJA,INGRESOS,DISPONIBILIDAD INICIAL,CAJA,No Aplica,No Aplica,No Aplica,No Aplica,No Aplica,No Aplica,No Aplica,,,,,,,,2021,Segundo Trimestre,,,73998835.0,NO APLICA,1.2.1.0.00 - INGRESOS CORRIENTES DE LIBRE DESTINACION,NO APLICA,NO APLICA,NO APLICA,NO APLICA,NO APLICA,NO APLICA,NO APLICA,0.0,73998835.0,0.0,0.0,,,,,,
6957895,20210301,220115276,E.S.E. Centro de Salud - Floresta,1,INGRESOS,INGRESOS,No Aplica,No Aplica,No Aplica,No Aplica,No Aplica,No Aplica,No Aplica,No Aplica,No Aplica,,,,,,,,2021,Primer Trimestre,,,191079180.0,NO APLICA,NO APLICA,NO APLICA,NO APLICA,NO APLICA,NO APLICA,NO APLICA,NO APLICA,NO APLICA,0.0,191079180.0,0.0,0.0,,,,,,
6968345,20210901,220115276,E.S.E. Centro de Salud - Floresta,1.1.02.05.001,VENTAS DE ESTABLECIMIENTOS DE MERCADO,INGRESOS,INGRESOS CORRIENTES,INGRESOS NO TRIBUTARIOS,VENTA DE BIENES Y SERVICIOS,VENTAS DE ESTABLECIMIENTOS DE MERCADO,No Aplica,No Aplica,No Aplica,No Aplica,No Aplica,,,,,,,,2021,Tercer Trimestre,,,303209158.0,NO APLICA,NO APLICA,NO APLICA,NO APLICA,NO APLICA,NO APLICA,NO APLICA,NO APLICA,NO APLICA,0.0,303209158.0,0.0,0.0,,,,,,
6972954,20210301,220115276,E.S.E. Centro de Salud - Floresta,1.2.06,RECURSOS DE CREDITO EXTERNO,INGRESOS,RECURSOS DE CAPITAL,RECURSOS DE CREDITO EXTERNO,No Aplica,No Aplica,No Aplica,No Aplica,No Aplica,No Aplica,No Aplica,,,,,,,,2021,Primer Trimestre,,,4583.0,NO APLICA,NO APLICA,NO APLICA,NO APLICA,NO APLICA,NO APLICA,NO APLICA,NO APLICA,NO APLICA,0.0,4583.0,0.0,0.0,,,,,,
6980632,20210601,220115276,E.S.E. Centro de Salud - Floresta,1.2.06,RECURSOS DE CREDITO EXTERNO,INGRESOS,RECURSOS DE CAPITAL,RECURSOS DE CREDITO EXTERNO,No Aplica,No Aplica,No Aplica,No Aplica,No Aplica,No Aplica,No Aplica,,,,,,,,2021,Segundo Trimestre,,,5872.0,NO APLICA,NO APLICA,NO APLICA,NO APLICA,NO APLICA,NO APLICA,NO APLICA,NO APLICA,NO APLICA,0.0,5872.0,0.0,0.0,,,,,,
6986933,20221201,220115276,E.S.E. Centro de Salud - Floresta,1.2.09,RECUPERACION DE CARTERA - PRESTAMOS,INGRESOS,RECURSOS DE CAPITAL,RECUPERACION DE CARTERA - PRESTAMOS,No Aplica,No Aplica,No Aplica,No Aplica,No Aplica,No Aplica,No Aplica,,,,,,,,2022,Cuarto Trimestre,,,2670315.0,NO APLICA,NO APLICA,NO APLICA,NO APLICA,NO APLICA,NO APLICA,NO APLICA,NO APLICA,NO APLICA,0.0,2670315.0,0.0,0.0,,,,,,
7001699,20211201,220115276,E.S.E. Centro de Salud - Floresta,1,INGRESOS,INGRESOS,No Aplica,No Aplica,No Aplica,No Aplica,No Aplica,No Aplica,No Aplica,No Aplica,No Aplica,,,,,,,,2021,Cuarto Trimestre,,,855341892.0,NO APLICA,NO APLICA,NO APLICA,NO APLICA,NO APLICA,NO APLICA,NO APLICA,NO APLICA,NO APLICA,0.0,855341892.0,0.0,0.0,,,,,,
7011314,20230601,220115276,E.S.E. Centro de Salud - Floresta,1,INGRESOS,INGRESOS,No Aplica,No Aplica,No Aplica,No Aplica,No Aplica,No Aplica,No Aplica,No Aplica,No Aplica,,,,,,,,2023,Segundo Trimestre,,,489374302.0,NO APLICA,NO APLICA,NO APLICA,NO APLICA,NO APLICA,NO APLICA,NO APLICA,NO APLICA,NO APLICA,0.0,489374302.0,0.0,0.0,,,,,,
7023843,20221201,220115276,E.S.E. Centro de Salud - Floresta,1.1.02.05,VENTA DE BIENES Y SERVICIOS,INGRESOS,INGRESOS CORRIENTES,INGRESOS NO TRIBUTARIOS,VENTA DE BIENES Y SERVICIOS,No Aplica,No Aplica,No Aplica,No Aplica,No Aplica,No Aplica,,,,,,,,2022,Cuarto Trimestre,,,794962303.0,NO APLICA,NO APLICA,NO APLICA,NO APLICA,NO APLICA,NO APLICA,NO APLICA,NO APLICA,NO APLICA,0.0,794962303.0,0.0,0.0,,,,,,
7026883,20220301,220115276,E.S.E. Centro de Salud - Floresta,1.1.02.06.006,TRANSFERENCIAS DE OTRAS ENTIDADES DEL GOBIERNO GENERAL,INGRESOS,INGRESOS CORRIENTES,INGRESOS NO TRIBUTARIOS,TRANSFERENCIAS CORRIENTES,TRANSFERENCIAS DE OTRAS ENTIDADES DEL GOBIERNO GENERAL,No Aplica,No Aplica,No Aplica,No Aplica,No Aplica,,,,,,,,2022,Primer Trimestre,,,13018255.0,NO APLICA,NO APLICA,NO APLICA,NO APLICA,NO APLICA,NO APLICA,NO APLICA,NO APLICA,NO APLICA,0.0,13018255.0,0.0,0.0,,,,,,
7046569,20210901,220115276,E.S.E. Centro de Salud - Floresta,1.1.02.06.008,DIFERENTES DE SUBVENCIONES,INGRESOS,INGRESOS CORRIENTES,INGRESOS NO TRIBUTARIOS,TRANSFERENCIAS CORRIENTES,DIFERENTES DE SUBVENCIONES,No Aplica,No Aplica,No Aplica,No Aplica,No Aplica,,,,,,,,2021,Tercer Trimestre,,,78067026.0,NO APLICA,NO APLICA,NO APLICA,NO APLICA,NO APLICA,NO APLICA,NO APLICA,NO APLICA,NO APLICA,0.0,78067026.0,0.0,0.0,,,,,,
7052312,20230601,220115276,E.S.E. Centro de Salud - Floresta,1.1.02.06.006,TRANSFERENCIAS DE OTRAS ENTIDADES DEL GOBIERNO GENERAL,INGRESOS,INGRESOS CORRIENTES,INGRESOS NO TRIBUTARIOS,TRANSFERENCIAS CORRIENTES,TRANSFERENCIAS DE OTRAS ENTIDADES DEL GOBIERNO GENERAL,No Aplica,No Aplica,No Aplica,No Aplica,No Aplica,,,,,,,,2023,Segundo Trimestre,,,45983847.0,NO APLICA,NO APLICA,NO APLICA,NO APLICA,NO APLICA,NO APLICA,NO APLICA,NO APLICA,NO APLICA,0.0,45983847.0,0.0,0.0,,,,,,
7053386,20210901,220115276,E.S.E. Centro de Salud - Floresta,1.1.02.05,VENTA DE BIENES Y SERVICIOS,INGRESOS,INGRESOS CORRIENTES,INGRESOS NO TRIBUTARIOS,VENTA DE BIENES Y SERVICIOS,No Aplica,No Aplica,No Aplica,No Aplica,No Aplica,No Aplica,,,,,,,,2021,Tercer Trimestre,,,303209158.0,NO APLICA,NO APLICA,NO APLICA,NO APLICA,NO APLICA,NO APLICA,NO APLICA,NO APLICA,NO APLICA,0.0,303209158.0,0.0,0.0,,,,,,
7066240,20230901,220115276,E.S.E. Centro de Salud - Floresta,1.1.02.05.001.09,"SERVICIOS PARA LA COMUNIDAD, SOCIALES Y PERSONALES",INGRESOS,INGRESOS CORRIENTES,INGRESOS NO TRIBUTARIOS,VENTA DE BIENES Y SERVICIOS,VENTAS DE ESTABLECIMIENTOS DE MERCADO,"SERVICIOS PARA LA COMUNIDAD, SOCIALES Y PERSONALES",No Aplica,No Aplica,No Aplica,No Aplica,,,,,,,,2023,Tercer Trimestre,,,227977940.0,OTROS SERVICIOS DIVERSOS N C P,INGRESOS CORRIENTES DE LIBRE DESTINACION,NO APLICA,NO APLICA,NO APLICA,NO APLICA,NO APLICA,NO APLICA,NO APLICA,0.0,227977940.0,0.0,0.0,,,,,,
7101489,20220301,220115276,E.S.E. Centro de Salud - Floresta,1.1.02.05.001,VENTAS DE ESTABLECIMIENTOS DE MERCADO,INGRESOS,INGRESOS CORRIENTES,INGRESOS NO TRIBUTARIOS,VENTA DE BIENES Y SERVICIOS,VENTAS DE ESTABLECIMIENTOS DE MERCADO,No Aplica,No Aplica,No Aplica,No Aplica,No Aplica,,,,,,,,2022,Primer Trimestre,,,184284251.0,NO APLICA,NO APLICA,NO APLICA,NO APLICA,NO APLICA,NO APLICA,NO APLICA,NO APLICA,NO APLICA,0.0,184284251.0,0.0,0.0,,,,,,
7128982,20230901,220115276,E.S.E. Centro de Salud - Floresta,1.1.02.05.001,VENTAS DE ESTABLECIMIENTOS DE MERCADO,INGRESOS,INGRESOS CORRIENTES,INGRESOS NO TRIBUTARIOS,VENTA DE BIENES Y SERVICIOS,VENTAS DE ESTABLECIMIENTOS DE MERCADO,No Aplica,No Aplica,No Aplica,No Aplica,No Aplica,,,,,,,,2023,Tercer Trimestre,,,647674127.0,NO APLICA,NO APLICA,NO APLICA,NO APLICA,NO APLICA,NO APLICA,NO APLICA,NO APLICA,NO APLICA,0.0,647674127.0,0.0,0.0,,,,,,
7131105,20230601,220115276,E.S.E. Centro de Salud - Floresta,1.2,RECURSOS DE CAPITAL,INGRESOS,RECURSOS DE CAPITAL,No Aplica,No Aplica,No Aplica,No Aplica,No Aplica,No Aplica,No Aplica,No Aplica,,,,,,,,2023,Segundo Trimestre,,,159502.0,NO APLICA,NO APLICA,NO APLICA,NO APLICA,NO APLICA,NO APLICA,NO APLICA,NO APLICA,NO APLICA,0.0,159502.0,0.0,0.0,,,,,,
7148568,20230301,220115276,E.S.E. Centro de Salud - Floresta,1.2.05.02,DEPOSITOS,INGRESOS,RECURSOS DE CAPITAL,RENDIMIENTOS FINANCIEROS,DEPOSITOS,No Aplica,No Aplica,No Aplica,No Aplica,No Aplica,No Aplica,,,,,,,,2023,Primer Trimestre,,,2378.0,NO APLICA,INGRESOS CORRIENTES DE LIBRE DESTINACION,NO APLICA,NO APLICA,NO APLICA,NO APLICA,NO APLICA,NO APLICA,NO APLICA,0.0,2378.0,0.0,0.0,,,,,,
7150715,20220301,220115276,E.S.E. Centro de Salud - Floresta,1.1.02.06,TRANSFERENCIAS CORRIENTES,INGRESOS,INGRESOS CORRIENTES,INGRESOS NO TRIBUTARIOS,TRANSFERENCIAS CORRIENTES,No Aplica,No Aplica,No Aplica,No Aplica,No Aplica,No Aplica,,,,,,,,2022,Primer Trimestre,,,13018255.0,NO APLICA,NO APLICA,NO APLICA,NO APLICA,NO APLICA,NO APLICA,NO APLICA,NO APLICA,NO APLICA,0.0,13018255.0,0.0,0.0,,,,,,
7152309,20220301,220115276,E.S.E. Centro de Salud - Floresta,1.1.02,INGRESOS NO TRIBUTARIOS,INGRESOS,INGRESOS CORRIENTES,INGRESOS NO TRIBUTARIOS,No Aplica,No Aplica,No Aplica,No Aplica,No Aplica,No Aplica,No Aplica,,,,,,,,2022,Primer Trimestre,,,197302506.0,NO APLICA,NO APLICA,NO APLICA,NO APLICA,NO APLICA,NO APLICA,NO APLICA,NO APLICA,NO APLICA,0.0,197302506.0,0.0,0.0,,,,,,
7164051,20211201,220115276,E.S.E. Centro de Salud - Floresta,1.1.02.05.001.09,"SERVICIOS PARA LA COMUNIDAD, SOCIALES Y PERSONALES",INGRESOS,INGRESOS CORRIENTES,INGRESOS NO TRIBUTARIOS,VENTA DE BIENES Y SERVICIOS,VENTAS DE ESTABLECIMIENTOS DE MERCADO,"SERVICIOS PARA LA COMUNIDAD, SOCIALES Y PERSONALES",No Aplica,No Aplica,No Aplica,No Aplica,,,,,,,,2021,Cuarto Trimestre,,,470781525.0,SERVICIOS DE LA ADMINISTRACION PUBLICA RELACIONADOS CON LA SALUD,INGRESOS CORRIENTES DE LIBRE DESTINACION,NO APLICA,NO APLICA,NO APLICA,NO APLICA,NO APLICA,NO APLICA,NO APLICA,0.0,470781525.0,0.0,0.0,,,,,,
7181830,20230301,220115276,E.S.E. Centro de Salud - Floresta,1.1.02.05.001.09,"SERVICIOS PARA LA COMUNIDAD, SOCIALES Y PERSONALES",INGRESOS,INGRESOS CORRIENTES,INGRESOS NO TRIBUTARIOS,VENTA DE BIENES Y SERVICIOS,VENTAS DE ESTABLECIMIENTOS DE MERCADO,"SERVICIOS PARA LA COMUNIDAD, SOCIALES Y PERSONALES",No Aplica,No Aplica,No Aplica,No Aplica,,,,,,,,2023,Primer Trimestre,,,131898758.0,SERVICIOS DE LA ADMINISTRACION PUBLICA RELACIONADOS CON LA SALUD,INGRESOS CORRIENTES DE LIBRE DESTINACION,NO APLICA,NO APLICA,NO APLICA,NO APLICA,FONDO DE BIENESTAR SOCIAL Y ESCUELA DE FORMACION DE ESTUDIOS FISCALES DE LA CONTRALORIA GENERAL DEL DEPARTAMENTO DEL MAGDALENA.,NO APLICA,NO APLICA,0.0,131898758.0,0.0,0.0,,,,,,
7182392,20221201,220115276,E.S.E. Centro de Salud - Floresta,1,INGRESOS,INGRESOS,No Aplica,No Aplica,No Aplica,No Aplica,No Aplica,No Aplica,No Aplica,No Aplica,No Aplica,,,,,,,,2022,Cuarto Trimestre,,,1055080898.0,NO APLICA,NO APLICA,NO APLICA,NO APLICA,NO APLICA,NO APLICA,NO APLICA,NO APLICA,NO APLICA,0.0,1055080898.0,0.0,0.0,,,,,,
7185409,20221201,220115276,E.S.E. Centro de Salud - Floresta,1.1,INGRESOS CORRIENTES,INGRESOS,INGRESOS CORRIENTES,No Aplica,No Aplica,No Aplica,No Aplica,No Aplica,No Aplica,No Aplica,No Aplica,,,,,,,,2022,Cuarto Trimestre,,,944149051.0,NO APLICA,NO APLICA,NO APLICA,NO APLICA,NO APLICA,NO APLICA,NO APLICA,NO APLICA,NO APLICA,0.0,944149051.0,0.0,0.0,,,,,,
7202282,20210901,220115276,E.S.E. Centro de Salud - Floresta,1.1.02.05.001.09,"SERVICIOS PARA LA COMUNIDAD, SOCIALES Y PERSONALES",INGRESOS,INGRESOS CORRIENTES,INGRESOS NO TRIBUTARIOS,VENTA DE BIENES Y SERVICIOS,VENTAS DE ESTABLECIMIENTOS DE MERCADO,"SERVICIOS PARA LA COMUNIDAD, SOCIALES Y PERSONALES",No Aplica,No Aplica,No Aplica,No Aplica,,,,,,,,2021,Tercer Trimestre,,,303209158.0,91122 - SERVICIOS DE LA ADMINISTRACIÓN PÚBLICA RELACIONADOS CON LA SALUD,1.2.1.0.00 - INGRESOS CORRIENTES DE LIBRE DESTINACION,NO APLICA,NO APLICA,NO APLICA,NO APLICA,NO APLICA,NO APLICA,NO APLICA,0.0,303209158.0,0.0,0.0,,,,,,
7208208,20220301,220115276,E.S.E. Centro de Salud - Floresta,1.0.02,BANCOS,INGRESOS,DISPONIBILIDAD INICIAL,BANCOS,No Aplica,No Aplica,No Aplica,No Aplica,No Aplica,No Aplica,No Aplica,,,,,,,,2022,Primer Trimestre,,,108215254.0,NO APLICA,INGRESOS CORRIENTES DE LIBRE DESTINACION,NO APLICA,NO APLICA,NO APLICA,NO APLICA,NO APLICA,NO APLICA,NO APLICA,0.0,108215254.0,0.0,0.0,,,,,,
7244661,20210601,220115276,E.S.E. Centro de Salud - Floresta,1.1.02.05,VENTA DE BIENES Y SERVICIOS,INGRESOS,INGRESOS CORRIENTES,INGRESOS NO TRIBUTARIOS,VENTA DE BIENES Y SERVICIOS,No Aplica,No Aplica,No Aplica,No Aplica,No Aplica,No Aplica,,,,,,,,2021,Segundo Trimestre,,,230005906.0,NO APLICA,NO APLICA,NO APLICA,NO APLICA,NO APLICA,NO APLICA,NO APLICA,NO APLICA,NO APLICA,0.0,230005906.0,0.0,0.0,,,,,,
7256836,20230601,220115276,E.S.E. Centro de Salud - Floresta,1.1.02.06.006.06,OTRAS UNIDADES DE GOBIERNO,INGRESOS,INGRESOS CORRIENTES,INGRESOS NO TRIBUTARIOS,TRANSFERENCIAS CORRIENTES,TRANSFERENCIAS DE OTRAS ENTIDADES DEL GOBIERNO GENERAL,OTRAS UNIDADES DE GOBIERNO,No Aplica,No Aplica,No Aplica,No Aplica,,,,,,,,2023,Segundo Trimestre,,,45983847.0,NO APLICA,INGRESOS CORRIENTES DE DESTINACION ESPECIFICA POR ACTO ADMINISTRATIVO,NO APLICA,NO APLICA,NO APLICA,NO APLICA,NO APLICA,NO APLICA,NO APLICA,0.0,45983847.0,0.0,0.0,,,,,,
7266478,20211201,220115276,E.S.E. Centro de Salud - Floresta,1.2.06.01.001,BANCOS COMERCIALES,INGRESOS,RECURSOS DE CAPITAL,RECURSOS DE CREDITO EXTERNO,RECURSOS DE CONTRATOS DE EMPRESTITOS EXTERNOS,BANCOS COMERCIALES,No Aplica,No Aplica,No Aplica,No Aplica,No Aplica,,,,,,,,2021,Cuarto Trimestre,,,30500.0,NO APLICA,INGRESOS CORRIENTES DE LIBRE DESTINACION,NO APLICA,NO APLICA,NO APLICA,NO APLICA,NO APLICA,NO APLICA,NO APLICA,0.0,30500.0,0.0,0.0,,,,,,
7283564,20220901,220115276,E.S.E. Centro de Salud - Floresta,1,INGRESOS,INGRESOS,No Aplica,No Aplica,No Aplica,No Aplica,No Aplica,No Aplica,No Aplica,No Aplica,No Aplica,,,,,,,,2022,Tercer Trimestre,,,719336759.0,NO APLICA,NO APLICA,NO APLICA,NO APLICA,NO APLICA,NO APLICA,NO APLICA,NO APLICA,NO APLICA,0.0,719336759.0,0.0,0.0,,,,,,
7285941,20211201,220115276,E.S.E. Centro de Salud - Floresta,1.1.02.06.008,DIFERENTES DE SUBVENCIONES,INGRESOS,INGRESOS CORRIENTES,INGRESOS NO TRIBUTARIOS,TRANSFERENCIAS CORRIENTES,DIFERENTES DE SUBVENCIONES,No Aplica,No Aplica,No Aplica,No Aplica,No Aplica,,,,,,,,2021,Cuarto Trimestre,,,192928403.0,NO APLICA,NO APLICA,NO APLICA,NO APLICA,NO APLICA,NO APLICA,NO APLICA,NO APLICA,NO APLICA,0.0,192928403.0,0.0,0.0,,,,,,
7298589,20211201,220115276,E.S.E. Centro de Salud - Floresta,1.1.02.06.007,SUBVENCIONES,INGRESOS,INGRESOS CORRIENTES,INGRESOS NO TRIBUTARIOS,TRANSFERENCIAS CORRIENTES,SUBVENCIONES,No Aplica,No Aplica,No Aplica,No Aplica,No Aplica,,,,,,,,2021,Cuarto Trimestre,,,117602629.0,NO APLICA,NO APLICA,NO APLICA,NO APLICA,NO APLICA,NO APLICA,NO APLICA,NO APLICA,NO APLICA,0.0,117602629.0,0.0,0.0,,,,,,
7308777,20230301,220115276,E.S.E. Centro de Salud - Floresta,1.1.02.05.001.09,"SERVICIOS PARA LA COMUNIDAD, SOCIALES Y PERSONALES",INGRESOS,INGRESOS CORRIENTES,INGRESOS NO TRIBUTARIOS,VENTA DE BIENES Y SERVICIOS,VENTAS DE ESTABLECIMIENTOS DE MERCADO,"SERVICIOS PARA LA COMUNIDAD, SOCIALES Y PERSONALES",No Aplica,No Aplica,No Aplica,No Aplica,,,,,,,,2023,Primer Trimestre,,,42006108.0,SERVICIOS DE LA ADMINISTRACION PUBLICA RELACIONADOS CON LA SALUD,INGRESOS CORRIENTES DE LIBRE DESTINACION,NO APLICA,NO APLICA,NO APLICA,NO APLICA,NO APLICA,NO APLICA,NO APLICA,0.0,42006108.0,0.0,0.0,,,,,,
7313232,20220301,220115276,E.S.E. Centro de Salud - Floresta,1.1,INGRESOS CORRIENTES,INGRESOS,INGRESOS CORRIENTES,No Aplica,No Aplica,No Aplica,No Aplica,No Aplica,No Aplica,No Aplica,No Aplica,,,,,,,,2022,Primer Trimestre,,,197302506.0,NO APLICA,NO APLICA,NO APLICA,NO APLICA,NO APLICA,NO APLICA,NO APLICA,NO APLICA,NO APLICA,0.0,197302506.0,0.0,0.0,,,,,,
7314464,20221201,220115276,E.S.E. Centro de Salud - Floresta,1.1.02.06,TRANSFERENCIAS CORRIENTES,INGRESOS,INGRESOS CORRIENTES,INGRESOS NO TRIBUTARIOS,TRANSFERENCIAS CORRIENTES,No Aplica,No Aplica,No Aplica,No Aplica,No Aplica,No Aplica,,,,,,,,2022,Cuarto Trimestre,,,149186748.0,NO APLICA,NO APLICA,NO APLICA,NO APLICA,NO APLICA,NO APLICA,NO APLICA,NO APLICA,NO APLICA,0.0,149186748.0,0.0,0.0,,,,,,
7320719,20210601,220115276,E.S.E. Centro de Salud - Floresta,1.1.02.05.001,VENTAS DE ESTABLECIMIENTOS DE MERCADO,INGRESOS,INGRESOS CORRIENTES,INGRESOS NO TRIBUTARIOS,VENTA DE BIENES Y SERVICIOS,VENTAS DE ESTABLECIMIENTOS DE MERCADO,No Aplica,No Aplica,No Aplica,No Aplica,No Aplica,,,,,,,,2021,Segundo Trimestre,,,230005906.0,NO APLICA,NO APLICA,NO APLICA,NO APLICA,NO APLICA,NO APLICA,NO APLICA,NO APLICA,NO APLICA,0.0,230005906.0,0.0,0.0,,,,,,
7327270,20220601,220115276,E.S.E. Centro de Salud - Floresta,1.2.05.02,DEPOSITOS,INGRESOS,RECURSOS DE CAPITAL,RENDIMIENTOS FINANCIEROS,DEPOSITOS,No Aplica,No Aplica,No Aplica,No Aplica,No Aplica,No Aplica,,,,,,,,2022,Segundo Trimestre,,,14441.0,NO APLICA,INGRESOS CORRIENTES DE LIBRE DESTINACION,NO APLICA,NO APLICA,NO APLICA,NO APLICA,NO APLICA,NO APLICA,NO APLICA,0.0,14441.0,0.0,0.0,,,,,,
7336483,20221201,220115276,E.S.E. Centro de Salud - Floresta,1.1.02.06.006.06,OTRAS UNIDADES DE GOBIERNO,INGRESOS,INGRESOS CORRIENTES,INGRESOS NO TRIBUTARIOS,TRANSFERENCIAS CORRIENTES,TRANSFERENCIAS DE OTRAS ENTIDADES DEL GOBIERNO GENERAL,OTRAS UNIDADES DE GOBIERNO,No Aplica,No Aplica,No Aplica,No Aplica,,,,,,,,2022,Cuarto Trimestre,,,149186748.0,NO APLICA,INGRESOS CORRIENTES DE LIBRE DESTINACION,NO APLICA,NO APLICA,NO APLICA,NO APLICA,NO APLICA,NO APLICA,NO APLICA,0.0,149186748.0,0.0,0.0,,,,,,
7340720,20221201,220115276,E.S.E. Centro de Salud - Floresta,1.0,DISPONIBILIDAD INICIAL,INGRESOS,DISPONIBILIDAD INICIAL,No Aplica,No Aplica,No Aplica,No Aplica,No Aplica,No Aplica,No Aplica,No Aplica,,,,,,,,2022,Cuarto Trimestre,,,108215254.0,NO APLICA,NO APLICA,NO APLICA,NO APLICA,NO APLICA,NO APLICA,NO APLICA,NO APLICA,NO APLICA,0.0,108215254.0,0.0,0.0,,,,,,
7340931,20220301,220115276,E.S.E. Centro de Salud - Floresta,1,INGRESOS,INGRESOS,No Aplica,No Aplica,No Aplica,No Aplica,No Aplica,No Aplica,No Aplica,No Aplica,No Aplica,,,,,,,,2022,Primer Trimestre,,,305528748.0,NO APLICA,NO APLICA,NO APLICA,NO APLICA,NO APLICA,NO APLICA,NO APLICA,NO APLICA,NO APLICA,0.0,305528748.0,0.0,0.0,,,,,,
7354435,20230301,220115276,E.S.E. Centro de Salud - Floresta,1.1.02,INGRESOS NO TRIBUTARIOS,INGRESOS,INGRESOS CORRIENTES,INGRESOS NO TRIBUTARIOS,No Aplica,No Aplica,No Aplica,No Aplica,No Aplica,No Aplica,No Aplica,,,,,,,,2023,Primer Trimestre,,,173904866.0,NO APLICA,NO APLICA,NO APLICA,NO APLICA,NO APLICA,NO APLICA,NO APLICA,NO APLICA,NO APLICA,0.0,173904866.0,0.0,0.0,,,,,,
7372326,20220601,220115276,E.S.E. Centro de Salud - Floresta,1.1.02.05,VENTA DE BIENES Y SERVICIOS,INGRESOS,INGRESOS CORRIENTES,INGRESOS NO TRIBUTARIOS,VENTA DE BIENES Y SERVICIOS,No Aplica,No Aplica,No Aplica,No Aplica,No Aplica,No Aplica,,,,,,,,2022,Segundo Trimestre,,,338057898.0,NO APLICA,NO APLICA,NO APLICA,NO APLICA,NO APLICA,NO APLICA,NO APLICA,NO APLICA,NO APLICA,0.0,338057898.0,0.0,0.0,,,,,,
7396248,20210601,220115276,E.S.E. Centro de Salud - Floresta,1.2.06.01.001,BANCOS COMERCIALES,INGRESOS,RECURSOS DE CAPITAL,RECURSOS DE CREDITO EXTERNO,RECURSOS DE CONTRATOS DE EMPRESTITOS EXTERNOS,BANCOS COMERCIALES,No Aplica,No Aplica,No Aplica,No Aplica,No Aplica,,,,,,,,2021,Segundo Trimestre,,,5872.0,NO APLICA,1.2.1.0.00 - INGRESOS CORRIENTES DE LIBRE DESTINACION,NO APLICA,NO APLICA,NO APLICA,NO APLICA,NO APLICA,NO APLICA,NO APLICA,0.0,5872.0,0.0,0.0,,,,,,
7403873,20221201,220115276,E.S.E. Centro de Salud - Floresta,1.1.02.06.006,TRANSFERENCIAS DE OTRAS ENTIDADES DEL GOBIERNO GENERAL,INGRESOS,INGRESOS CORRIENTES,INGRESOS NO TRIBUTARIOS,TRANSFERENCIAS CORRIENTES,TRANSFERENCIAS DE OTRAS ENTIDADES DEL GOBIERNO GENERAL,No Aplica,No Aplica,No Aplica,No Aplica,No Aplica,,,,,,,,2022,Cuarto Trimestre,,,149186748.0,NO APLICA,NO APLICA,NO APLICA,NO APLICA,NO APLICA,NO APLICA,NO APLICA,NO APLICA,NO APLICA,0.0,149186748.0,0.0,0.0,,,,,,
7415590,20220601,220115276,E.S.E. Centro de Salud - Floresta,1.1.02.06.006,TRANSFERENCIAS DE OTRAS ENTIDADES DEL GOBIERNO GENERAL,INGRESOS,INGRESOS CORRIENTES,INGRESOS NO TRIBUTARIOS,TRANSFERENCIAS CORRIENTES,TRANSFERENCIAS DE OTRAS ENTIDADES DEL GOBIERNO GENERAL,No Aplica,No Aplica,No Aplica,No Aplica,No Aplica,,,,,,,,2022,Segundo Trimestre,,,13018255.0,NO APLICA,NO APLICA,NO APLICA,NO APLICA,NO APLICA,NO APLICA,NO APLICA,NO APLICA,NO APLICA,0.0,13018255.0,0.0,0.0,,,,,,
7422520,20230301,220115276,E.S.E. Centro de Salud - Floresta,1.1.02.05,VENTA DE BIENES Y SERVICIOS,INGRESOS,INGRESOS CORRIENTES,INGRESOS NO TRIBUTARIOS,VENTA DE BIENES Y SERVICIOS,No Aplica,No Aplica,No Aplica,No Aplica,No Aplica,No Aplica,,,,,,,,2023,Primer Trimestre,,,173904866.0,NO APLICA,NO APLICA,NO APLICA,NO APLICA,NO APLICA,NO APLICA,NO APLICA,NO APLICA,NO APLICA,0.0,173904866.0,0.0,0.0,,,,,,
7422613,20220301,220115276,E.S.E. Centro de Salud - Floresta,1.1.02.06.006.06,OTRAS UNIDADES DE GOBIERNO,INGRESOS,INGRESOS CORRIENTES,INGRESOS NO TRIBUTARIOS,TRANSFERENCIAS CORRIENTES,TRANSFERENCIAS DE OTRAS ENTIDADES DEL GOBIERNO GENERAL,OTRAS UNIDADES DE GOBIERNO,No Aplica,No Aplica,No Aplica,No Aplica,,,,,,,,2022,Primer Trimestre,,,13018255.0,NO APLICA,INGRESOS CORRIENTES DE LIBRE DESTINACION,NO APLICA,NO APLICA,NO APLICA,NO APLICA,NO APLICA,NO APLICA,NO APLICA,0.0,13018255.0,0.0,0.0,,,,,,
7435852,20220901,220115276,E.S.E. Centro de Salud - Floresta,1.1.02.05.001.09,"SERVICIOS PARA LA COMUNIDAD, SOCIALES Y PERSONALES",INGRESOS,INGRESOS CORRIENTES,INGRESOS NO TRIBUTARIOS,VENTA DE BIENES Y SERVICIOS,VENTAS DE ESTABLECIMIENTOS DE MERCADO,"SERVICIOS PARA LA COMUNIDAD, SOCIALES Y PERSONALES",No Aplica,No Aplica,No Aplica,No Aplica,,,,,,,,2022,Tercer Trimestre,,,527318839.0,OTROS SERVICIOS DIVERSOS N C P,INGRESOS CORRIENTES DE LIBRE DESTINACION,NO APLICA,NO APLICA,NO APLICA,NO APLICA,NO APLICA,NO APLICA,NO APLICA,0.0,527318839.0,0.0,0.0,,,,,,
7437718,20210601,220115276,E.S.E. Centro de Salud - Floresta,1.2,RECURSOS DE CAPITAL,INGRESOS,RECURSOS DE CAPITAL,No Aplica,No Aplica,No Aplica,No Aplica,No Aplica,No Aplica,No Aplica,No Aplica,,,,,,,,2021,Segundo Trimestre,,,5872.0,NO APLICA,NO APLICA,NO APLICA,NO APLICA,NO APLICA,NO APLICA,NO APLICA,NO APLICA,NO APLICA,0.0,5872.0,0.0,0.0,,,,,,
7454296,20220901,220115276,E.S.E. Centro de Salud - Floresta,1.2.09,RECUPERACION DE CARTERA - PRESTAMOS,INGRESOS,RECURSOS DE CAPITAL,RECUPERACION DE CARTERA - PRESTAMOS,No Aplica,No Aplica,No Aplica,No Aplica,No Aplica,No Aplica,No Aplica,,,,,,,,2022,Tercer Trimestre,,,2670315.0,NO APLICA,NO APLICA,NO APLICA,NO APLICA,NO APLICA,NO APLICA,NO APLICA,NO APLICA,NO APLICA,0.0,2670315.0,0.0,0.0,,,,,,
7458012,20211201,220115276,E.S.E. Centro de Salud - Floresta,1.1.02.06.008.01,ACTIVIDADES DE ATENCION A LA SALUD HUMANA Y DE ASISTENCIA SOCIAL,INGRESOS,INGRESOS CORRIENTES,INGRESOS NO TRIBUTARIOS,TRANSFERENCIAS CORRIENTES,DIFERENTES DE SUBVENCIONES,ACTIVIDADES DE ATENCION A LA SALUD HUMANA Y DE ASISTENCIA SOCIAL,No Aplica,No Aplica,No Aplica,No Aplica,,,,,,,,2021,Cuarto Trimestre,,,192928403.0,NO APLICA,NO APLICA,NO APLICA,NO APLICA,NO APLICA,NO APLICA,NO APLICA,NO APLICA,NO APLICA,0.0,192928403.0,0.0,0.0,,,,,,
7469305,20230901,220115276,E.S.E. Centro de Salud - Floresta,1.1.02.06.006,TRANSFERENCIAS DE OTRAS ENTIDADES DEL GOBIERNO GENERAL,INGRESOS,INGRESOS CORRIENTES,INGRESOS NO TRIBUTARIOS,TRANSFERENCIAS CORRIENTES,TRANSFERENCIAS DE OTRAS ENTIDADES DEL GOBIERNO GENERAL,No Aplica,No Aplica,No Aplica,No Aplica,No Aplica,,,,,,,,2023,Tercer Trimestre,,,45983847.0,NO APLICA,NO APLICA,NO APLICA,NO APLICA,NO APLICA,NO APLICA,NO APLICA,NO APLICA,NO APLICA,0.0,45983847.0,0.0,0.0,,,,,,
7472766,20220901,220115276,E.S.E. Centro de Salud - Floresta,1.1,INGRESOS CORRIENTES,INGRESOS,INGRESOS CORRIENTES,No Aplica,No Aplica,No Aplica,No Aplica,No Aplica,No Aplica,No Aplica,No Aplica,,,,,,,,2022,Tercer Trimestre,,,608421341.0,NO APLICA,NO APLICA,NO APLICA,NO APLICA,NO APLICA,NO APLICA,NO APLICA,NO APLICA,NO APLICA,0.0,608421341.0,0.0,0.0,,,,,,
7475659,20210301,220115276,E.S.E. Centro de Salud - Floresta,1.1.02,INGRESOS NO TRIBUTARIOS,INGRESOS,INGRESOS CORRIENTES,INGRESOS NO TRIBUTARIOS,No Aplica,No Aplica,No Aplica,No Aplica,No Aplica,No Aplica,No Aplica,,,,,,,,2021,Primer Trimestre,,,117075762.0,NO APLICA,NO APLICA,NO APLICA,NO APLICA,NO APLICA,NO APLICA,NO APLICA,NO APLICA,NO APLICA,0.0,117075762.0,0.0,0.0,,,,,,
7482896,20230601,220115276,E.S.E. Centro de Salud - Floresta,1.2.05,RENDIMIENTOS FINANCIEROS,INGRESOS,RECURSOS DE CAPITAL,RENDIMIENTOS FINANCIEROS,No Aplica,No Aplica,No Aplica,No Aplica,No Aplica,No Aplica,No Aplica,,,,,,,,2023,Segundo Trimestre,,,159502.0,NO APLICA,NO APLICA,NO APLICA,NO APLICA,NO APLICA,NO APLICA,NO APLICA,NO APLICA,NO APLICA,0.0,159502.0,0.0,0.0,,,,,,
7493263,20220601,220115276,E.S.E. Centro de Salud - Floresta,1.2.05,RENDIMIENTOS FINANCIEROS,INGRESOS,RECURSOS DE CAPITAL,RENDIMIENTOS FINANCIEROS,No Aplica,No Aplica,No Aplica,No Aplica,No Aplica,No Aplica,No Aplica,,,,,,,,2022,Segundo Trimestre,,,14441.0,NO APLICA,NO APLICA,NO APLICA,NO APLICA,NO APLICA,NO APLICA,NO APLICA,NO APLICA,NO APLICA,0.0,14441.0,0.0,0.0,,,,,,
7496063,20211201,220115276,E.S.E. Centro de Salud - Floresta,1.1.02.05,VENTA DE BIENES Y SERVICIOS,INGRESOS,INGRESOS CORRIENTES,INGRESOS NO TRIBUTARIOS,VENTA DE BIENES Y SERVICIOS,No Aplica,No Aplica,No Aplica,No Aplica,No Aplica,No Aplica,,,,,,,,2021,Cuarto Trimestre,,,470781525.0,NO APLICA,NO APLICA,NO APLICA,NO APLICA,NO APLICA,NO APLICA,NO APLICA,NO APLICA,NO APLICA,0.0,470781525.0,0.0,0.0,,,,,,
7499703,20211201,220115276,E.S.E. Centro de Salud - Floresta,1.1.02.06.008.01.13,RECURSOS MUNICIPALES PARA ASEGURAMIENTO,INGRESOS,INGRESOS CORRIENTES,INGRESOS NO TRIBUTARIOS,TRANSFERENCIAS CORRIENTES,DIFERENTES DE SUBVENCIONES,ACTIVIDADES DE ATENCION A LA SALUD HUMANA Y DE ASISTENCIA SOCIAL,RECURSOS MUNICIPALES PARA ASEGURAMIENTO,No Aplica,No Aplica,No Aplica,,,,,,,,2021,Cuarto Trimestre,,,192928403.0,NO APLICA,INGRESOS CORRIENTES DE LIBRE DESTINACION,NO APLICA,NO APLICA,NO APLICA,NO APLICA,NO APLICA,NO APLICA,NO APLICA,0.0,192928403.0,0.0,0.0,,,,,,
7507853,20230301,220115276,E.S.E. Centro de Salud - Floresta,1.1,INGRESOS CORRIENTES,INGRESOS,INGRESOS CORRIENTES,No Aplica,No Aplica,No Aplica,No Aplica,No Aplica,No Aplica,No Aplica,No Aplica,,,,,,,,2023,Primer Trimestre,,,173904866.0,NO APLICA,NO APLICA,NO APLICA,NO APLICA,NO APLICA,NO APLICA,NO APLICA,NO APLICA,NO APLICA,0.0,173904866.0,0.0,0.0,,,,,,
7519675,20210301,220115276,E.S.E. Centro de Salud - Floresta,1.1.02.05,VENTA DE BIENES Y SERVICIOS,INGRESOS,INGRESOS CORRIENTES,INGRESOS NO TRIBUTARIOS,VENTA DE BIENES Y SERVICIOS,No Aplica,No Aplica,No Aplica,No Aplica,No Aplica,No Aplica,,,,,,,,2021,Primer Trimestre,,,117075762.0,NO APLICA,NO APLICA,NO APLICA,NO APLICA,NO APLICA,NO APLICA,NO APLICA,NO APLICA,NO APLICA,0.0,117075762.0,0.0,0.0,,,,,,
7520543,20220301,220115276,E.S.E. Centro de Salud - Floresta,1.0,DISPONIBILIDAD INICIAL,INGRESOS,DISPONIBILIDAD INICIAL,No Aplica,No Aplica,No Aplica,No Aplica,No Aplica,No Aplica,No Aplica,No Aplica,,,,,,,,2022,Primer Trimestre,,,108215254.0,NO APLICA,NO APLICA,NO APLICA,NO APLICA,NO APLICA,NO APLICA,NO APLICA,NO APLICA,NO APLICA,0.0,108215254.0,0.0,0.0,,,,,,
7527858,20210901,220115276,E.S.E. Centro de Salud - Floresta,1.2,RECURSOS DE CAPITAL,INGRESOS,RECURSOS DE CAPITAL,No Aplica,No Aplica,No Aplica,No Aplica,No Aplica,No Aplica,No Aplica,No Aplica,,,,,,,,2021,Tercer Trimestre,,,17800.0,NO APLICA,NO APLICA,NO APLICA,NO APLICA,NO APLICA,NO APLICA,NO APLICA,NO APLICA,NO APLICA,0.0,17800.0,0.0,0.0,,,,,,
7549702,20230601,220115276,E.S.E. Centro de Salud - Floresta,1.1.02.05.001,VENTAS DE ESTABLECIMIENTOS DE MERCADO,INGRESOS,INGRESOS CORRIENTES,INGRESOS NO TRIBUTARIOS,VENTA DE BIENES Y SERVICIOS,VENTAS DE ESTABLECIMIENTOS DE MERCADO,No Aplica,No Aplica,No Aplica,No Aplica,No Aplica,,,,,,,,2023,Segundo Trimestre,,,443230953.0,NO APLICA,NO APLICA,NO APLICA,NO APLICA,NO APLICA,NO APLICA,NO APLICA,NO APLICA,NO APLICA,0.0,443230953.0,0.0,0.0,,,,,,
7577421,20220301,220115276,E.S.E. Centro de Salud - Floresta,1.2.05,RENDIMIENTOS FINANCIEROS,INGRESOS,RECURSOS DE CAPITAL,RENDIMIENTOS FINANCIEROS,No Aplica,No Aplica,No Aplica,No Aplica,No Aplica,No Aplica,No Aplica,,,,,,,,2022,Primer Trimestre,,,10988.0,NO APLICA,NO APLICA,NO APLICA,NO APLICA,NO APLICA,NO APLICA,NO APLICA,NO APLICA,NO APLICA,0.0,10988.0,0.0,0.0,,,,,,
7579762,20220601,220115276,E.S.E. Centro de Salud - Floresta,1.0,DISPONIBILIDAD INICIAL,INGRESOS,DISPONIBILIDAD INICIAL,No Aplica,No Aplica,No Aplica,No Aplica,No Aplica,No Aplica,No Aplica,No Aplica,,,,,,,,2022,Segundo Trimestre,,,108215254.0,NO APLICA,NO APLICA,NO APLICA,NO APLICA,NO APLICA,NO APLICA,NO APLICA,NO APLICA,NO APLICA,0.0,108215254.0,0.0,0.0,,,,,,
7594130,20230601,220115276,E.S.E. Centro de Salud - Floresta,1.1.02.05,VENTA DE BIENES Y SERVICIOS,INGRESOS,INGRESOS CORRIENTES,INGRESOS NO TRIBUTARIOS,VENTA DE BIENES Y SERVICIOS,No Aplica,No Aplica,No Aplica,No Aplica,No Aplica,No Aplica,,,,,,,,2023,Segundo Trimestre,,,443230953.0,NO APLICA,NO APLICA,NO APLICA,NO APLICA,NO APLICA,NO APLICA,NO APLICA,NO APLICA,NO APLICA,0.0,443230953.0,0.0,0.0,,,,,,
7614089,20220601,220115276,E.S.E. Centro de Salud - Floresta,1.1.02.05.001,VENTAS DE ESTABLECIMIENTOS DE MERCADO,INGRESOS,INGRESOS CORRIENTES,INGRESOS NO TRIBUTARIOS,VENTA DE BIENES Y SERVICIOS,VENTAS DE ESTABLECIMIENTOS DE MERCADO,No Aplica,No Aplica,No Aplica,No Aplica,No Aplica,,,,,,,,2022,Segundo Trimestre,,,338057898.0,NO APLICA,NO APLICA,NO APLICA,NO APLICA,NO APLICA,NO APLICA,NO APLICA,NO APLICA,NO APLICA,0.0,338057898.0,0.0,0.0,,,,,,
7624016,20230601,220115276,E.S.E. Centro de Salud - Floresta,1.2.05.02,DEPOSITOS,INGRESOS,RECURSOS DE CAPITAL,RENDIMIENTOS FINANCIEROS,DEPOSITOS,No Aplica,No Aplica,No Aplica,No Aplica,No Aplica,No Aplica,,,,,,,,2023,Segundo Trimestre,,,159502.0,NO APLICA,INGRESOS CORRIENTES DE LIBRE DESTINACION,NO APLICA,NO APLICA,NO APLICA,NO APLICA,NO APLICA,NO APLICA,NO APLICA,0.0,159502.0,0.0,0.0,,,,,,
7643275,20230601,220115276,E.S.E. Centro de Salud - Floresta,1.1.02,INGRESOS NO TRIBUTARIOS,INGRESOS,INGRESOS CORRIENTES,INGRESOS NO TRIBUTARIOS,No Aplica,No Aplica,No Aplica,No Aplica,No Aplica,No Aplica,No Aplica,,,,,,,,2023,Segundo Trimestre,,,489214800.0,NO APLICA,NO APLICA,NO APLICA,NO APLICA,NO APLICA,NO APLICA,NO APLICA,NO APLICA,NO APLICA,0.0,489214800.0,0.0,0.0,,,,,,
7643276,20210601,220115276,E.S.E. Centro de Salud - Floresta,1.1.02.05.001.09,"SERVICIOS PARA LA COMUNIDAD, SOCIALES Y PERSONALES",INGRESOS,INGRESOS CORRIENTES,INGRESOS NO TRIBUTARIOS,VENTA DE BIENES Y SERVICIOS,VENTAS DE ESTABLECIMIENTOS DE MERCADO,"SERVICIOS PARA LA COMUNIDAD, SOCIALES Y PERSONALES",No Aplica,No Aplica,No Aplica,No Aplica,,,,,,,,2021,Segundo Trimestre,,,230005906.0,91122 - SERVICIOS DE LA ADMINISTRACIÓN PÚBLICA RELACIONADOS CON LA SALUD,1.2.1.0.00 - INGRESOS CORRIENTES DE LIBRE DESTINACION,NO APLICA,NO APLICA,NO APLICA,NO APLICA,NO APLICA,NO APLICA,NO APLICA,0.0,230005906.0,0.0,0.0,,,,,,
7650191,20220601,220115276,E.S.E. Centro de Salud - Floresta,1.1.02.06.006.06,OTRAS UNIDADES DE GOBIERNO,INGRESOS,INGRESOS CORRIENTES,INGRESOS NO TRIBUTARIOS,TRANSFERENCIAS CORRIENTES,TRANSFERENCIAS DE OTRAS ENTIDADES DEL GOBIERNO GENERAL,OTRAS UNIDADES DE GOBIERNO,No Aplica,No Aplica,No Aplica,No Aplica,,,,,,,,2022,Segundo Trimestre,,,13018255.0,NO APLICA,INGRESOS CORRIENTES DE LIBRE DESTINACION,NO APLICA,NO APLICA,NO APLICA,NO APLICA,NO APLICA,NO APLICA,NO APLICA,0.0,13018255.0,0.0,0.0,,,,,,
7662575,20230901,220115276,E.S.E. Centro de Salud - Floresta,1.1,INGRESOS CORRIENTES,INGRESOS,INGRESOS CORRIENTES,No Aplica,No Aplica,No Aplica,No Aplica,No Aplica,No Aplica,No Aplica,No Aplica,,,,,,,,2023,Tercer Trimestre,,,693657974.0,NO APLICA,NO APLICA,NO APLICA,NO APLICA,NO APLICA,NO APLICA,NO APLICA,NO APLICA,NO APLICA,0.0,693657974.0,0.0,0.0,,,,,,
7670054,20210301,220115276,E.S.E. Centro de Salud - Floresta,1.1,INGRESOS CORRIENTES,INGRESOS,INGRESOS CORRIENTES,No Aplica,No Aplica,No Aplica,No Aplica,No Aplica,No Aplica,No Aplica,No Aplica,,,,,,,,2021,Primer Trimestre,,,117075762.0,NO APLICA,NO APLICA,NO APLICA,NO APLICA,NO APLICA,NO APLICA,NO APLICA,NO APLICA,NO APLICA,0.0,117075762.0,0.0,0.0,,,,,,
7680334,20210601,220115276,E.S.E. Centro de Salud - Floresta,1.2.06.01,RECURSOS DE CONTRATOS DE EMPRESTITOS EXTERNOS,INGRESOS,RECURSOS DE CAPITAL,RECURSOS DE CREDITO EXTERNO,RECURSOS DE CONTRATOS DE EMPRESTITOS EXTERNOS,No Aplica,No Aplica,No Aplica,No Aplica,No Aplica,No Aplica,,,,,,,,2021,Segundo Trimestre,,,5872.0,NO APLICA,NO APLICA,NO APLICA,NO APLICA,NO APLICA,NO APLICA,NO APLICA,NO APLICA,NO APLICA,0.0,5872.0,0.0,0.0,,,,,,
7681071,20230601,220115276,E.S.E. Centro de Salud - Floresta,1.1.02.06,TRANSFERENCIAS CORRIENTES,INGRESOS,INGRESOS CORRIENTES,INGRESOS NO TRIBUTARIOS,TRANSFERENCIAS CORRIENTES,No Aplica,No Aplica,No Aplica,No Aplica,No Aplica,No Aplica,,,,,,,,2023,Segundo Trimestre,,,45983847.0,NO APLICA,NO APLICA,NO APLICA,NO APLICA,NO APLICA,NO APLICA,NO APLICA,NO APLICA,NO APLICA,0.0,45983847.0,0.0,0.0,,,,,,
7686651,20220601,220115276,E.S.E. Centro de Salud - Floresta,1.1.02.06,TRANSFERENCIAS CORRIENTES,INGRESOS,INGRESOS CORRIENTES,INGRESOS NO TRIBUTARIOS,TRANSFERENCIAS CORRIENTES,No Aplica,No Aplica,No Aplica,No Aplica,No Aplica,No Aplica,,,,,,,,2022,Segundo Trimestre,,,13018255.0,NO APLICA,NO APLICA,NO APLICA,NO APLICA,NO APLICA,NO APLICA,NO APLICA,NO APLICA,NO APLICA,0.0,13018255.0,0.0,0.0,,,,,,
7686930,20210601,220115276,E.S.E. Centro de Salud - Floresta,1.0,DISPONIBILIDAD INICIAL,INGRESOS,DISPONIBILIDAD INICIAL,No Aplica,No Aplica,No Aplica,No Aplica,No Aplica,No Aplica,No Aplica,No Aplica,,,,,,,,2021,Segundo Trimestre,,,73998835.0,NO APLICA,NO APLICA,NO APLICA,NO APLICA,NO APLICA,NO APLICA,NO APLICA,NO APLICA,NO APLICA,0.0,73998835.0,0.0,0.0,,,,,,
7687460,20211201,220115276,E.S.E. Centro de Salud - Floresta,1.1.02.06.007.02.08,TRANSFERENCIAS PARA EMPRESAS SOCIALES DEL ESTADO,INGRESOS,INGRESOS CORRIENTES,INGRESOS NO TRIBUTARIOS,TRANSFERENCIAS CORRIENTES,SUBVENCIONES,EMPRESAS PUBLICAS NO FINANCIERAS,TRANSFERENCIAS PARA EMPRESAS SOCIALES DEL ESTADO,No Aplica,No Aplica,No Aplica,,,,,,,,2021,Cuarto Trimestre,,,117602629.0,NO APLICA,INGRESOS CORRIENTES DE LIBRE DESTINACION,NO APLICA,NO APLICA,NO APLICA,NO APLICA,NO APLICA,NO APLICA,NO APLICA,0.0,117602629.0,0.0,0.0,,,,,,
7754776,20210601,220115276,E.S.E. Centro de Salud - Floresta,1.1.02.06.008.01,ACTIVIDADES DE ATENCION A LA SALUD HUMANA Y DE ASISTENCIA SOCIAL,INGRESOS,INGRESOS CORRIENTES,INGRESOS NO TRIBUTARIOS,TRANSFERENCIAS CORRIENTES,DIFERENTES DE SUBVENCIONES,ACTIVIDADES DE ATENCION A LA SALUD HUMANA Y DE ASISTENCIA SOCIAL,No Aplica,No Aplica,No Aplica,No Aplica,,,,,,,,2021,Segundo Trimestre,,,4920000.0,NO APLICA,NO APLICA,NO APLICA,NO APLICA,NO APLICA,NO APLICA,NO APLICA,NO APLICA,NO APLICA,0.0,4920000.0,0.0,0.0,,,,,,
7760147,20211201,220115276,E.S.E. Centro de Salud - Floresta,1.2.06.01,RECURSOS DE CONTRATOS DE EMPRESTITOS EXTERNOS,INGRESOS,RECURSOS DE CAPITAL,RECURSOS DE CREDITO EXTERNO,RECURSOS DE CONTRATOS DE EMPRESTITOS EXTERNOS,No Aplica,No Aplica,No Aplica,No Aplica,No Aplica,No Aplica,,,,,,,,2021,Cuarto Trimestre,,,30500.0,NO APLICA,NO APLICA,NO APLICA,NO APLICA,NO APLICA,NO APLICA,NO APLICA,NO APLICA,NO APLICA,0.0,30500.0,0.0,0.0,,,,,,
7760771,20210901,220115276,E.S.E. Centro de Salud - Floresta,1,INGRESOS,INGRESOS,No Aplica,No Aplica,No Aplica,No Aplica,No Aplica,No Aplica,No Aplica,No Aplica,No Aplica,,,,,,,,2021,Tercer Trimestre,,,546761531.0,NO APLICA,NO APLICA,NO APLICA,NO APLICA,NO APLICA,NO APLICA,NO APLICA,NO APLICA,NO APLICA,0.0,546761531.0,0.0,0.0,,,,,,
7779020,20230301,220115276,E.S.E. Centro de Salud - Floresta,1,INGRESOS,INGRESOS,No Aplica,No Aplica,No Aplica,No Aplica,No Aplica,No Aplica,No Aplica,No Aplica,No Aplica,,,,,,,,2023,Primer Trimestre,,,173907244.0,NO APLICA,NO APLICA,NO APLICA,NO APLICA,NO APLICA,NO APLICA,NO APLICA,NO APLICA,NO APLICA,0.0,173907244.0,0.0,0.0,,,,,,
7798729,20210901,220115276,E.S.E. Centro de Salud - Floresta,1.1.02.06.008.01.13,RECURSOS MUNICIPALES PARA ASEGURAMIENTO,INGRESOS,INGRESOS CORRIENTES,INGRESOS NO TRIBUTARIOS,TRANSFERENCIAS CORRIENTES,DIFERENTES DE SUBVENCIONES,ACTIVIDADES DE ATENCION A LA SALUD HUMANA Y DE ASISTENCIA SOCIAL,RECURSOS MUNICIPALES PARA ASEGURAMIENTO,No Aplica,No Aplica,No Aplica,,,,,,,,2021,Tercer Trimestre,,,78067026.0,NO APLICA,1.2.1.0.00 - INGRESOS CORRIENTES DE LIBRE DESTINACION,NO APLICA,NO APLICA,NO APLICA,NO APLICA,NO APLICA,NO APLICA,NO APLICA,0.0,78067026.0,0.0,0.0,,,,,,
7809457,20210901,220115276,E.S.E. Centro de Salud - Floresta,1.2.06,RECURSOS DE CREDITO EXTERNO,INGRESOS,RECURSOS DE CAPITAL,RECURSOS DE CREDITO EXTERNO,No Aplica,No Aplica,No Aplica,No Aplica,No Aplica,No Aplica,No Aplica,,,,,,,,2021,Tercer Trimestre,,,17800.0,NO APLICA,NO APLICA,NO APLICA,NO APLICA,NO APLICA,NO APLICA,NO APLICA,NO APLICA,NO APLICA,0.0,17800.0,0.0,0.0,,,,,,
7825292,20221201,220115276,E.S.E. Centro de Salud - Floresta,1.2.05.02,DEPOSITOS,INGRESOS,RECURSOS DE CAPITAL,RENDIMIENTOS FINANCIEROS,DEPOSITOS,No Aplica,No Aplica,No Aplica,No Aplica,No Aplica,No Aplica,,,,,,,,2022,Cuarto Trimestre,,,46278.0,NO APLICA,INGRESOS CORRIENTES DE LIBRE DESTINACION,NO APLICA,NO APLICA,NO APLICA,NO APLICA,NO APLICA,NO APLICA,NO APLICA,0.0,46278.0,0.0,0.0,,,,,,
7831783,20230901,220115276,E.S.E. Centro de Salud - Floresta,1.1.02.05,VENTA DE BIENES Y SERVICIOS,INGRESOS,INGRESOS CORRIENTES,INGRESOS NO TRIBUTARIOS,VENTA DE BIENES Y SERVICIOS,No Aplica,No Aplica,No Aplica,No Aplica,No Aplica,No Aplica,,,,,,,,2023,Tercer Trimestre,,,647674127.0,NO APLICA,NO APLICA,NO APLICA,NO APLICA,NO APLICA,NO APLICA,NO APLICA,NO APLICA,NO APLICA,0.0,647674127.0,0.0,0.0,,,,,,
7850356,20230901,220115276,E.S.E. Centro de Salud - Floresta,1.2,RECURSOS DE CAPITAL,INGRESOS,RECURSOS DE CAPITAL,No Aplica,No Aplica,No Aplica,No Aplica,No Aplica,No Aplica,No Aplica,No Aplica,,,,,,,,2023,Tercer Trimestre,,,173388.0,NO APLICA,NO APLICA,NO APLICA,NO APLICA,NO APLICA,NO APLICA,NO APLICA,NO APLICA,NO APLICA,0.0,173388.0,0.0,0.0,,,,,,
7850978,20210601,220115276,E.S.E. Centro de Salud - Floresta,1.1.02,INGRESOS NO TRIBUTARIOS,INGRESOS,INGRESOS CORRIENTES,INGRESOS NO TRIBUTARIOS,No Aplica,No Aplica,No Aplica,No Aplica,No Aplica,No Aplica,No Aplica,,,,,,,,2021,Segundo Trimestre,,,234925906.0,NO APLICA,NO APLICA,NO APLICA,NO APLICA,NO APLICA,NO APLICA,NO APLICA,NO APLICA,NO APLICA,0.0,234925906.0,0.0,0.0,,,,,,
7853684,20220901,220115276,E.S.E. Centro de Salud - Floresta,1.0,DISPONIBILIDAD INICIAL,INGRESOS,DISPONIBILIDAD INICIAL,No Aplica,No Aplica,No Aplica,No Aplica,No Aplica,No Aplica,No Aplica,No Aplica,,,,,,,,2022,Tercer Trimestre,,,108215254.0,NO APLICA,NO APLICA,NO APLICA,NO APLICA,NO APLICA,NO APLICA,NO APLICA,NO APLICA,NO APLICA,0.0,108215254.0,0.0,0.0,,,,,,
7856990,20220601,220115276,E.S.E. Centro de Salud - Floresta,1,INGRESOS,INGRESOS,No Aplica,No Aplica,No Aplica,No Aplica,No Aplica,No Aplica,No Aplica,No Aplica,No Aplica,,,,,,,,2022,Segundo Trimestre,,,461976163.0,NO APLICA,NO APLICA,NO APLICA,NO APLICA,NO APLICA,NO APLICA,NO APLICA,NO APLICA,NO APLICA,0.0,461976163.0,0.0,0.0,,,,,,
7864821,20211201,220115276,E.S.E. Centro de Salud - Floresta,1.0.01,CAJA,INGRESOS,DISPONIBILIDAD INICIAL,CAJA,No Aplica,No Aplica,No Aplica,No Aplica,No Aplica,No Aplica,No Aplica,,,,,,,,2021,Cuarto Trimestre,,,73998835.0,NO APLICA,INGRESOS CORRIENTES DE LIBRE DESTINACION,NO APLICA,NO APLICA,NO APLICA,NO APLICA,NO APLICA,NO APLICA,NO APLICA,0.0,73998835.0,0.0,0.0,,,,,,
7872712,20220301,220115276,E.S.E. Centro de Salud - Floresta,1.1.02.05.001.09,"SERVICIOS PARA LA COMUNIDAD, SOCIALES Y PERSONALES",INGRESOS,INGRESOS CORRIENTES,INGRESOS NO TRIBUTARIOS,VENTA DE BIENES Y SERVICIOS,VENTAS DE ESTABLECIMIENTOS DE MERCADO,"SERVICIOS PARA LA COMUNIDAD, SOCIALES Y PERSONALES",No Aplica,No Aplica,No Aplica,No Aplica,,,,,,,,2022,Primer Trimestre,,,184284251.0,OTROS SERVICIOS DIVERSOS N C P,INGRESOS CORRIENTES DE LIBRE DESTINACION,NO APLICA,NO APLICA,NO APLICA,NO APLICA,NO APLICA,NO APLICA,NO APLICA,0.0,184284251.0,0.0,0.0,,,,,,
7875988,20220601,220115276,E.S.E. Centro de Salud - Floresta,1.1.02.05.001.09,"SERVICIOS PARA LA COMUNIDAD, SOCIALES Y PERSONALES",INGRESOS,INGRESOS CORRIENTES,INGRESOS NO TRIBUTARIOS,VENTA DE BIENES Y SERVICIOS,VENTAS DE ESTABLECIMIENTOS DE MERCADO,"SERVICIOS PARA LA COMUNIDAD, SOCIALES Y PERSONALES",No Aplica,No Aplica,No Aplica,No Aplica,,,,,,,,2022,Segundo Trimestre,,,338057898.0,OTROS SERVICIOS DIVERSOS N C P,INGRESOS CORRIENTES DE LIBRE DESTINACION,NO APLICA,NO APLICA,NO APLICA,NO APLICA,NO APLICA,NO APLICA,NO APLICA,0.0,338057898.0,0.0,0.0,,,,,,
7885539,20221201,220115276,E.S.E. Centro de Salud - Floresta,1.0.02,BANCOS,INGRESOS,DISPONIBILIDAD INICIAL,BANCOS,No Aplica,No Aplica,No Aplica,No Aplica,No Aplica,No Aplica,No Aplica,,,,,,,,2022,Cuarto Trimestre,,,108215254.0,NO APLICA,INGRESOS CORRIENTES DE LIBRE DESTINACION,NO APLICA,NO APLICA,NO APLICA,NO APLICA,NO APLICA,NO APLICA,NO APLICA,0.0,108215254.0,0.0,0.0,,,,,,
7891302,20210901,220115276,E.S.E. Centro de Salud - Floresta,1.1.02,INGRESOS NO TRIBUTARIOS,INGRESOS,INGRESOS CORRIENTES,INGRESOS NO TRIBUTARIOS,No Aplica,No Aplica,No Aplica,No Aplica,No Aplica,No Aplica,No Aplica,,,,,,,,2021,Tercer Trimestre,,,472744896.0,NO APLICA,NO APLICA,NO APLICA,NO APLICA,NO APLICA,NO APLICA,NO APLICA,NO APLICA,NO APLICA,0.0,472744896.0,0.0,0.0,,,,,,
7926711,20220601,220115276,E.S.E. Centro de Salud - Floresta,2.4.5.01.03,"OTROS BIENES TRANSPORTABLES EXCEPTO PRODUCTOS METALICOS, MAQUINARIA Y EQUIPO",GASTOS,GASTOS DE OPERACION COMERCIAL,GASTOS DE COMERCIALIZACION Y PRODUCCION,MATERIALES Y SUMINISTROS,"OTROS BIENES TRANSPORTABLES EXCEPTO PRODUCTOS METALICOS, MAQUINARIA Y EQUIPO",No Aplica,No Aplica,No Aplica,No Aplica,No Aplica,VIGENCIA ACTUAL,ENTIDADES DIFERENTES A ENTIDADES TERRITORIALES - GESTION GENERAL,NO DEFINIDO,NO DEFINIDO,NO APLICA,,,2022,Segundo Trimestre,,,,OTROS SERVICIOS DIVERSOS N C P,INGRESOS CORRIENTES DE LIBRE DESTINACION,,,,,,NO APLICA,,,,,,CON SITUACION DE FONDOS,E.S.E. CENTRO DE SALUD - FLORESTA,NO DEFINIDO,45045160.0,40117816.0,40117816.0
7946489,20220301,220115276,E.S.E. Centro de Salud - Floresta,2.1.1.01.01.001.10,VIATICOS DE LOS FUNCIONARIOS EN COMISION,GASTOS,FUNCIONAMIENTO,GASTOS DE PERSONAL,PLANTA DE PERSONAL PERMANENTE,FACTORES CONSTITUTIVOS DE SALARIO,FACTORES SALARIALES COMUNES,VIATICOS DE LOS FUNCIONARIOS EN COMISION,No Aplica,No Aplica,No Aplica,VIGENCIA ACTUAL,ENTIDADES DIFERENTES A ENTIDADES TERRITORIALES - GESTION GENERAL,NO DEFINIDO,NO DEFINIDO,NO APLICA,,,2022,Primer Trimestre,,,,NO APLICA,INGRESOS CORRIENTES DE LIBRE DESTINACION,,,,,,NO APLICA,,,,,,CON SITUACION DE FONDOS,E.S.E. CENTRO DE SALUD - FLORESTA,NO DEFINIDO,479400.0,479400.0,479400.0
7949584,20230601,220115276,E.S.E. Centro de Salud - Floresta,2.1.1,GASTOS DE PERSONAL,GASTOS,FUNCIONAMIENTO,GASTOS DE PERSONAL,No Aplica,No Aplica,No Aplica,No Aplica,No Aplica,No Aplica,No Aplica,VIGENCIA ACTUAL,ENTIDADES DIFERENTES A ENTIDADES TERRITORIALES - UNIDAD DE SALUD,NO DEFINIDO,NO DEFINIDO,NO DEFINIDO,,,2023,Segundo Trimestre,,,,NO DEFINIDO,NO DEFINIDO,,,,,,NO DEFINIDO,,,,,,NO DEFINIDO,NO DEFINIDO,NO DEFINIDO,68681990.0,68681990.0,68681990.0
7950230,20221201,220115276,E.S.E. Centro de Salud - Floresta,2.4.1.01.02,CONTRIBUCIONES INHERENTES A LA NOMINA,GASTOS,GASTOS DE OPERACION COMERCIAL,GASTOS DE PERSONAL,PLANTA DE PERSONAL PERMANENTE,CONTRIBUCIONES INHERENTES A LA NOMINA,No Aplica,No Aplica,No Aplica,No Aplica,No Aplica,VIGENCIA ACTUAL,ENTIDADES DIFERENTES A ENTIDADES TERRITORIALES - GESTION GENERAL,NO DEFINIDO,NO DEFINIDO,NO DEFINIDO,,,2022,Cuarto Trimestre,,,,NO DEFINIDO,NO DEFINIDO,,,,,,NO DEFINIDO,,,,,,NO DEFINIDO,NO DEFINIDO,NO DEFINIDO,64954743.0,64954743.0,64954743.0
7956907,20230601,220115276,E.S.E. Centro de Salud - Floresta,2.4.1.01.02.002,APORTES A LA SEGURIDAD SOCIAL EN SALUD,GASTOS,GASTOS DE OPERACION COMERCIAL,GASTOS DE PERSONAL,PLANTA DE PERSONAL PERMANENTE,CONTRIBUCIONES INHERENTES A LA NOMINA,APORTES A LA SEGURIDAD SOCIAL EN SALUD,No Aplica,No Aplica,No Aplica,No Aplica,VIGENCIA ACTUAL,ENTIDADES DIFERENTES A ENTIDADES TERRITORIALES - UNIDAD DE SALUD,NO DEFINIDO,NO DEFINIDO,SALUD Y PROTECCION SOCIAL,,,2023,Segundo Trimestre,,,,NO APLICA,INGRESOS CORRIENTES DE LIBRE DESTINACION,,,,,,NO APLICA,,,,,,CON SITUACION DE FONDOS,E.S.E. CENTRO DE SALUD - FLORESTA,NO DEFINIDO,7171204.0,7171204.0,7171204.0
7961957,20230601,220115276,E.S.E. Centro de Salud - Floresta,2.1.2.02.01.003,"OTROS BIENES TRANSPORTABLES EXCEPTO PRODUCTOS METALICOS, MAQUINARIA Y EQUIPO",GASTOS,FUNCIONAMIENTO,ADQUISICION DE BIENES Y SERVICIOS,ADQUISICIONES DIFERENTES DE ACTIVOS,MATERIALES Y SUMINISTROS,"OTROS BIENES TRANSPORTABLES EXCEPTO PRODUCTOS METALICOS, MAQUINARIA Y EQUIPO",No Aplica,No Aplica,No Aplica,No Aplica,VIGENCIA ACTUAL,ENTIDADES DIFERENTES A ENTIDADES TERRITORIALES - UNIDAD DE SALUD,NO DEFINIDO,NO DEFINIDO,SALUD Y PROTECCION SOCIAL,,,2023,Segundo Trimestre,,,,PAPEL CON MEMBRETE VENTA AL POR MENOR,INGRESOS CORRIENTES DE LIBRE DESTINACION,,,,,,NO APLICA,,,,,,CON SITUACION DE FONDOS,NO APLICA,NO DEFINIDO,14778273.0,1724260.0,1724260.0
7966181,20220901,220115276,E.S.E. Centro de Salud - Floresta,2.4.1.01.03.001.01,VACACIONES,GASTOS,GASTOS DE OPERACION COMERCIAL,GASTOS DE PERSONAL,PLANTA DE PERSONAL PERMANENTE,REMUNERACIONES NO CONSTITUTIVAS DE FACTOR SALARIAL,PRESTACIONES SOCIALES,VACACIONES,No Aplica,No Aplica,No Aplica,VIGENCIA ACTUAL,ENTIDADES DIFERENTES A ENTIDADES TERRITORIALES - GESTION GENERAL,NO DEFINIDO,NO DEFINIDO,NO APLICA,,,2022,Tercer Trimestre,,,,NO APLICA,INGRESOS CORRIENTES DE LIBRE DESTINACION,,,,,,NO APLICA,,,,,,CON SITUACION DE FONDOS,NO APLICA,NO DEFINIDO,1168602.0,1168602.0,1168602.0
7979335,20220601,220115276,E.S.E. Centro de Salud - Floresta,2.4,GASTOS DE OPERACION COMERCIAL,GASTOS,GASTOS DE OPERACION COMERCIAL,No Aplica,No Aplica,No Aplica,No Aplica,No Aplica,No Aplica,No Aplica,No Aplica,VIGENCIA ACTUAL,ENTIDADES DIFERENTES A ENTIDADES TERRITORIALES - GESTION GENERAL,NO DEFINIDO,NO DEFINIDO,NO DEFINIDO,,,2022,Segundo Trimestre,,,,NO DEFINIDO,NO DEFINIDO,,,,,,NO DEFINIDO,,,,,,NO DEFINIDO,NO DEFINIDO,NO DEFINIDO,256598878.0,213582538.0,213582538.0
7985099,20220301,220115276,E.S.E. Centro de Salud - Floresta,2.1.2.02.01.002,"PRODUCTOS ALIMENTICIOS, BEBIDAS Y TABACO, TEXTILES, PRENDAS DE VESTIR Y PRODUCTOS DE CUERO",GASTOS,FUNCIONAMIENTO,ADQUISICION DE BIENES Y SERVICIOS,ADQUISICIONES DIFERENTES DE ACTIVOS,MATERIALES Y SUMINISTROS,"PRODUCTOS ALIMENTICIOS, BEBIDAS Y TABACO, TEXTILES, PRENDAS DE VESTIR Y PRODUCTOS DE CUERO",No Aplica,No Aplica,No Aplica,No Aplica,VIGENCIA ACTUAL,ENTIDADES DIFERENTES A ENTIDADES TERRITORIALES - GESTION GENERAL,NO DEFINIDO,NO DEFINIDO,NO APLICA,,,2022,Primer Trimestre,,,,OTROS SERVICIOS DIVERSOS N C P,INGRESOS CORRIENTES DE LIBRE DESTINACION,,,,,,NO APLICA,,,,,,CON SITUACION DE FONDOS,E.S.E. CENTRO DE SALUD - FLORESTA,NO DEFINIDO,165000.0,165000.0,165000.0
7999201,20230301,220115276,E.S.E. Centro de Salud - Floresta,2.4.1.01.01.001.06,PRIMA DE SERVICIO,GASTOS,GASTOS DE OPERACION COMERCIAL,GASTOS DE PERSONAL,PLANTA DE PERSONAL PERMANENTE,FACTORES CONSTITUTIVOS DE SALARIO,FACTORES SALARIALES COMUNES,PRIMA DE SERVICIO,No Aplica,No Aplica,No Aplica,VIGENCIA ACTUAL,ENTIDADES TERRITORIALES - SALUD,NO DEFINIDO,NO DEFINIDO,NO APLICA,,,2023,Primer Trimestre,,,,NO APLICA,INGRESOS CORRIENTES DE LIBRE DESTINACION,,,,,,NO APLICA,,,,,,CON SITUACION DE FONDOS,NO APLICA,NO DEFINIDO,706778.0,706778.0,706778.0
8018738,20220301,220115276,E.S.E. Centro de Salud - Floresta,2.4.1.01.02,CONTRIBUCIONES INHERENTES A LA NOMINA,GASTOS,GASTOS DE OPERACION COMERCIAL,GASTOS DE PERSONAL,PLANTA DE PERSONAL PERMANENTE,CONTRIBUCIONES INHERENTES A LA NOMINA,No Aplica,No Aplica,No Aplica,No Aplica,No Aplica,VIGENCIA ACTUAL,ENTIDADES DIFERENTES A ENTIDADES TERRITORIALES - GESTION GENERAL,NO DEFINIDO,NO DEFINIDO,NO DEFINIDO,,,2022,Primer Trimestre,,,,NO DEFINIDO,NO DEFINIDO,,,,,,NO DEFINIDO,,,,,,NO DEFINIDO,NO DEFINIDO,NO DEFINIDO,13768570.0,13768570.0,13768570.0
8021926,20220601,220115276,E.S.E. Centro de Salud - Floresta,2.3.2.01.01.004,ACTIVOS FIJOS NO CLASIFICADOS COMO MAQUINARIA Y EQUIPO,GASTOS,INVERSION,ADQUISICION DE BIENES Y SERVICIOS,ADQUISICION DE ACTIVOS NO FINANCIEROS,ACTIVOS FIJOS,ACTIVOS FIJOS NO CLASIFICADOS COMO MAQUINARIA Y EQUIPO,No Aplica,No Aplica,No Aplica,No Aplica,VIGENCIA ACTUAL,ENTIDADES DIFERENTES A ENTIDADES TERRITORIALES - GESTION GENERAL,NO DEFINIDO,NO DEFINIDO,NO DEFINIDO,,,2022,Segundo Trimestre,,,,NO DEFINIDO,NO DEFINIDO,,,,,,NO DEFINIDO,,,,,,NO DEFINIDO,NO DEFINIDO,NO DEFINIDO,9026799.0,9026799.0,9026799.0
8024279,20210901,220115276,E.S.E. Centro de Salud - Floresta,2.1,FUNCIONAMIENTO,GASTOS,FUNCIONAMIENTO,No Aplica,No Aplica,No Aplica,No Aplica,No Aplica,No Aplica,No Aplica,No Aplica,VIGENCIA ACTUAL,ENTIDADES TERRITORIALES - SALUD,NO DEFINIDO,NO DEFINIDO,NO DEFINIDO,,,2021,Tercer Trimestre,,,,NO DEFINIDO,NO DEFINIDO,,,,,,NO DEFINIDO,,,,,,NO DEFINIDO,NO DEFINIDO,NO DEFINIDO,463888412.0,340115399.0,340115399.0
8024726,20220901,220115276,E.S.E. Centro de Salud - Floresta,2.4.1.01.01.001,FACTORES SALARIALES COMUNES,GASTOS,GASTOS DE OPERACION COMERCIAL,GASTOS DE PERSONAL,PLANTA DE PERSONAL PERMANENTE,FACTORES CONSTITUTIVOS DE SALARIO,FACTORES SALARIALES COMUNES,No Aplica,No Aplica,No Aplica,No Aplica,VIGENCIA ACTUAL,ENTIDADES DIFERENTES A ENTIDADES TERRITORIALES - GESTION GENERAL,NO DEFINIDO,NO DEFINIDO,NO DEFINIDO,,,2022,Tercer Trimestre,,,,NO DEFINIDO,NO DEFINIDO,,,,,,NO DEFINIDO,,,,,,NO DEFINIDO,NO DEFINIDO,NO DEFINIDO,133128071.0,129601043.0,129601043.0
8028874,20210601,220115276,E.S.E. Centro de Salud - Floresta,2.1.1.01.03,REMUNERACIONES NO CONSTITUTIVAS DE FACTOR SALARIAL,GASTOS,FUNCIONAMIENTO,GASTOS DE PERSONAL,PLANTA DE PERSONAL PERMANENTE,REMUNERACIONES NO CONSTITUTIVAS DE FACTOR SALARIAL,No Aplica,No Aplica,No Aplica,No Aplica,No Aplica,VIGENCIA ACTUAL,ENTIDADES DIFERENTES A ENTIDADES TERRITORIALES - UNIDAD DE SALUD,NO DEFINIDO,NO DEFINIDO,NO DEFINIDO,,,2021,Segundo Trimestre,,,,NO DEFINIDO,NO DEFINIDO,,,,,,NO DEFINIDO,,,,,,NO DEFINIDO,NO DEFINIDO,NO DEFINIDO,6464604.0,6464604.0,6464604.0
8041609,20220901,220115276,E.S.E. Centro de Salud - Floresta,2.1.2.02,ADQUISICIONES DIFERENTES DE ACTIVOS,GASTOS,FUNCIONAMIENTO,ADQUISICION DE BIENES Y SERVICIOS,ADQUISICIONES DIFERENTES DE ACTIVOS,No Aplica,No Aplica,No Aplica,No Aplica,No Aplica,No Aplica,VIGENCIA ACTUAL,ENTIDADES DIFERENTES A ENTIDADES TERRITORIALES - GESTION GENERAL,NO DEFINIDO,NO DEFINIDO,NO DEFINIDO,,,2022,Tercer Trimestre,,,,NO DEFINIDO,NO DEFINIDO,,,,,,NO DEFINIDO,,,,,,NO DEFINIDO,NO DEFINIDO,NO DEFINIDO,203279460.0,138114956.0,138114956.0
8044023,20230301,220115276,E.S.E. Centro de Salud - Floresta,2.4.5.02,ADQUISICION DE SERVICIOS,GASTOS,GASTOS DE OPERACION COMERCIAL,GASTOS DE COMERCIALIZACION Y PRODUCCION,ADQUISICION DE SERVICIOS,No Aplica,No Aplica,No Aplica,No Aplica,No Aplica,No Aplica,VIGENCIA ACTUAL,ENTIDADES TERRITORIALES - SALUD,NO DEFINIDO,NO DEFINIDO,NO DEFINIDO,,,2023,Primer Trimestre,,,,NO DEFINIDO,NO DEFINIDO,,,,,,NO DEFINIDO,,,,,,NO DEFINIDO,NO DEFINIDO,NO DEFINIDO,55840000.0,20039615.0,20039615.0
8053842,20210601,220115276,E.S.E. Centro de Salud - Floresta,2.1.2.02,ADQUISICIONES DIFERENTES DE ACTIVOS,GASTOS,FUNCIONAMIENTO,ADQUISICION DE BIENES Y SERVICIOS,ADQUISICIONES DIFERENTES DE ACTIVOS,No Aplica,No Aplica,No Aplica,No Aplica,No Aplica,No Aplica,VIGENCIA ACTUAL,ENTIDADES DIFERENTES A ENTIDADES TERRITORIALES - UNIDAD DE SALUD,NO DEFINIDO,NO DEFINIDO,NO DEFINIDO,,,2021,Segundo Trimestre,,,,NO DEFINIDO,NO DEFINIDO,,,,,,NO DEFINIDO,,,,,,NO DEFINIDO,NO DEFINIDO,NO DEFINIDO,230261726.0,130154606.0,130154606.0
8062169,20220901,220115276,E.S.E. Centro de Salud - Floresta,2.4.1.01.02,CONTRIBUCIONES INHERENTES A LA NOMINA,GASTOS,GASTOS DE OPERACION COMERCIAL,GASTOS DE PERSONAL,PLANTA DE PERSONAL PERMANENTE,CONTRIBUCIONES INHERENTES A LA NOMINA,No Aplica,No Aplica,No Aplica,No Aplica,No Aplica,VIGENCIA ACTUAL,ENTIDADES DIFERENTES A ENTIDADES TERRITORIALES - GESTION GENERAL,NO DEFINIDO,NO DEFINIDO,NO DEFINIDO,,,2022,Tercer Trimestre,,,,NO DEFINIDO,NO DEFINIDO,,,,,,NO DEFINIDO,,,,,,NO DEFINIDO,NO DEFINIDO,NO DEFINIDO,38246578.0,38246578.0,38246578.0
8062700,20230301,220115276,E.S.E. Centro de Salud - Floresta,2.1.2.02.01,MATERIALES Y SUMINISTROS,GASTOS,FUNCIONAMIENTO,ADQUISICION DE BIENES Y SERVICIOS,ADQUISICIONES DIFERENTES DE ACTIVOS,MATERIALES Y SUMINISTROS,No Aplica,No Aplica,No Aplica,No Aplica,No Aplica,VIGENCIA ACTUAL,ENTIDADES TERRITORIALES - SALUD,NO DEFINIDO,NO DEFINIDO,NO DEFINIDO,,,2023,Primer Trimestre,,,,NO DEFINIDO,NO DEFINIDO,,,,,,NO DEFINIDO,,,,,,NO DEFINIDO,NO DEFINIDO,NO DEFINIDO,4373000.0,2584515.0,2584515.0
8065484,20220601,220115276,E.S.E. Centro de Salud - Floresta,2.1.1.01.03.001.03,BONIFICACION ESPECIAL DE RECREACION,GASTOS,FUNCIONAMIENTO,GASTOS DE PERSONAL,PLANTA DE PERSONAL PERMANENTE,REMUNERACIONES NO CONSTITUTIVAS DE FACTOR SALARIAL,PRESTACIONES SOCIALES,BONIFICACION ESPECIAL DE RECREACION,No Aplica,No Aplica,No Aplica,VIGENCIA ACTUAL,ENTIDADES DIFERENTES A ENTIDADES TERRITORIALES - GESTION GENERAL,NO DEFINIDO,NO DEFINIDO,NO APLICA,,,2022,Segundo Trimestre,,,,NO APLICA,INGRESOS CORRIENTES DE LIBRE DESTINACION,,,,,,NO APLICA,,,,,,CON SITUACION DE FONDOS,NO APLICA,NO DEFINIDO,245059.0,245059.0,245059.0
8067439,20220301,220115276,E.S.E. Centro de Salud - Floresta,2.1.1.01.02.004,APORTES A CAJAS DE COMPENSACION FAMILIAR,GASTOS,FUNCIONAMIENTO,GASTOS DE PERSONAL,PLANTA DE PERSONAL PERMANENTE,CONTRIBUCIONES INHERENTES A LA NOMINA,APORTES A CAJAS DE COMPENSACION FAMILIAR,No Aplica,No Aplica,No Aplica,No Aplica,VIGENCIA ACTUAL,ENTIDADES DIFERENTES A ENTIDADES TERRITORIALES - GESTION GENERAL,NO DEFINIDO,NO DEFINIDO,NO APLICA,,,2022,Primer Trimestre,,,,NO APLICA,INGRESOS CORRIENTES DE LIBRE DESTINACION,,,,,,NO APLICA,,,,,,CON SITUACION DE FONDOS,NO APLICA,NO DEFINIDO,571050.0,571050.0,571050.0
8070392,20211201,220115276,E.S.E. Centro de Salud - Floresta,2.1.2.02,ADQUISICIONES DIFERENTES DE ACTIVOS,GASTOS,FUNCIONAMIENTO,ADQUISICION DE BIENES Y SERVICIOS,ADQUISICIONES DIFERENTES DE ACTIVOS,No Aplica,No Aplica,No Aplica,No Aplica,No Aplica,No Aplica,VIGENCIA ACTUAL,ENTIDADES TERRITORIALES - SALUD,NO DEFINIDO,NO DEFINIDO,NO DEFINIDO,,,2021,Cuarto Trimestre,,,,NO DEFINIDO,NO DEFINIDO,,,,,,NO DEFINIDO,,,,,,NO DEFINIDO,NO DEFINIDO,NO DEFINIDO,462015724.0,462015724.0,448952510.0
8071966,20220901,220115276,E.S.E. Centro de Salud - Floresta,2.1.2.01.01.003.06.01,APARATOS MEDICOS Y QUIRURGICOS Y APARATOS ORTESICOS Y PROTESICOS,GASTOS,FUNCIONAMIENTO,ADQUISICION DE BIENES Y SERVICIOS,ADQUISICION DE ACTIVOS NO FINANCIEROS,ACTIVOS FIJOS,MAQUINARIA Y EQUIPO,"APARATOS MEDICOS, INSTRUMENTOS OPTICOS Y DE PRECISION, RELOJES",APARATOS MEDICOS Y QUIRURGICOS Y APARATOS ORTESICOS Y PROTESICOS,No Aplica,No Aplica,VIGENCIA ACTUAL,ENTIDADES DIFERENTES A ENTIDADES TERRITORIALES - GESTION GENERAL,NO DEFINIDO,NO DEFINIDO,NO APLICA,,,2022,Tercer Trimestre,,,,NO APLICA,INGRESOS CORRIENTES DE LIBRE DESTINACION,,,,,,NO APLICA,,,,,,CON SITUACION DE FONDOS,E.S.E. CENTRO DE SALUD - FLORESTA,NO DEFINIDO,960000.0,960000.0,960000.0
8089763,20221201,220115276,E.S.E. Centro de Salud - Floresta,2.1.2.02.01.004,PRODUCTOS METALICOS Y PAQUETES DE SOFTWARE,GASTOS,FUNCIONAMIENTO,ADQUISICION DE BIENES Y SERVICIOS,ADQUISICIONES DIFERENTES DE ACTIVOS,MATERIALES Y SUMINISTROS,PRODUCTOS METALICOS Y PAQUETES DE SOFTWARE,No Aplica,No Aplica,No Aplica,No Aplica,VIGENCIA ACTUAL,ENTIDADES DIFERENTES A ENTIDADES TERRITORIALES - GESTION GENERAL,NO DEFINIDO,NO DEFINIDO,NO APLICA,,,2022,Cuarto Trimestre,,,,OTROS SERVICIOS DIVERSOS N C P,INGRESOS CORRIENTES DE LIBRE DESTINACION,,,,,,NO APLICA,,,,,,CON SITUACION DE FONDOS,INSTITUTO NACIONAL DE SALUD,NO DEFINIDO,7492275.0,7492275.0,7492275.0
8111843,20210301,220115276,E.S.E. Centro de Salud - Floresta,2.1.1.01.03.001,PRESTACIONES SOCIALES,GASTOS,FUNCIONAMIENTO,GASTOS DE PERSONAL,PLANTA DE PERSONAL PERMANENTE,REMUNERACIONES NO CONSTITUTIVAS DE FACTOR SALARIAL,PRESTACIONES SOCIALES,No Aplica,No Aplica,No Aplica,No Aplica,VIGENCIA ACTUAL,ENTIDADES DIFERENTES A ENTIDADES TERRITORIALES - UNIDAD DE SALUD,NO DEFINIDO,NO DEFINIDO,NO DEFINIDO,,,2021,Primer Trimestre,,,,NO DEFINIDO,NO DEFINIDO,,,,,,NO DEFINIDO,,,,,,NO DEFINIDO,NO DEFINIDO,NO DEFINIDO,1202923.0,1202923.0,1202923.0
8117966,20220901,220115276,E.S.E. Centro de Salud - Floresta,2.3.2.01.01.003.03,"MAQUINARIA DE OFICINA, CONTABILIDAD E INFORMATICA",GASTOS,INVERSION,ADQUISICION DE BIENES Y SERVICIOS,ADQUISICION DE ACTIVOS NO FINANCIEROS,ACTIVOS FIJOS,MAQUINARIA Y EQUIPO,"MAQUINARIA DE OFICINA, CONTABILIDAD E INFORMATICA",No Aplica,No Aplica,No Aplica,VIGENCIA ACTUAL,ENTIDADES DIFERENTES A ENTIDADES TERRITORIALES - GESTION GENERAL,NO DEFINIDO,NO DEFINIDO,NO DEFINIDO,,,2022,Tercer Trimestre,,,,NO DEFINIDO,NO DEFINIDO,,,,,,NO DEFINIDO,,,,,,NO DEFINIDO,NO DEFINIDO,NO DEFINIDO,2000000.0,0.0,0.0
8118147,20220901,220115276,E.S.E. Centro de Salud - Floresta,2.4.5.01,MATERIALES Y SUMINISTROS,GASTOS,GASTOS DE OPERACION COMERCIAL,GASTOS DE COMERCIALIZACION Y PRODUCCION,MATERIALES Y SUMINISTROS,No Aplica,No Aplica,No Aplica,No Aplica,No Aplica,No Aplica,VIGENCIA ACTUAL,ENTIDADES DIFERENTES A ENTIDADES TERRITORIALES - GESTION GENERAL,NO DEFINIDO,NO DEFINIDO,NO DEFINIDO,,,2022,Tercer Trimestre,,,,NO DEFINIDO,NO DEFINIDO,,,,,,NO DEFINIDO,,,,,,NO DEFINIDO,NO DEFINIDO,NO DEFINIDO,52916996.0,47530688.0,47530688.0
8138198,20230601,220115276,E.S.E. Centro de Salud - Floresta,2.1.1.01.01.001.01,SUELDO BASICO,GASTOS,FUNCIONAMIENTO,GASTOS DE PERSONAL,PLANTA DE PERSONAL PERMANENTE,FACTORES CONSTITUTIVOS DE SALARIO,FACTORES SALARIALES COMUNES,SUELDO BASICO,No Aplica,No Aplica,No Aplica,VIGENCIA ACTUAL,ENTIDADES DIFERENTES A ENTIDADES TERRITORIALES - UNIDAD DE SALUD,NO DEFINIDO,NO DEFINIDO,SALUD Y PROTECCION SOCIAL,,,2023,Segundo Trimestre,,,,NO APLICA,INGRESOS CORRIENTES DE LIBRE DESTINACION,,,,,,NO APLICA,,,,,,CON SITUACION DE FONDOS,NO APLICA,NO DEFINIDO,43724070.0,43724070.0,43724070.0
8140577,20230601,220115276,E.S.E. Centro de Salud - Floresta,2.1.2.02.01,MATERIALES Y SUMINISTROS,GASTOS,FUNCIONAMIENTO,ADQUISICION DE BIENES Y SERVICIOS,ADQUISICIONES DIFERENTES DE ACTIVOS,MATERIALES Y SUMINISTROS,No Aplica,No Aplica,No Aplica,No Aplica,No Aplica,VIGENCIA ACTUAL,ENTIDADES DIFERENTES A ENTIDADES TERRITORIALES - UNIDAD DE SALUD,NO DEFINIDO,NO DEFINIDO,NO DEFINIDO,,,2023,Segundo Trimestre,,,,NO DEFINIDO,NO DEFINIDO,,,,,,NO DEFINIDO,,,,,,NO DEFINIDO,NO DEFINIDO,NO DEFINIDO,78589295.0,40580537.0,40580537.0
8142970,20230601,220115276,E.S.E. Centro de Salud - Floresta,2.1.1.01.02,CONTRIBUCIONES INHERENTES A LA NOMINA,GASTOS,FUNCIONAMIENTO,GASTOS DE PERSONAL,PLANTA DE PERSONAL PERMANENTE,CONTRIBUCIONES INHERENTES A LA NOMINA,No Aplica,No Aplica,No Aplica,No Aplica,No Aplica,VIGENCIA ACTUAL,ENTIDADES DIFERENTES A ENTIDADES TERRITORIALES - UNIDAD DE SALUD,NO DEFINIDO,NO DEFINIDO,NO DEFINIDO,,,2023,Segundo Trimestre,,,,NO DEFINIDO,NO DEFINIDO,,,,,,NO DEFINIDO,,,,,,NO DEFINIDO,NO DEFINIDO,NO DEFINIDO,16290181.0,16290181.0,16290181.0
8155334,20220601,220115276,E.S.E. Centro de Salud - Floresta,2.4.1.01.03,REMUNERACIONES NO CONSTITUTIVAS DE FACTOR SALARIAL,GASTOS,GASTOS DE OPERACION COMERCIAL,GASTOS DE PERSONAL,PLANTA DE PERSONAL PERMANENTE,REMUNERACIONES NO CONSTITUTIVAS DE FACTOR SALARIAL,No Aplica,No Aplica,No Aplica,No Aplica,No Aplica,VIGENCIA ACTUAL,ENTIDADES DIFERENTES A ENTIDADES TERRITORIALES - GESTION GENERAL,NO DEFINIDO,NO DEFINIDO,NO DEFINIDO,,,2022,Segundo Trimestre,,,,NO DEFINIDO,NO DEFINIDO,,,,,,NO DEFINIDO,,,,,,NO DEFINIDO,NO DEFINIDO,NO DEFINIDO,4031438.0,4031438.0,4031438.0
8170510,20210601,220115276,E.S.E. Centro de Salud - Floresta,2.1.8.03,TASAS Y DERECHOS ADMINISTRATIVOS,GASTOS,FUNCIONAMIENTO,"GASTOS POR TRIBUTOS, TASAS, CONTRIBUCIONES, MULTAS, SANCIONES E INTERESES DE MORA",TASAS Y DERECHOS ADMINISTRATIVOS,No Aplica,No Aplica,No Aplica,No Aplica,No Aplica,No Aplica,VIGENCIA ACTUAL,ENTIDADES DIFERENTES A ENTIDADES TERRITORIALES - UNIDAD DE SALUD,NO DEFINIDO,NO DEFINIDO,NO APLICA,,,2021,Segundo Trimestre,,,,NO APLICA,1.2.1.0.00 - INGRESOS CORRIENTES DE LIBRE DESTINACION,,,,,,NO APLICA,,,,,,CON SITUACION DE FONDOS,NO APLICA,NO DEFINIDO,589087.0,589087.0,589087.0
8173094,20210901,220115276,E.S.E. Centro de Salud - Floresta,2.1.1.01.01.001,FACTORES SALARIALES COMUNES,GASTOS,FUNCIONAMIENTO,GASTOS DE PERSONAL,PLANTA DE PERSONAL PERMANENTE,FACTORES CONSTITUTIVOS DE SALARIO,FACTORES SALARIALES COMUNES,No Aplica,No Aplica,No Aplica,No Aplica,VIGENCIA ACTUAL,ENTIDADES TERRITORIALES - SALUD,NO DEFINIDO,NO DEFINIDO,NO DEFINIDO,,,2021,Tercer Trimestre,,,,NO DEFINIDO,NO DEFINIDO,,,,,,NO DEFINIDO,,,,,,NO DEFINIDO,NO DEFINIDO,NO DEFINIDO,51474213.0,51254622.0,51254622.0
8173411,20230301,220115276,E.S.E. Centro de Salud - Floresta,2,GASTOS,GASTOS,No Aplica,No Aplica,No Aplica,No Aplica,No Aplica,No Aplica,No Aplica,No Aplica,No Aplica,VIGENCIA ACTUAL,ENTIDADES TERRITORIALES - SALUD,NO DEFINIDO,NO DEFINIDO,NO DEFINIDO,,,2023,Primer Trimestre,,,,NO DEFINIDO,NO DEFINIDO,,,,,,NO DEFINIDO,,,,,,NO DEFINIDO,NO DEFINIDO,NO DEFINIDO,230955603.0,130099047.0,130099047.0
8177666,20211201,220115276,E.S.E. Centro de Salud - Floresta,2.1.1.01.02.007,APORTES AL SENA,GASTOS,FUNCIONAMIENTO,GASTOS DE PERSONAL,PLANTA DE PERSONAL PERMANENTE,CONTRIBUCIONES INHERENTES A LA NOMINA,APORTES AL SENA,No Aplica,No Aplica,No Aplica,No Aplica,VIGENCIA ACTUAL,ENTIDADES TERRITORIALES - SALUD,NO DEFINIDO,NO DEFINIDO,NO APLICA,,,2021,Cuarto Trimestre,,,,NO APLICA,INGRESOS CORRIENTES DE LIBRE DESTINACION,,,,,,NO APLICA,,,,,,CON SITUACION DE FONDOS,SERVICIO NACIONAL DE APRENDIZAJE,NO DEFINIDO,3662500.0,3662500.0,3662500.0
8184577,20230601,220115276,E.S.E. Centro de Salud - Floresta,2.4.1.01.01.001.08.01,PRIMA DE NAVIDAD,GASTOS,GASTOS DE OPERACION COMERCIAL,GASTOS DE PERSONAL,PLANTA DE PERSONAL PERMANENTE,FACTORES CONSTITUTIVOS DE SALARIO,FACTORES SALARIALES COMUNES,PRESTACIONES SOCIALES,PRIMA DE NAVIDAD,No Aplica,No Aplica,VIGENCIA ACTUAL,ENTIDADES DIFERENTES A ENTIDADES TERRITORIALES - UNIDAD DE SALUD,NO DEFINIDO,NO DEFINIDO,SALUD Y PROTECCION SOCIAL,,,2023,Segundo Trimestre,,,,NO APLICA,INGRESOS CORRIENTES DE LIBRE DESTINACION,,,,,,NO APLICA,,,,,,CON SITUACION DE FONDOS,NO APLICA,NO DEFINIDO,1044092.0,1044092.0,1044092.0
8184586,20210901,220115276,E.S.E. Centro de Salud - Floresta,2.1.2,ADQUISICION DE BIENES Y SERVICIOS,GASTOS,FUNCIONAMIENTO,ADQUISICION DE BIENES Y SERVICIOS,No Aplica,No Aplica,No Aplica,No Aplica,No Aplica,No Aplica,No Aplica,VIGENCIA ACTUAL,ENTIDADES TERRITORIALES - SALUD,NO DEFINIDO,NO DEFINIDO,NO DEFINIDO,,,2021,Tercer Trimestre,,,,NO DEFINIDO,NO DEFINIDO,,,,,,NO DEFINIDO,,,,,,NO DEFINIDO,NO DEFINIDO,NO DEFINIDO,356629554.0,233076132.0,233076132.0
8192119,20230601,220115276,E.S.E. Centro de Salud - Floresta,2.4.1.01.02.007,APORTES AL SENA,GASTOS,GASTOS DE OPERACION COMERCIAL,GASTOS DE PERSONAL,PLANTA DE PERSONAL PERMANENTE,CONTRIBUCIONES INHERENTES A LA NOMINA,APORTES AL SENA,No Aplica,No Aplica,No Aplica,No Aplica,VIGENCIA ACTUAL,ENTIDADES DIFERENTES A ENTIDADES TERRITORIALES - UNIDAD DE SALUD,NO DEFINIDO,NO DEFINIDO,SALUD Y PROTECCION SOCIAL,,,2023,Segundo Trimestre,,,,NO APLICA,INGRESOS CORRIENTES DE LIBRE DESTINACION,,,,,,NO APLICA,,,,,,CON SITUACION DE FONDOS,SERVICIO NACIONAL DE APRENDIZAJE,NO DEFINIDO,1943700.0,1943700.0,1943700.0
8202172,20220901,220115276,E.S.E. Centro de Salud - Floresta,2.4.1.01.01.001.01,SUELDO BASICO,GASTOS,GASTOS DE OPERACION COMERCIAL,GASTOS DE PERSONAL,PLANTA DE PERSONAL PERMANENTE,FACTORES CONSTITUTIVOS DE SALARIO,FACTORES SALARIALES COMUNES,SUELDO BASICO,No Aplica,No Aplica,No Aplica,VIGENCIA ACTUAL,ENTIDADES DIFERENTES A ENTIDADES TERRITORIALES - GESTION GENERAL,NO DEFINIDO,NO DEFINIDO,NO APLICA,,,2022,Tercer Trimestre,,,,NO APLICA,INGRESOS CORRIENTES DE LIBRE DESTINACION,,,,,,NO APLICA,,,,,,CON SITUACION DE FONDOS,E.S.E. CENTRO DE SALUD - FLORESTA,NO DEFINIDO,115680614.0,112357058.0,112357058.0
8212134,20221201,220115276,E.S.E. Centro de Salud - Floresta,2.3.2.01.01.003.06,"APARATOS MEDICOS, INSTRUMENTOS OPTICOS Y DE PRECISION, RELOJES",GASTOS,INVERSION,ADQUISICION DE BIENES Y SERVICIOS,ADQUISICION DE ACTIVOS NO FINANCIEROS,ACTIVOS FIJOS,MAQUINARIA Y EQUIPO,"APARATOS MEDICOS, INSTRUMENTOS OPTICOS Y DE PRECISION, RELOJES",No Aplica,No Aplica,No Aplica,VIGENCIA ACTUAL,ENTIDADES DIFERENTES A ENTIDADES TERRITORIALES - GESTION GENERAL,NO DEFINIDO,NO DEFINIDO,NO DEFINIDO,,,2022,Cuarto Trimestre,,,,NO DEFINIDO,NO DEFINIDO,,,,,,NO DEFINIDO,,,,,,NO DEFINIDO,NO DEFINIDO,NO DEFINIDO,42802359.0,42802359.0,42802359.0
8213299,20230601,220115276,E.S.E. Centro de Salud - Floresta,2.3.2.01.01.003.03,"MAQUINARIA DE OFICINA, CONTABILIDAD E INFORMATICA",GASTOS,INVERSION,ADQUISICION DE BIENES Y SERVICIOS,ADQUISICION DE ACTIVOS NO FINANCIEROS,ACTIVOS FIJOS,MAQUINARIA Y EQUIPO,"MAQUINARIA DE OFICINA, CONTABILIDAD E INFORMATICA",No Aplica,No Aplica,No Aplica,VIGENCIA ACTUAL,ENTIDADES DIFERENTES A ENTIDADES TERRITORIALES - UNIDAD DE SALUD,NO DEFINIDO,NO DEFINIDO,NO DEFINIDO,,,2023,Segundo Trimestre,,,,NO DEFINIDO,NO DEFINIDO,,,,,,NO DEFINIDO,,,,,,NO DEFINIDO,NO DEFINIDO,NO DEFINIDO,5530000.0,5530000.0,5530000.0
8213395,20221201,220115276,E.S.E. Centro de Salud - Floresta,2.1.1.01.03.001.03,BONIFICACION ESPECIAL DE RECREACION,GASTOS,FUNCIONAMIENTO,GASTOS DE PERSONAL,PLANTA DE PERSONAL PERMANENTE,REMUNERACIONES NO CONSTITUTIVAS DE FACTOR SALARIAL,PRESTACIONES SOCIALES,BONIFICACION ESPECIAL DE RECREACION,No Aplica,No Aplica,No Aplica,VIGENCIA ACTUAL,ENTIDADES DIFERENTES A ENTIDADES TERRITORIALES - GESTION GENERAL,NO DEFINIDO,NO DEFINIDO,NO APLICA,,,2022,Cuarto Trimestre,,,,NO APLICA,INGRESOS CORRIENTES DE LIBRE DESTINACION,,,,,,NO APLICA,,,,,,CON SITUACION DE FONDOS,NO APLICA,NO DEFINIDO,420685.0,420685.0,420685.0
8219797,20210601,220115276,E.S.E. Centro de Salud - Floresta,2.1.1.01.02.007,APORTES AL SENA,GASTOS,FUNCIONAMIENTO,GASTOS DE PERSONAL,PLANTA DE PERSONAL PERMANENTE,CONTRIBUCIONES INHERENTES A LA NOMINA,APORTES AL SENA,No Aplica,No Aplica,No Aplica,No Aplica,VIGENCIA ACTUAL,ENTIDADES DIFERENTES A ENTIDADES TERRITORIALES - UNIDAD DE SALUD,NO DEFINIDO,NO DEFINIDO,NO APLICA,,,2021,Segundo Trimestre,,,,NO APLICA,1.2.1.0.00 - INGRESOS CORRIENTES DE LIBRE DESTINACION,,,,,,NO APLICA,,,,,,CON SITUACION DE FONDOS,NO APLICA,NO DEFINIDO,1916900.0,1916900.0,1916900.0
8222032,20220901,220115276,E.S.E. Centro de Salud - Floresta,2.1.2.02.01.003,"OTROS BIENES TRANSPORTABLES EXCEPTO PRODUCTOS METALICOS, MAQUINARIA Y EQUIPO",GASTOS,FUNCIONAMIENTO,ADQUISICION DE BIENES Y SERVICIOS,ADQUISICIONES DIFERENTES DE ACTIVOS,MATERIALES Y SUMINISTROS,"OTROS BIENES TRANSPORTABLES EXCEPTO PRODUCTOS METALICOS, MAQUINARIA Y EQUIPO",No Aplica,No Aplica,No Aplica,No Aplica,VIGENCIA ACTUAL,ENTIDADES DIFERENTES A ENTIDADES TERRITORIALES - GESTION GENERAL,NO DEFINIDO,NO DEFINIDO,NO APLICA,,,2022,Tercer Trimestre,,,,OTROS SERVICIOS DIVERSOS N C P,INGRESOS CORRIENTES DE LIBRE DESTINACION,,,,,,NO APLICA,,,,,,CON SITUACION DE FONDOS,E.S.E. CENTRO DE SALUD - FLORESTA,NO DEFINIDO,15524942.0,15524942.0,15524942.0
8225355,20210601,220115276,E.S.E. Centro de Salud - Floresta,2.1.2.02.02,ADQUISICION DE SERVICIOS,GASTOS,FUNCIONAMIENTO,ADQUISICION DE BIENES Y SERVICIOS,ADQUISICIONES DIFERENTES DE ACTIVOS,ADQUISICION DE SERVICIOS,No Aplica,No Aplica,No Aplica,No Aplica,No Aplica,VIGENCIA ACTUAL,ENTIDADES DIFERENTES A ENTIDADES TERRITORIALES - UNIDAD DE SALUD,NO DEFINIDO,NO DEFINIDO,NO DEFINIDO,,,2021,Segundo Trimestre,,,,NO DEFINIDO,NO DEFINIDO,,,,,,NO DEFINIDO,,,,,,NO DEFINIDO,NO DEFINIDO,NO DEFINIDO,214515389.0,116208269.0,116208269.0
8237890,20210301,220115276,E.S.E. Centro de Salud - Floresta,2.1.1.01.01,FACTORES CONSTITUTIVOS DE SALARIO,GASTOS,FUNCIONAMIENTO,GASTOS DE PERSONAL,PLANTA DE PERSONAL PERMANENTE,FACTORES CONSTITUTIVOS DE SALARIO,No Aplica,No Aplica,No Aplica,No Aplica,No Aplica,VIGENCIA ACTUAL,ENTIDADES DIFERENTES A ENTIDADES TERRITORIALES - UNIDAD DE SALUD,NO DEFINIDO,NO DEFINIDO,NO DEFINIDO,,,2021,Primer Trimestre,,,,NO DEFINIDO,NO DEFINIDO,,,,,,NO DEFINIDO,,,,,,NO DEFINIDO,NO DEFINIDO,NO DEFINIDO,62431561.0,51802120.0,51802120.0
8239702,20221201,220115276,E.S.E. Centro de Salud - Floresta,2.1.2.02.02.008,SERVICIOS PRESTADOS A LAS EMPRESAS Y SERVICIOS DE PRODUCCION,GASTOS,FUNCIONAMIENTO,ADQUISICION DE BIENES Y SERVICIOS,ADQUISICIONES DIFERENTES DE ACTIVOS,ADQUISICION DE SERVICIOS,SERVICIOS PRESTADOS A LAS EMPRESAS Y SERVICIOS DE PRODUCCION,No Aplica,No Aplica,No Aplica,No Aplica,VIGENCIA ACTUAL,ENTIDADES DIFERENTES A ENTIDADES TERRITORIALES - GESTION GENERAL,NO DEFINIDO,NO DEFINIDO,NO APLICA,,,2022,Cuarto Trimestre,,,,OTROS SERVICIOS DIVERSOS N C P,INGRESOS CORRIENTES DE LIBRE DESTINACION,,,,,,NO APLICA,,,,,,CON SITUACION DE FONDOS,NO APLICA,NO DEFINIDO,166351065.0,166351065.0,166351065.0
8256503,20220601,220115276,E.S.E. Centro de Salud - Floresta,2.4.1.01.01.001.07,BONIFICACION POR SERVICIOS PRESTADOS,GASTOS,GASTOS DE OPERACION COMERCIAL,GASTOS DE PERSONAL,PLANTA DE PERSONAL PERMANENTE,FACTORES CONSTITUTIVOS DE SALARIO,FACTORES SALARIALES COMUNES,BONIFICACION POR SERVICIOS PRESTADOS,No Aplica,No Aplica,No Aplica,VIGENCIA ACTUAL,ENTIDADES DIFERENTES A ENTIDADES TERRITORIALES - GESTION GENERAL,NO DEFINIDO,NO DEFINIDO,NO APLICA,,,2022,Segundo Trimestre,,,,NO APLICA,INGRESOS CORRIENTES DE LIBRE DESTINACION,,,,,,NO APLICA,,,,,,CON SITUACION DE FONDOS,E.S.E. CENTRO DE SALUD - FLORESTA,NO DEFINIDO,1562163.0,1562163.0,1562163.0
8259174,20220301,220115276,E.S.E. Centro de Salud - Floresta,2.4.1.01.01.001.08.01,PRIMA DE NAVIDAD,GASTOS,GASTOS DE OPERACION COMERCIAL,GASTOS DE PERSONAL,PLANTA DE PERSONAL PERMANENTE,FACTORES CONSTITUTIVOS DE SALARIO,FACTORES SALARIALES COMUNES,PRESTACIONES SOCIALES,PRIMA DE NAVIDAD,No Aplica,No Aplica,VIGENCIA ACTUAL,ENTIDADES DIFERENTES A ENTIDADES TERRITORIALES - GESTION GENERAL,NO DEFINIDO,NO DEFINIDO,NO APLICA,,,2022,Primer Trimestre,,,,NO APLICA,INGRESOS CORRIENTES DE LIBRE DESTINACION,,,,,,NO APLICA,,,,,,CON SITUACION DE FONDOS,NO APLICA,NO DEFINIDO,110744.0,110744.0,110744.0
8266259,20220901,220115276,E.S.E. Centro de Salud - Floresta,2.1.2.02.01,MATERIALES Y SUMINISTROS,GASTOS,FUNCIONAMIENTO,ADQUISICION DE BIENES Y SERVICIOS,ADQUISICIONES DIFERENTES DE ACTIVOS,MATERIALES Y SUMINISTROS,No Aplica,No Aplica,No Aplica,No Aplica,No Aplica,VIGENCIA ACTUAL,ENTIDADES DIFERENTES A ENTIDADES TERRITORIALES - GESTION GENERAL,NO DEFINIDO,NO DEFINIDO,NO DEFINIDO,,,2022,Tercer Trimestre,,,,NO DEFINIDO,NO DEFINIDO,,,,,,NO DEFINIDO,,,,,,NO DEFINIDO,NO DEFINIDO,NO DEFINIDO,30434442.0,29830157.0,29830157.0
8271212,20220601,220115276,E.S.E. Centro de Salud - Floresta,2.1.2.02.01,MATERIALES Y SUMINISTROS,GASTOS,FUNCIONAMIENTO,ADQUISICION DE BIENES Y SERVICIOS,ADQUISICIONES DIFERENTES DE ACTIVOS,MATERIALES Y SUMINISTROS,No Aplica,No Aplica,No Aplica,No Aplica,No Aplica,VIGENCIA ACTUAL,ENTIDADES DIFERENTES A ENTIDADES TERRITORIALES - GESTION GENERAL,NO DEFINIDO,NO DEFINIDO,NO DEFINIDO,,,2022,Segundo Trimestre,,,,NO DEFINIDO,NO DEFINIDO,,,,,,NO DEFINIDO,,,,,,NO DEFINIDO,NO DEFINIDO,NO DEFINIDO,7889942.0,6289942.0,6289942.0
8272828,20230301,220115276,E.S.E. Centro de Salud - Floresta,2.4.1.01.03,REMUNERACIONES NO CONSTITUTIVAS DE FACTOR SALARIAL,GASTOS,GASTOS DE OPERACION COMERCIAL,GASTOS DE PERSONAL,PLANTA DE PERSONAL PERMANENTE,REMUNERACIONES NO CONSTITUTIVAS DE FACTOR SALARIAL,No Aplica,No Aplica,No Aplica,No Aplica,No Aplica,VIGENCIA ACTUAL,ENTIDADES TERRITORIALES - SALUD,NO DEFINIDO,NO DEFINIDO,NO DEFINIDO,,,2023,Primer Trimestre,,,,NO DEFINIDO,NO DEFINIDO,,,,,,NO DEFINIDO,,,,,,NO DEFINIDO,NO DEFINIDO,NO DEFINIDO,3488355.0,3488355.0,3488355.0
8276685,20221201,220115276,E.S.E. Centro de Salud - Floresta,2.1.2.02.02.005,CONSTRUCCION Y SERVICIOS DE LA CONSTRUCCION,GASTOS,FUNCIONAMIENTO,ADQUISICION DE BIENES Y SERVICIOS,ADQUISICIONES DIFERENTES DE ACTIVOS,ADQUISICION DE SERVICIOS,CONSTRUCCION Y SERVICIOS DE LA CONSTRUCCION,No Aplica,No Aplica,No Aplica,No Aplica,VIGENCIA ACTUAL,ENTIDADES DIFERENTES A ENTIDADES TERRITORIALES - GESTION GENERAL,NO DEFINIDO,NO DEFINIDO,NO APLICA,,,2022,Cuarto Trimestre,,,,OTROS SERVICIOS DIVERSOS N C P,INGRESOS CORRIENTES DE LIBRE DESTINACION,,,,,,NO APLICA,,,,,,CON SITUACION DE FONDOS,NO APLICA,NO DEFINIDO,5000000.0,5000000.0,5000000.0
8276798,20210601,220115276,E.S.E. Centro de Salud - Floresta,2.1.1.01.02.006,APORTES AL ICBF,GASTOS,FUNCIONAMIENTO,GASTOS DE PERSONAL,PLANTA DE PERSONAL PERMANENTE,CONTRIBUCIONES INHERENTES A LA NOMINA,APORTES AL ICBF,No Aplica,No Aplica,No Aplica,No Aplica,VIGENCIA ACTUAL,ENTIDADES DIFERENTES A ENTIDADES TERRITORIALES - UNIDAD DE SALUD,NO DEFINIDO,NO DEFINIDO,NO APLICA,,,2021,Segundo Trimestre,,,,NO APLICA,1.2.1.0.00 - INGRESOS CORRIENTES DE LIBRE DESTINACION,,,,,,NO APLICA,,,,,,CON SITUACION DE FONDOS,NO APLICA,NO DEFINIDO,2923600.0,2923600.0,2923600.0
8277046,20230301,220115276,E.S.E. Centro de Salud - Floresta,2.1.1.01.02.002,APORTES A LA SEGURIDAD SOCIAL EN SALUD,GASTOS,FUNCIONAMIENTO,GASTOS DE PERSONAL,PLANTA DE PERSONAL PERMANENTE,CONTRIBUCIONES INHERENTES A LA NOMINA,APORTES A LA SEGURIDAD SOCIAL EN SALUD,No Aplica,No Aplica,No Aplica,No Aplica,VIGENCIA ACTUAL,ENTIDADES TERRITORIALES - SALUD,NO DEFINIDO,NO DEFINIDO,NO APLICA,,,2023,Primer Trimestre,,,,NO APLICA,INGRESOS CORRIENTES DE LIBRE DESTINACION,,,,,,NO APLICA,,,,,,CON SITUACION DE FONDOS,E.S.E. CENTRO DE SALUD - FLORESTA,NO DEFINIDO,1195374.0,1195374.0,1195374.0
8295779,20220301,220115276,E.S.E. Centro de Salud - Floresta,2.4.5.02.09,"SERVICIOS PARA LA COMUNIDAD, SOCIALES Y PERSONALES",GASTOS,GASTOS DE OPERACION COMERCIAL,GASTOS DE COMERCIALIZACION Y PRODUCCION,ADQUISICION DE SERVICIOS,"SERVICIOS PARA LA COMUNIDAD, SOCIALES Y PERSONALES",No Aplica,No Aplica,No Aplica,No Aplica,No Aplica,VIGENCIA ACTUAL,ENTIDADES DIFERENTES A ENTIDADES TERRITORIALES - GESTION GENERAL,NO DEFINIDO,NO DEFINIDO,NO APLICA,,,2022,Primer Trimestre,,,,OTROS SERVICIOS DIVERSOS N C P,INGRESOS CORRIENTES DE LIBRE DESTINACION,,,,,,NO APLICA,,,,,,CON SITUACION DE FONDOS,E.S.E. CENTRO DE SALUD - FLORESTA,NO DEFINIDO,74254321.0,21620568.0,21620568.0
8297366,20220901,220115276,E.S.E. Centro de Salud - Floresta,2.1.1.01.01.001.04,SUBSIDIO DE ALIMENTACION,GASTOS,FUNCIONAMIENTO,GASTOS DE PERSONAL,PLANTA DE PERSONAL PERMANENTE,FACTORES CONSTITUTIVOS DE SALARIO,FACTORES SALARIALES COMUNES,SUBSIDIO DE ALIMENTACION,No Aplica,No Aplica,No Aplica,VIGENCIA ACTUAL,ENTIDADES DIFERENTES A ENTIDADES TERRITORIALES - GESTION GENERAL,NO DEFINIDO,NO DEFINIDO,NO APLICA,,,2022,Tercer Trimestre,,,,NO APLICA,INGRESOS CORRIENTES DE LIBRE DESTINACION,,,,,,NO APLICA,,,,,,CON SITUACION DE FONDOS,E.S.E. CENTRO DE SALUD - FLORESTA,NO DEFINIDO,1381105.0,1177633.0,1177633.0
8297955,20220601,220115276,E.S.E. Centro de Salud - Floresta,2.1.1.01.01.001.08,PRESTACIONES SOCIALES,GASTOS,FUNCIONAMIENTO,GASTOS DE PERSONAL,PLANTA DE PERSONAL PERMANENTE,FACTORES CONSTITUTIVOS DE SALARIO,FACTORES SALARIALES COMUNES,PRESTACIONES SOCIALES,No Aplica,No Aplica,No Aplica,VIGENCIA ACTUAL,ENTIDADES DIFERENTES A ENTIDADES TERRITORIALES - GESTION GENERAL,NO DEFINIDO,NO DEFINIDO,NO DEFINIDO,,,2022,Segundo Trimestre,,,,NO DEFINIDO,NO DEFINIDO,,,,,,NO DEFINIDO,,,,,,NO DEFINIDO,NO DEFINIDO,NO DEFINIDO,2220368.0,2220368.0,2220368.0
8302672,20220901,220115276,E.S.E. Centro de Salud - Floresta,2.1.1.01.02.004,APORTES A CAJAS DE COMPENSACION FAMILIAR,GASTOS,FUNCIONAMIENTO,GASTOS DE PERSONAL,PLANTA DE PERSONAL PERMANENTE,CONTRIBUCIONES INHERENTES A LA NOMINA,APORTES A CAJAS DE COMPENSACION FAMILIAR,No Aplica,No Aplica,No Aplica,No Aplica,VIGENCIA ACTUAL,ENTIDADES DIFERENTES A ENTIDADES TERRITORIALES - GESTION GENERAL,NO DEFINIDO,NO DEFINIDO,NO APLICA,,,2022,Tercer Trimestre,,,,NO APLICA,INGRESOS CORRIENTES DE LIBRE DESTINACION,,,,,,NO APLICA,,,,,,CON SITUACION DE FONDOS,NO APLICA,NO DEFINIDO,2212450.0,2212450.0,2212450.0
8304705,20230301,220115276,E.S.E. Centro de Salud - Floresta,2.1.1.01.01.001.10,VIATICOS DE LOS FUNCIONARIOS EN COMISION,GASTOS,FUNCIONAMIENTO,GASTOS DE PERSONAL,PLANTA DE PERSONAL PERMANENTE,FACTORES CONSTITUTIVOS DE SALARIO,FACTORES SALARIALES COMUNES,VIATICOS DE LOS FUNCIONARIOS EN COMISION,No Aplica,No Aplica,No Aplica,VIGENCIA ACTUAL,ENTIDADES TERRITORIALES - SALUD,NO DEFINIDO,NO DEFINIDO,NO APLICA,,,2023,Primer Trimestre,,,,NO APLICA,INGRESOS CORRIENTES DE LIBRE DESTINACION,,,,,,NO APLICA,,,,,,CON SITUACION DE FONDOS,NO APLICA,NO DEFINIDO,690100.0,690100.0,690100.0
8306802,20220301,220115276,E.S.E. Centro de Salud - Floresta,2.4.1.01.01.001.08.02,PRIMA DE VACACIONES,GASTOS,GASTOS DE OPERACION COMERCIAL,GASTOS DE PERSONAL,PLANTA DE PERSONAL PERMANENTE,FACTORES CONSTITUTIVOS DE SALARIO,FACTORES SALARIALES COMUNES,PRESTACIONES SOCIALES,PRIMA DE VACACIONES,No Aplica,No Aplica,VIGENCIA ACTUAL,ENTIDADES DIFERENTES A ENTIDADES TERRITORIALES - GESTION GENERAL,NO DEFINIDO,NO DEFINIDO,NO APLICA,,,2022,Primer Trimestre,,,,NO APLICA,INGRESOS CORRIENTES DE LIBRE DESTINACION,,,,,,NO APLICA,,,,,,CON SITUACION DE FONDOS,NO APLICA,NO DEFINIDO,637883.0,637883.0,637883.0
8309802,20220901,220115276,E.S.E. Centro de Salud - Floresta,2.4.1.01.02.004,APORTES A CAJAS DE COMPENSACION FAMILIAR,GASTOS,GASTOS DE OPERACION COMERCIAL,GASTOS DE PERSONAL,PLANTA DE PERSONAL PERMANENTE,CONTRIBUCIONES INHERENTES A LA NOMINA,APORTES A CAJAS DE COMPENSACION FAMILIAR,No Aplica,No Aplica,No Aplica,No Aplica,VIGENCIA ACTUAL,ENTIDADES DIFERENTES A ENTIDADES TERRITORIALES - GESTION GENERAL,NO DEFINIDO,NO DEFINIDO,NO APLICA,,,2022,Tercer Trimestre,,,,NO APLICA,INGRESOS CORRIENTES DE LIBRE DESTINACION,,,,,,NO APLICA,,,,,,CON SITUACION DE FONDOS,NO APLICA,NO DEFINIDO,4538680.0,4538680.0,4538680.0
8314194,20220301,220115276,E.S.E. Centro de Salud - Floresta,2,GASTOS,GASTOS,No Aplica,No Aplica,No Aplica,No Aplica,No Aplica,No Aplica,No Aplica,No Aplica,No Aplica,VIGENCIA ACTUAL,ENTIDADES DIFERENTES A ENTIDADES TERRITORIALES - GESTION GENERAL,NO DEFINIDO,NO DEFINIDO,NO DEFINIDO,,,2022,Primer Trimestre,,,,NO DEFINIDO,NO DEFINIDO,,,,,,NO DEFINIDO,,,,,,NO DEFINIDO,NO DEFINIDO,NO DEFINIDO,266942591.0,143184629.0,143184629.0
8320866,20220301,220115276,E.S.E. Centro de Salud - Floresta,2.1.1.01.02.006,APORTES AL ICBF,GASTOS,FUNCIONAMIENTO,GASTOS DE PERSONAL,PLANTA DE PERSONAL PERMANENTE,CONTRIBUCIONES INHERENTES A LA NOMINA,APORTES AL ICBF,No Aplica,No Aplica,No Aplica,No Aplica,VIGENCIA ACTUAL,ENTIDADES DIFERENTES A ENTIDADES TERRITORIALES - GESTION GENERAL,NO DEFINIDO,NO DEFINIDO,NO APLICA,,,2022,Primer Trimestre,,,,NO APLICA,INGRESOS CORRIENTES DE LIBRE DESTINACION,,,,,,NO APLICA,,,,,,CON SITUACION DE FONDOS,INSTITUTO COLOMBIANO DE BIENESTAR FAMILIAR,NO DEFINIDO,488170.0,488170.0,488170.0
8325359,20210301,220115276,E.S.E. Centro de Salud - Floresta,2.1,FUNCIONAMIENTO,GASTOS,FUNCIONAMIENTO,No Aplica,No Aplica,No Aplica,No Aplica,No Aplica,No Aplica,No Aplica,No Aplica,VIGENCIA ACTUAL,ENTIDADES DIFERENTES A ENTIDADES TERRITORIALES - UNIDAD DE SALUD,NO DEFINIDO,NO DEFINIDO,NO DEFINIDO,,,2021,Primer Trimestre,,,,NO DEFINIDO,NO DEFINIDO,,,,,,NO DEFINIDO,,,,,,NO DEFINIDO,NO DEFINIDO,NO DEFINIDO,201245480.0,118129298.0,118129298.0
8326413,20230301,220115276,E.S.E. Centro de Salud - Floresta,2.4.1.01.02,CONTRIBUCIONES INHERENTES A LA NOMINA,GASTOS,GASTOS DE OPERACION COMERCIAL,GASTOS DE PERSONAL,PLANTA DE PERSONAL PERMANENTE,CONTRIBUCIONES INHERENTES A LA NOMINA,No Aplica,No Aplica,No Aplica,No Aplica,No Aplica,VIGENCIA ACTUAL,ENTIDADES TERRITORIALES - SALUD,NO DEFINIDO,NO DEFINIDO,NO DEFINIDO,,,2023,Primer Trimestre,,,,NO DEFINIDO,NO DEFINIDO,,,,,,NO DEFINIDO,,,,,,NO DEFINIDO,NO DEFINIDO,NO DEFINIDO,9902346.0,9902346.0,9902346.0
8328245,20210901,220115276,E.S.E. Centro de Salud - Floresta,2.1.2.02,ADQUISICIONES DIFERENTES DE ACTIVOS,GASTOS,FUNCIONAMIENTO,ADQUISICION DE BIENES Y SERVICIOS,ADQUISICIONES DIFERENTES DE ACTIVOS,No Aplica,No Aplica,No Aplica,No Aplica,No Aplica,No Aplica,VIGENCIA ACTUAL,ENTIDADES TERRITORIALES - SALUD,NO DEFINIDO,NO DEFINIDO,NO DEFINIDO,,,2021,Tercer Trimestre,,,,NO DEFINIDO,NO DEFINIDO,,,,,,NO DEFINIDO,,,,,,NO DEFINIDO,NO DEFINIDO,NO DEFINIDO,356629554.0,233076132.0,233076132.0
8331405,20230601,220115276,E.S.E. Centro de Salud - Floresta,2.1.2.01.01.003.06.01,APARATOS MEDICOS Y QUIRURGICOS Y APARATOS ORTESICOS Y PROTESICOS,GASTOS,FUNCIONAMIENTO,ADQUISICION DE BIENES Y SERVICIOS,ADQUISICION DE ACTIVOS NO FINANCIEROS,ACTIVOS FIJOS,MAQUINARIA Y EQUIPO,"APARATOS MEDICOS, INSTRUMENTOS OPTICOS Y DE PRECISION, RELOJES",APARATOS MEDICOS Y QUIRURGICOS Y APARATOS ORTESICOS Y PROTESICOS,No Aplica,No Aplica,VIGENCIA ACTUAL,ENTIDADES DIFERENTES A ENTIDADES TERRITORIALES - UNIDAD DE SALUD,NO DEFINIDO,NO DEFINIDO,SALUD Y PROTECCION SOCIAL,,,2023,Segundo Trimestre,,,,NO APLICA,INGRESOS CORRIENTES DE LIBRE DESTINACION,,,,,,NO APLICA,,,,,,CON SITUACION DE FONDOS,NO APLICA,NO DEFINIDO,2025000.0,2025000.0,2025000.0
8337096,20220901,220115276,E.S.E. Centro de Salud - Floresta,2.3.2.01.01,ACTIVOS FIJOS,GASTOS,INVERSION,ADQUISICION DE BIENES Y SERVICIOS,ADQUISICION DE ACTIVOS NO FINANCIEROS,ACTIVOS FIJOS,No Aplica,No Aplica,No Aplica,No Aplica,No Aplica,VIGENCIA ACTUAL,ENTIDADES DIFERENTES A ENTIDADES TERRITORIALES - GESTION GENERAL,NO DEFINIDO,NO DEFINIDO,NO DEFINIDO,,,2022,Tercer Trimestre,,,,NO DEFINIDO,NO DEFINIDO,,,,,,NO DEFINIDO,,,,,,NO DEFINIDO,NO DEFINIDO,NO DEFINIDO,34243670.0,16251170.0,16251170.0
8337873,20220301,220115276,E.S.E. Centro de Salud - Floresta,2.1.1.01,PLANTA DE PERSONAL PERMANENTE,GASTOS,FUNCIONAMIENTO,GASTOS DE PERSONAL,PLANTA DE PERSONAL PERMANENTE,No Aplica,No Aplica,No Aplica,No Aplica,No Aplica,No Aplica,VIGENCIA ACTUAL,ENTIDADES DIFERENTES A ENTIDADES TERRITORIALES - GESTION GENERAL,NO DEFINIDO,NO DEFINIDO,NO DEFINIDO,,,2022,Primer Trimestre,,,,NO DEFINIDO,NO DEFINIDO,,,,,,NO DEFINIDO,,,,,,NO DEFINIDO,NO DEFINIDO,NO DEFINIDO,33094722.0,26588856.0,26588856.0
8350552,20230301,220115276,E.S.E. Centro de Salud - Floresta,2.4.1.01.01.001.08.01,PRIMA DE NAVIDAD,GASTOS,GASTOS DE OPERACION COMERCIAL,GASTOS DE PERSONAL,PLANTA DE PERSONAL PERMANENTE,FACTORES CONSTITUTIVOS DE SALARIO,FACTORES SALARIALES COMUNES,PRESTACIONES SOCIALES,PRIMA DE NAVIDAD,No Aplica,No Aplica,VIGENCIA ACTUAL,ENTIDADES TERRITORIALES - SALUD,NO DEFINIDO,NO DEFINIDO,NO APLICA,,,2023,Primer Trimestre,,,,NO APLICA,INGRESOS CORRIENTES DE LIBRE DESTINACION,,,,,,NO APLICA,,,,,,CON SITUACION DE FONDOS,NO APLICA,NO DEFINIDO,23972.0,23972.0,23972.0
8350676,20221201,220115276,E.S.E. Centro de Salud - Floresta,2.4.1.01.03.001.01,VACACIONES,GASTOS,GASTOS DE OPERACION COMERCIAL,GASTOS DE PERSONAL,PLANTA DE PERSONAL PERMANENTE,REMUNERACIONES NO CONSTITUTIVAS DE FACTOR SALARIAL,PRESTACIONES SOCIALES,VACACIONES,No Aplica,No Aplica,No Aplica,VIGENCIA ACTUAL,ENTIDADES DIFERENTES A ENTIDADES TERRITORIALES - GESTION GENERAL,NO DEFINIDO,NO DEFINIDO,NO APLICA,,,2022,Cuarto Trimestre,,,,NO APLICA,INGRESOS CORRIENTES DE LIBRE DESTINACION,,,,,,NO APLICA,,,,,,CON SITUACION DE FONDOS,NO APLICA,NO DEFINIDO,4828709.0,4828709.0,4828709.0
8401535,20211201,220115276,E.S.E. Centro de Salud - Floresta,2.1.2.02.02.006,"COMERCIO Y DISTRIBUCION; ALOJAMIENTO; SERVICIOS DE SUMINISTRO DE COMIDAS Y BEBIDAS; SERVICIOS DE TRANSPORTE; Y SERVICIOS DE DISTRIBUCION DE ELECTRICIDAD, GAS Y AGUA",GASTOS,FUNCIONAMIENTO,ADQUISICION DE BIENES Y SERVICIOS,ADQUISICIONES DIFERENTES DE ACTIVOS,ADQUISICION DE SERVICIOS,"COMERCIO Y DISTRIBUCION; ALOJAMIENTO; SERVICIOS DE SUMINISTRO DE COMIDAS Y BEBIDAS; SERVICIOS DE TRANSPORTE; Y SERVICIOS DE DISTRIBUCION DE ELECTRICIDAD, GAS Y AGUA",No Aplica,No Aplica,No Aplica,No Aplica,VIGENCIA ACTUAL,ENTIDADES TERRITORIALES - SALUD,NO DEFINIDO,NO DEFINIDO,NO APLICA,,,2021,Cuarto Trimestre,,,,SERVICIOS DE LA ADMINISTRACION PUBLICA RELACIONADOS CON LA SALUD,INGRESOS CORRIENTES DE LIBRE DESTINACION,,,,,,NO APLICA,,,,,,CON SITUACION DE FONDOS,E.S.P. EMPRESA DE ENERGIA DE BOYACA S.A.,NO DEFINIDO,6610180.0,6610180.0,6610180.0
8404487,20220601,220115276,E.S.E. Centro de Salud - Floresta,2.4.5,GASTOS DE COMERCIALIZACION Y PRODUCCION,GASTOS,GASTOS DE OPERACION COMERCIAL,GASTOS DE COMERCIALIZACION Y PRODUCCION,No Aplica,No Aplica,No Aplica,No Aplica,No Aplica,No Aplica,No Aplica,VIGENCIA ACTUAL,ENTIDADES DIFERENTES A ENTIDADES TERRITORIALES - GESTION GENERAL,NO DEFINIDO,NO DEFINIDO,NO DEFINIDO,,,2022,Segundo Trimestre,,,,NO DEFINIDO,NO DEFINIDO,,,,,,NO DEFINIDO,,,,,,NO DEFINIDO,NO DEFINIDO,NO DEFINIDO,138299481.0,102337197.0,102337197.0
8410634,20220301,220115276,E.S.E. Centro de Salud - Floresta,2.4,GASTOS DE OPERACION COMERCIAL,GASTOS,GASTOS DE OPERACION COMERCIAL,No Aplica,No Aplica,No Aplica,No Aplica,No Aplica,No Aplica,No Aplica,No Aplica,VIGENCIA ACTUAL,ENTIDADES DIFERENTES A ENTIDADES TERRITORIALES - GESTION GENERAL,NO DEFINIDO,NO DEFINIDO,NO DEFINIDO,,,2022,Primer Trimestre,,,,NO DEFINIDO,NO DEFINIDO,,,,,,NO DEFINIDO,,,,,,NO DEFINIDO,NO DEFINIDO,NO DEFINIDO,142326283.0,74954610.0,74954610.0
8424501,20220601,220115276,E.S.E. Centro de Salud - Floresta,2.1.1.01.02.004,APORTES A CAJAS DE COMPENSACION FAMILIAR,GASTOS,FUNCIONAMIENTO,GASTOS DE PERSONAL,PLANTA DE PERSONAL PERMANENTE,CONTRIBUCIONES INHERENTES A LA NOMINA,APORTES A CAJAS DE COMPENSACION FAMILIAR,No Aplica,No Aplica,No Aplica,No Aplica,VIGENCIA ACTUAL,ENTIDADES DIFERENTES A ENTIDADES TERRITORIALES - GESTION GENERAL,NO DEFINIDO,NO DEFINIDO,NO APLICA,,,2022,Segundo Trimestre,,,,NO APLICA,INGRESOS CORRIENTES DE LIBRE DESTINACION,,,,,,NO APLICA,,,,,,CON SITUACION DE FONDOS,NO APLICA,NO DEFINIDO,1328950.0,1328950.0,1328950.0
8428093,20230301,220115276,E.S.E. Centro de Salud - Floresta,2.1.1.01.02.001,APORTES A LA SEGURIDAD SOCIAL EN PENSIONES,GASTOS,FUNCIONAMIENTO,GASTOS DE PERSONAL,PLANTA DE PERSONAL PERMANENTE,CONTRIBUCIONES INHERENTES A LA NOMINA,APORTES A LA SEGURIDAD SOCIAL EN PENSIONES,No Aplica,No Aplica,No Aplica,No Aplica,VIGENCIA ACTUAL,ENTIDADES TERRITORIALES - SALUD,NO DEFINIDO,NO DEFINIDO,NO APLICA,,,2023,Primer Trimestre,,,,NO APLICA,INGRESOS CORRIENTES DE LIBRE DESTINACION,,,,,,NO APLICA,,,,,,CON SITUACION DE FONDOS,E.S.E. CENTRO DE SALUD - FLORESTA,NO DEFINIDO,1672374.0,1672374.0,1672374.0
8428951,20210601,220115276,E.S.E. Centro de Salud - Floresta,2.1.1.01.03.001.02,INDEMNIZACION POR VACACIONES,GASTOS,FUNCIONAMIENTO,GASTOS DE PERSONAL,PLANTA DE PERSONAL PERMANENTE,REMUNERACIONES NO CONSTITUTIVAS DE FACTOR SALARIAL,PRESTACIONES SOCIALES,INDEMNIZACION POR VACACIONES,No Aplica,No Aplica,No Aplica,VIGENCIA ACTUAL,ENTIDADES DIFERENTES A ENTIDADES TERRITORIALES - UNIDAD DE SALUD,NO DEFINIDO,NO DEFINIDO,NO APLICA,,,2021,Segundo Trimestre,,,,NO APLICA,1.2.1.0.00 - INGRESOS CORRIENTES DE LIBRE DESTINACION,,,,,,NO APLICA,,,,,,CON SITUACION DE FONDOS,NO APLICA,NO DEFINIDO,2106772.0,2106772.0,2106772.0
8430100,20221201,220115276,E.S.E. Centro de Salud - Floresta,2.3.2.01,ADQUISICION DE ACTIVOS NO FINANCIEROS,GASTOS,INVERSION,ADQUISICION DE BIENES Y SERVICIOS,ADQUISICION DE ACTIVOS NO FINANCIEROS,No Aplica,No Aplica,No Aplica,No Aplica,No Aplica,No Aplica,VIGENCIA ACTUAL,ENTIDADES DIFERENTES A ENTIDADES TERRITORIALES - GESTION GENERAL,NO DEFINIDO,NO DEFINIDO,NO DEFINIDO,,,2022,Cuarto Trimestre,,,,NO DEFINIDO,NO DEFINIDO,,,,,,NO DEFINIDO,,,,,,NO DEFINIDO,NO DEFINIDO,NO DEFINIDO,53829158.0,53829158.0,53829158.0
8432204,20210901,220115276,E.S.E. Centro de Salud - Floresta,2.1.1.01.02.002,APORTES A LA SEGURIDAD SOCIAL EN SALUD,GASTOS,FUNCIONAMIENTO,GASTOS DE PERSONAL,PLANTA DE PERSONAL PERMANENTE,CONTRIBUCIONES INHERENTES A LA NOMINA,APORTES A LA SEGURIDAD SOCIAL EN SALUD,No Aplica,No Aplica,No Aplica,No Aplica,VIGENCIA ACTUAL,ENTIDADES TERRITORIALES - SALUD,NO DEFINIDO,NO DEFINIDO,NO APLICA,,,2021,Tercer Trimestre,,,,NO APLICA,NO APLICA,,,,,,NO APLICA,,,,,,CON SITUACION DE FONDOS,E.S.E. CENTRO DE SALUD - FLORESTA,NO DEFINIDO,11345203.0,11345203.0,11345203.0
8435982,20220301,220115276,E.S.E. Centro de Salud - Floresta,2.1.1,GASTOS DE PERSONAL,GASTOS,FUNCIONAMIENTO,GASTOS DE PERSONAL,No Aplica,No Aplica,No Aplica,No Aplica,No Aplica,No Aplica,No Aplica,VIGENCIA ACTUAL,ENTIDADES DIFERENTES A ENTIDADES TERRITORIALES - GESTION GENERAL,NO DEFINIDO,NO DEFINIDO,NO DEFINIDO,,,2022,Primer Trimestre,,,,NO DEFINIDO,NO DEFINIDO,,,,,,NO DEFINIDO,,,,,,NO DEFINIDO,NO DEFINIDO,NO DEFINIDO,33094722.0,26588856.0,26588856.0
8441927,20211201,220115276,E.S.E. Centro de Salud - Floresta,2.1.1,GASTOS DE PERSONAL,GASTOS,FUNCIONAMIENTO,GASTOS DE PERSONAL,No Aplica,No Aplica,No Aplica,No Aplica,No Aplica,No Aplica,No Aplica,VIGENCIA ACTUAL,ENTIDADES TERRITORIALES - SALUD,NO DEFINIDO,NO DEFINIDO,NO DEFINIDO,,,2021,Cuarto Trimestre,,,,NO DEFINIDO,NO DEFINIDO,,,,,,NO DEFINIDO,,,,,,NO DEFINIDO,NO DEFINIDO,NO DEFINIDO,188004116.0,188004116.0,188004116.0
8459176,20221201,220115276,E.S.E. Centro de Salud - Floresta,2.4.1.01.02.003,APORTES DE CESANTIAS,GASTOS,GASTOS DE OPERACION COMERCIAL,GASTOS DE PERSONAL,PLANTA DE PERSONAL PERMANENTE,CONTRIBUCIONES INHERENTES A LA NOMINA,APORTES DE CESANTIAS,No Aplica,No Aplica,No Aplica,No Aplica,VIGENCIA ACTUAL,ENTIDADES DIFERENTES A ENTIDADES TERRITORIALES - GESTION GENERAL,NO DEFINIDO,NO DEFINIDO,NO APLICA,,,2022,Cuarto Trimestre,,,,NO APLICA,INGRESOS CORRIENTES DE LIBRE DESTINACION,,,,,,NO APLICA,,,,,,CON SITUACION DE FONDOS,E.S.E. CENTRO DE SALUD - FLORESTA,NO DEFINIDO,17703511.0,17703511.0,17703511.0
8474211,20221201,220115276,E.S.E. Centro de Salud - Floresta,2.1.2,ADQUISICION DE BIENES Y SERVICIOS,GASTOS,FUNCIONAMIENTO,ADQUISICION DE BIENES Y SERVICIOS,No Aplica,No Aplica,No Aplica,No Aplica,No Aplica,No Aplica,No Aplica,VIGENCIA ACTUAL,ENTIDADES DIFERENTES A ENTIDADES TERRITORIALES - GESTION GENERAL,NO DEFINIDO,NO DEFINIDO,NO DEFINIDO,,,2022,Cuarto Trimestre,,,,NO DEFINIDO,NO DEFINIDO,,,,,,NO DEFINIDO,,,,,,NO DEFINIDO,NO DEFINIDO,NO DEFINIDO,283662285.0,283662285.0,283662285.0
8474920,20220901,220115276,E.S.E. Centro de Salud - Floresta,2.1.1,GASTOS DE PERSONAL,GASTOS,FUNCIONAMIENTO,GASTOS DE PERSONAL,No Aplica,No Aplica,No Aplica,No Aplica,No Aplica,No Aplica,No Aplica,VIGENCIA ACTUAL,ENTIDADES DIFERENTES A ENTIDADES TERRITORIALES - GESTION GENERAL,NO DEFINIDO,NO DEFINIDO,NO DEFINIDO,,,2022,Tercer Trimestre,,,,NO DEFINIDO,NO DEFINIDO,,,,,,NO DEFINIDO,,,,,,NO DEFINIDO,NO DEFINIDO,NO DEFINIDO,95175345.0,93006723.0,93006723.0
8477040,20220301,220115276,E.S.E. Centro de Salud - Floresta,2.4.1.01.01.001.06,PRIMA DE SERVICIO,GASTOS,GASTOS DE OPERACION COMERCIAL,GASTOS DE PERSONAL,PLANTA DE PERSONAL PERMANENTE,FACTORES CONSTITUTIVOS DE SALARIO,FACTORES SALARIALES COMUNES,PRIMA DE SERVICIO,No Aplica,No Aplica,No Aplica,VIGENCIA ACTUAL,ENTIDADES DIFERENTES A ENTIDADES TERRITORIALES - GESTION GENERAL,NO DEFINIDO,NO DEFINIDO,NO APLICA,,,2022,Primer Trimestre,,,,NO APLICA,INGRESOS CORRIENTES DE LIBRE DESTINACION,,,,,,NO APLICA,,,,,,CON SITUACION DE FONDOS,NO APLICA,NO DEFINIDO,612368.0,612368.0,612368.0
8477722,20221201,220115276,E.S.E. Centro de Salud - Floresta,2.3.2.01.01.003.03.01,"MAQUINAS PARA OFICINA Y CONTABILIDAD, Y SUS PARTES Y ACCESORIOS",GASTOS,INVERSION,ADQUISICION DE BIENES Y SERVICIOS,ADQUISICION DE ACTIVOS NO FINANCIEROS,ACTIVOS FIJOS,MAQUINARIA Y EQUIPO,"MAQUINARIA DE OFICINA, CONTABILIDAD E INFORMATICA","MAQUINAS PARA OFICINA Y CONTABILIDAD, Y SUS PARTES Y ACCESORIOS",No Aplica,No Aplica,VIGENCIA ACTUAL,ENTIDADES DIFERENTES A ENTIDADES TERRITORIALES - GESTION GENERAL,NO DEFINIDO,NO DEFINIDO,NO APLICA,,,2022,Cuarto Trimestre,,,,NO APLICA,INGRESOS CORRIENTES DE LIBRE DESTINACION,,,,,,NO APLICA,,,,,,CON SITUACION DE FONDOS,NO APLICA,NO DEFINIDO,2000000.0,2000000.0,2000000.0
8483948,20211201,220115276,E.S.E. Centro de Salud - Floresta,2.1.1.01.01.001.08.01,PRIMA DE NAVIDAD,GASTOS,FUNCIONAMIENTO,GASTOS DE PERSONAL,PLANTA DE PERSONAL PERMANENTE,FACTORES CONSTITUTIVOS DE SALARIO,FACTORES SALARIALES COMUNES,PRESTACIONES SOCIALES,PRIMA DE NAVIDAD,No Aplica,No Aplica,VIGENCIA ACTUAL,ENTIDADES TERRITORIALES - SALUD,NO DEFINIDO,NO DEFINIDO,NO APLICA,,,2021,Cuarto Trimestre,,,,NO APLICA,INGRESOS CORRIENTES DE LIBRE DESTINACION,,,,,,NO APLICA,,,,,,CON SITUACION DE FONDOS,E.S.E. CENTRO DE SALUD - FLORESTA,NO DEFINIDO,16696182.0,16696182.0,16696182.0
8498167,20220901,220115276,E.S.E. Centro de Salud - Floresta,2.1.1.01.01,FACTORES CONSTITUTIVOS DE SALARIO,GASTOS,FUNCIONAMIENTO,GASTOS DE PERSONAL,PLANTA DE PERSONAL PERMANENTE,FACTORES CONSTITUTIVOS DE SALARIO,No Aplica,No Aplica,No Aplica,No Aplica,No Aplica,VIGENCIA ACTUAL,ENTIDADES DIFERENTES A ENTIDADES TERRITORIALES - GESTION GENERAL,NO DEFINIDO,NO DEFINIDO,NO DEFINIDO,,,2022,Tercer Trimestre,,,,NO DEFINIDO,NO DEFINIDO,,,,,,NO DEFINIDO,,,,,,NO DEFINIDO,NO DEFINIDO,NO DEFINIDO,72639024.0,70470402.0,70470402.0
8498432,20211201,220115276,E.S.E. Centro de Salud - Floresta,2.1,FUNCIONAMIENTO,GASTOS,FUNCIONAMIENTO,No Aplica,No Aplica,No Aplica,No Aplica,No Aplica,No Aplica,No Aplica,No Aplica,VIGENCIA ACTUAL,ENTIDADES TERRITORIALES - SALUD,NO DEFINIDO,NO DEFINIDO,NO DEFINIDO,,,2021,Cuarto Trimestre,,,,NO DEFINIDO,NO DEFINIDO,,,,,,NO DEFINIDO,,,,,,NO DEFINIDO,NO DEFINIDO,NO DEFINIDO,650608927.0,650608927.0,637545713.0
8505133,20210301,220115276,E.S.E. Centro de Salud - Floresta,2.1.1.01.02,CONTRIBUCIONES INHERENTES A LA NOMINA,GASTOS,FUNCIONAMIENTO,GASTOS DE PERSONAL,PLANTA DE PERSONAL PERMANENTE,CONTRIBUCIONES INHERENTES A LA NOMINA,No Aplica,No Aplica,No Aplica,No Aplica,No Aplica,VIGENCIA ACTUAL,ENTIDADES DIFERENTES A ENTIDADES TERRITORIALES - UNIDAD DE SALUD,NO DEFINIDO,NO DEFINIDO,NO DEFINIDO,,,2021,Primer Trimestre,,,,NO DEFINIDO,NO DEFINIDO,,,,,,NO DEFINIDO,,,,,,NO DEFINIDO,NO DEFINIDO,NO DEFINIDO,17426513.0,17426513.0,17426513.0
8508081,20210601,220115276,E.S.E. Centro de Salud - Floresta,2.1.1.01.03.001,PRESTACIONES SOCIALES,GASTOS,FUNCIONAMIENTO,GASTOS DE PERSONAL,PLANTA DE PERSONAL PERMANENTE,REMUNERACIONES NO CONSTITUTIVAS DE FACTOR SALARIAL,PRESTACIONES SOCIALES,No Aplica,No Aplica,No Aplica,No Aplica,VIGENCIA ACTUAL,ENTIDADES DIFERENTES A ENTIDADES TERRITORIALES - UNIDAD DE SALUD,NO DEFINIDO,NO DEFINIDO,NO DEFINIDO,,,2021,Segundo Trimestre,,,,NO DEFINIDO,NO DEFINIDO,,,,,,NO DEFINIDO,,,,,,NO DEFINIDO,NO DEFINIDO,NO DEFINIDO,6464604.0,6464604.0,6464604.0
8522490,20221201,220115276,E.S.E. Centro de Salud - Floresta,2.1.1.01.02.002,APORTES A LA SEGURIDAD SOCIAL EN SALUD,GASTOS,FUNCIONAMIENTO,GASTOS DE PERSONAL,PLANTA DE PERSONAL PERMANENTE,CONTRIBUCIONES INHERENTES A LA NOMINA,APORTES A LA SEGURIDAD SOCIAL EN SALUD,No Aplica,No Aplica,No Aplica,No Aplica,VIGENCIA ACTUAL,ENTIDADES DIFERENTES A ENTIDADES TERRITORIALES - GESTION GENERAL,NO DEFINIDO,NO DEFINIDO,NO APLICA,,,2022,Cuarto Trimestre,,,,NO APLICA,INGRESOS CORRIENTES DE LIBRE DESTINACION,,,,,,NO APLICA,,,,,,CON SITUACION DE FONDOS,E.S.E. CENTRO DE SALUD - FLORESTA,NO DEFINIDO,6667832.0,6667832.0,6667832.0
8536948,20221201,220115276,E.S.E. Centro de Salud - Floresta,2.3.2.01.01.003.03,"MAQUINARIA DE OFICINA, CONTABILIDAD E INFORMATICA",GASTOS,INVERSION,ADQUISICION DE BIENES Y SERVICIOS,ADQUISICION DE ACTIVOS NO FINANCIEROS,ACTIVOS FIJOS,MAQUINARIA Y EQUIPO,"MAQUINARIA DE OFICINA, CONTABILIDAD E INFORMATICA",No Aplica,No Aplica,No Aplica,VIGENCIA ACTUAL,ENTIDADES DIFERENTES A ENTIDADES TERRITORIALES - GESTION GENERAL,NO DEFINIDO,NO DEFINIDO,NO DEFINIDO,,,2022,Cuarto Trimestre,,,,NO DEFINIDO,NO DEFINIDO,,,,,,NO DEFINIDO,,,,,,NO DEFINIDO,NO DEFINIDO,NO DEFINIDO,2000000.0,2000000.0,2000000.0
8548652,20220601,220115276,E.S.E. Centro de Salud - Floresta,2.4.1,GASTOS DE PERSONAL,GASTOS,GASTOS DE OPERACION COMERCIAL,GASTOS DE PERSONAL,No Aplica,No Aplica,No Aplica,No Aplica,No Aplica,No Aplica,No Aplica,VIGENCIA ACTUAL,ENTIDADES DIFERENTES A ENTIDADES TERRITORIALES - GESTION GENERAL,NO DEFINIDO,NO DEFINIDO,NO DEFINIDO,,,2022,Segundo Trimestre,,,,NO DEFINIDO,NO DEFINIDO,,,,,,NO DEFINIDO,,,,,,NO DEFINIDO,NO DEFINIDO,NO DEFINIDO,118299397.0,111245341.0,111245341.0
8552159,20230601,220115276,E.S.E. Centro de Salud - Floresta,2.4.5,GASTOS DE COMERCIALIZACION Y PRODUCCION,GASTOS,GASTOS DE OPERACION COMERCIAL,GASTOS DE COMERCIALIZACION Y PRODUCCION,No Aplica,No Aplica,No Aplica,No Aplica,No Aplica,No Aplica,No Aplica,VIGENCIA ACTUAL,ENTIDADES DIFERENTES A ENTIDADES TERRITORIALES - UNIDAD DE SALUD,NO DEFINIDO,NO DEFINIDO,NO DEFINIDO,,,2023,Segundo Trimestre,,,,NO DEFINIDO,NO DEFINIDO,,,,,,NO DEFINIDO,,,,,,NO DEFINIDO,NO DEFINIDO,NO DEFINIDO,176762168.0,57729041.0,57729041.0
8560760,20220901,220115276,E.S.E. Centro de Salud - Floresta,2.4.1.01.01.001.07,BONIFICACION POR SERVICIOS PRESTADOS,GASTOS,GASTOS DE OPERACION COMERCIAL,GASTOS DE PERSONAL,PLANTA DE PERSONAL PERMANENTE,FACTORES CONSTITUTIVOS DE SALARIO,FACTORES SALARIALES COMUNES,BONIFICACION POR SERVICIOS PRESTADOS,No Aplica,No Aplica,No Aplica,VIGENCIA ACTUAL,ENTIDADES DIFERENTES A ENTIDADES TERRITORIALES - GESTION GENERAL,NO DEFINIDO,NO DEFINIDO,NO APLICA,,,2022,Tercer Trimestre,,,,NO APLICA,INGRESOS CORRIENTES DE LIBRE DESTINACION,,,,,,NO APLICA,,,,,,CON SITUACION DE FONDOS,E.S.E. CENTRO DE SALUD - FLORESTA,NO DEFINIDO,3796307.0,3796307.0,3796307.0
8561007,20210901,220115276,E.S.E. Centro de Salud - Floresta,2.1.1.01.03,REMUNERACIONES NO CONSTITUTIVAS DE FACTOR SALARIAL,GASTOS,FUNCIONAMIENTO,GASTOS DE PERSONAL,PLANTA DE PERSONAL PERMANENTE,REMUNERACIONES NO CONSTITUTIVAS DE FACTOR SALARIAL,No Aplica,No Aplica,No Aplica,No Aplica,No Aplica,VIGENCIA ACTUAL,ENTIDADES TERRITORIALES - SALUD,NO DEFINIDO,NO DEFINIDO,NO DEFINIDO,,,2021,Tercer Trimestre,,,,NO DEFINIDO,NO DEFINIDO,,,,,,NO DEFINIDO,,,,,,NO DEFINIDO,NO DEFINIDO,NO DEFINIDO,8481609.0,8481609.0,8481609.0
8580343,20210601,220115276,E.S.E. Centro de Salud - Floresta,2.1.1.01.02.002,APORTES A LA SEGURIDAD SOCIAL EN SALUD,GASTOS,FUNCIONAMIENTO,GASTOS DE PERSONAL,PLANTA DE PERSONAL PERMANENTE,CONTRIBUCIONES INHERENTES A LA NOMINA,APORTES A LA SEGURIDAD SOCIAL EN SALUD,No Aplica,No Aplica,No Aplica,No Aplica,VIGENCIA ACTUAL,ENTIDADES DIFERENTES A ENTIDADES TERRITORIALES - UNIDAD DE SALUD,NO DEFINIDO,NO DEFINIDO,NO APLICA,,,2021,Segundo Trimestre,,,,NO APLICA,1.2.1.0.00 - INGRESOS CORRIENTES DE LIBRE DESTINACION,,,,,,NO APLICA,,,,,,CON SITUACION DE FONDOS,NO APLICA,NO DEFINIDO,7770109.0,7770109.0,7770109.0
8605745,20210601,220115276,E.S.E. Centro de Salud - Floresta,2.1.1.01.02.003,APORTES DE CESANTIAS,GASTOS,FUNCIONAMIENTO,GASTOS DE PERSONAL,PLANTA DE PERSONAL PERMANENTE,CONTRIBUCIONES INHERENTES A LA NOMINA,APORTES DE CESANTIAS,No Aplica,No Aplica,No Aplica,No Aplica,VIGENCIA ACTUAL,ENTIDADES DIFERENTES A ENTIDADES TERRITORIALES - UNIDAD DE SALUD,NO DEFINIDO,NO DEFINIDO,NO APLICA,,,2021,Segundo Trimestre,,,,NO APLICA,1.2.1.0.00 - INGRESOS CORRIENTES DE LIBRE DESTINACION,,,,,,NO APLICA,,,,,,CON SITUACION DE FONDOS,NO APLICA,NO DEFINIDO,2769984.0,2769984.0,2769984.0
8607250,20230601,220115276,E.S.E. Centro de Salud - Floresta,2.4.1.01.02.004,APORTES A CAJAS DE COMPENSACION FAMILIAR,GASTOS,GASTOS DE OPERACION COMERCIAL,GASTOS DE PERSONAL,PLANTA DE PERSONAL PERMANENTE,CONTRIBUCIONES INHERENTES A LA NOMINA,APORTES A CAJAS DE COMPENSACION FAMILIAR,No Aplica,No Aplica,No Aplica,No Aplica,VIGENCIA ACTUAL,ENTIDADES DIFERENTES A ENTIDADES TERRITORIALES - UNIDAD DE SALUD,NO DEFINIDO,NO DEFINIDO,SALUD Y PROTECCION SOCIAL,,,2023,Segundo Trimestre,,,,NO APLICA,INGRESOS CORRIENTES DE LIBRE DESTINACION,,,,,,NO APLICA,,,,,,CON SITUACION DE FONDOS,NO APLICA,NO DEFINIDO,3885300.0,3885300.0,3885300.0
8608056,20230601,220115276,E.S.E. Centro de Salud - Floresta,2.1.1.01.03.001,PRESTACIONES SOCIALES,GASTOS,FUNCIONAMIENTO,GASTOS DE PERSONAL,PLANTA DE PERSONAL PERMANENTE,REMUNERACIONES NO CONSTITUTIVAS DE FACTOR SALARIAL,PRESTACIONES SOCIALES,No Aplica,No Aplica,No Aplica,No Aplica,VIGENCIA ACTUAL,ENTIDADES DIFERENTES A ENTIDADES TERRITORIALES - UNIDAD DE SALUD,NO DEFINIDO,NO DEFINIDO,NO DEFINIDO,,,2023,Segundo Trimestre,,,,NO DEFINIDO,NO DEFINIDO,,,,,,NO DEFINIDO,,,,,,NO DEFINIDO,NO DEFINIDO,NO DEFINIDO,3266289.0,3266289.0,3266289.0
8609130,20230301,220115276,E.S.E. Centro de Salud - Floresta,2.4.1.01.03.001.03,BONIFICACION ESPECIAL DE RECREACION,GASTOS,GASTOS DE OPERACION COMERCIAL,GASTOS DE PERSONAL,PLANTA DE PERSONAL PERMANENTE,REMUNERACIONES NO CONSTITUTIVAS DE FACTOR SALARIAL,PRESTACIONES SOCIALES,BONIFICACION ESPECIAL DE RECREACION,No Aplica,No Aplica,No Aplica,VIGENCIA ACTUAL,ENTIDADES TERRITORIALES - SALUD,NO DEFINIDO,NO DEFINIDO,NO APLICA,,,2023,Primer Trimestre,,,,NO APLICA,INGRESOS CORRIENTES DE LIBRE DESTINACION,,,,,,NO APLICA,,,,,,CON SITUACION DE FONDOS,NO APLICA,NO DEFINIDO,284504.0,284504.0,284504.0
8634727,20220901,220115276,E.S.E. Centro de Salud - Floresta,2.1.1.01.01.001,FACTORES SALARIALES COMUNES,GASTOS,FUNCIONAMIENTO,GASTOS DE PERSONAL,PLANTA DE PERSONAL PERMANENTE,FACTORES CONSTITUTIVOS DE SALARIO,FACTORES SALARIALES COMUNES,No Aplica,No Aplica,No Aplica,No Aplica,VIGENCIA ACTUAL,ENTIDADES DIFERENTES A ENTIDADES TERRITORIALES - GESTION GENERAL,NO DEFINIDO,NO DEFINIDO,NO DEFINIDO,,,2022,Tercer Trimestre,,,,NO DEFINIDO,NO DEFINIDO,,,,,,NO DEFINIDO,,,,,,NO DEFINIDO,NO DEFINIDO,NO DEFINIDO,72639024.0,70470402.0,70470402.0
8639126,20220601,220115276,E.S.E. Centro de Salud - Floresta,2.4.1.01.03.001,PRESTACIONES SOCIALES,GASTOS,GASTOS DE OPERACION COMERCIAL,GASTOS DE PERSONAL,PLANTA DE PERSONAL PERMANENTE,REMUNERACIONES NO CONSTITUTIVAS DE FACTOR SALARIAL,PRESTACIONES SOCIALES,No Aplica,No Aplica,No Aplica,No Aplica,VIGENCIA ACTUAL,ENTIDADES DIFERENTES A ENTIDADES TERRITORIALES - GESTION GENERAL,NO DEFINIDO,NO DEFINIDO,NO DEFINIDO,,,2022,Segundo Trimestre,,,,NO DEFINIDO,NO DEFINIDO,,,,,,NO DEFINIDO,,,,,,NO DEFINIDO,NO DEFINIDO,NO DEFINIDO,4031438.0,4031438.0,4031438.0
8640696,20210601,220115276,E.S.E. Centro de Salud - Floresta,2.1.1,GASTOS DE PERSONAL,GASTOS,FUNCIONAMIENTO,GASTOS DE PERSONAL,No Aplica,No Aplica,No Aplica,No Aplica,No Aplica,No Aplica,No Aplica,VIGENCIA ACTUAL,ENTIDADES DIFERENTES A ENTIDADES TERRITORIALES - UNIDAD DE SALUD,NO DEFINIDO,NO DEFINIDO,NO DEFINIDO,,,2021,Segundo Trimestre,,,,NO DEFINIDO,NO DEFINIDO,,,,,,NO DEFINIDO,,,,,,NO DEFINIDO,NO DEFINIDO,NO DEFINIDO,158799860.0,145313566.0,145313566.0
8642877,20230601,220115276,E.S.E. Centro de Salud - Floresta,2.4.5.01.03,"OTROS BIENES TRANSPORTABLES EXCEPTO PRODUCTOS METALICOS, MAQUINARIA Y EQUIPO",GASTOS,GASTOS DE OPERACION COMERCIAL,GASTOS DE COMERCIALIZACION Y PRODUCCION,MATERIALES Y SUMINISTROS,"OTROS BIENES TRANSPORTABLES EXCEPTO PRODUCTOS METALICOS, MAQUINARIA Y EQUIPO",No Aplica,No Aplica,No Aplica,No Aplica,No Aplica,VIGENCIA ACTUAL,ENTIDADES DIFERENTES A ENTIDADES TERRITORIALES - UNIDAD DE SALUD,NO DEFINIDO,NO DEFINIDO,SALUD Y PROTECCION SOCIAL,,,2023,Segundo Trimestre,,,,ADITIVOS PARA GASOLINA ACEITES MINERALES Y COMBUSTIBLE EN GENERAL,INGRESOS CORRIENTES DE LIBRE DESTINACION,,,,,,NO APLICA,,,,,,CON SITUACION DE FONDOS,NO APLICA,NO DEFINIDO,13147429.0,5026135.0,5026135.0
8652055,20221201,220115276,E.S.E. Centro de Salud - Floresta,2.4.1.01.03.001.03,BONIFICACION ESPECIAL DE RECREACION,GASTOS,GASTOS DE OPERACION COMERCIAL,GASTOS DE PERSONAL,PLANTA DE PERSONAL PERMANENTE,REMUNERACIONES NO CONSTITUTIVAS DE FACTOR SALARIAL,PRESTACIONES SOCIALES,BONIFICACION ESPECIAL DE RECREACION,No Aplica,No Aplica,No Aplica,VIGENCIA ACTUAL,ENTIDADES DIFERENTES A ENTIDADES TERRITORIALES - GESTION GENERAL,NO DEFINIDO,NO DEFINIDO,NO APLICA,,,2022,Cuarto Trimestre,,,,NO APLICA,INGRESOS CORRIENTES DE LIBRE DESTINACION,,,,,,NO APLICA,,,,,,CON SITUACION DE FONDOS,NO APLICA,NO DEFINIDO,569481.0,569481.0,569481.0
8654589,20220601,220115276,E.S.E. Centro de Salud - Floresta,2.1.2.02,ADQUISICIONES DIFERENTES DE ACTIVOS,GASTOS,FUNCIONAMIENTO,ADQUISICION DE BIENES Y SERVICIOS,ADQUISICIONES DIFERENTES DE ACTIVOS,No Aplica,No Aplica,No Aplica,No Aplica,No Aplica,No Aplica,VIGENCIA ACTUAL,ENTIDADES DIFERENTES A ENTIDADES TERRITORIALES - GESTION GENERAL,NO DEFINIDO,NO DEFINIDO,NO DEFINIDO,,,2022,Segundo Trimestre,,,,NO DEFINIDO,NO DEFINIDO,,,,,,NO DEFINIDO,,,,,,NO DEFINIDO,NO DEFINIDO,NO DEFINIDO,92937896.0,74553420.0,74553420.0
8654716,20220601,220115276,E.S.E. Centro de Salud - Floresta,2.4.1.01.01.001.08.02,PRIMA DE VACACIONES,GASTOS,GASTOS DE OPERACION COMERCIAL,GASTOS DE PERSONAL,PLANTA DE PERSONAL PERMANENTE,FACTORES CONSTITUTIVOS DE SALARIO,FACTORES SALARIALES COMUNES,PRESTACIONES SOCIALES,PRIMA DE VACACIONES,No Aplica,No Aplica,VIGENCIA ACTUAL,ENTIDADES DIFERENTES A ENTIDADES TERRITORIALES - GESTION GENERAL,NO DEFINIDO,NO DEFINIDO,NO APLICA,,,2022,Segundo Trimestre,,,,NO APLICA,INGRESOS CORRIENTES DE LIBRE DESTINACION,,,,,,NO APLICA,,,,,,CON SITUACION DE FONDOS,NO APLICA,NO DEFINIDO,2610668.0,2610668.0,2610668.0
8654773,20230301,220115276,E.S.E. Centro de Salud - Floresta,2.4,GASTOS DE OPERACION COMERCIAL,GASTOS,GASTOS DE OPERACION COMERCIAL,No Aplica,No Aplica,No Aplica,No Aplica,No Aplica,No Aplica,No Aplica,No Aplica,VIGENCIA ACTUAL,ENTIDADES TERRITORIALES - SALUD,NO DEFINIDO,NO DEFINIDO,NO DEFINIDO,,,2023,Primer Trimestre,,,,NO DEFINIDO,NO DEFINIDO,,,,,,NO DEFINIDO,,,,,,NO DEFINIDO,NO DEFINIDO,NO DEFINIDO,117410068.0,76513298.0,76513298.0
8674304,20230601,220115276,E.S.E. Centro de Salud - Floresta,2.4.1.01.01.001.01,SUELDO BASICO,GASTOS,GASTOS DE OPERACION COMERCIAL,GASTOS DE PERSONAL,PLANTA DE PERSONAL PERMANENTE,FACTORES CONSTITUTIVOS DE SALARIO,FACTORES SALARIALES COMUNES,SUELDO BASICO,No Aplica,No Aplica,No Aplica,VIGENCIA ACTUAL,ENTIDADES DIFERENTES A ENTIDADES TERRITORIALES - UNIDAD DE SALUD,NO DEFINIDO,NO DEFINIDO,SALUD Y PROTECCION SOCIAL,,,2023,Segundo Trimestre,,,,NO APLICA,INGRESOS CORRIENTES DE LIBRE DESTINACION,,,,,,NO APLICA,,,,,,CON SITUACION DE FONDOS,NO APLICA,NO DEFINIDO,87965408.0,87965408.0,87965408.0
8681004,20220901,220115276,E.S.E. Centro de Salud - Floresta,2.1.1.01.02.002,APORTES A LA SEGURIDAD SOCIAL EN SALUD,GASTOS,FUNCIONAMIENTO,GASTOS DE PERSONAL,PLANTA DE PERSONAL PERMANENTE,CONTRIBUCIONES INHERENTES A LA NOMINA,APORTES A LA SEGURIDAD SOCIAL EN SALUD,No Aplica,No Aplica,No Aplica,No Aplica,VIGENCIA ACTUAL,ENTIDADES DIFERENTES A ENTIDADES TERRITORIALES - GESTION GENERAL,NO DEFINIDO,NO DEFINIDO,NO APLICA,,,2022,Tercer Trimestre,,,,NO APLICA,INGRESOS CORRIENTES DE LIBRE DESTINACION,,,,,,NO APLICA,,,,,,CON SITUACION DE FONDOS,E.S.E. CENTRO DE SALUD - FLORESTA,NO DEFINIDO,4929065.0,4929065.0,4929065.0
8688792,20220901,220115276,E.S.E. Centro de Salud - Floresta,2.1.2.02.01.004,PRODUCTOS METALICOS Y PAQUETES DE SOFTWARE,GASTOS,FUNCIONAMIENTO,ADQUISICION DE BIENES Y SERVICIOS,ADQUISICIONES DIFERENTES DE ACTIVOS,MATERIALES Y SUMINISTROS,PRODUCTOS METALICOS Y PAQUETES DE SOFTWARE,No Aplica,No Aplica,No Aplica,No Aplica,VIGENCIA ACTUAL,ENTIDADES DIFERENTES A ENTIDADES TERRITORIALES - GESTION GENERAL,NO DEFINIDO,NO DEFINIDO,NO APLICA,,,2022,Tercer Trimestre,,,,OTROS SERVICIOS DIVERSOS N C P,INGRESOS CORRIENTES DE LIBRE DESTINACION,,,,,,NO APLICA,,,,,,CON SITUACION DE FONDOS,INSTITUTO NACIONAL DE SALUD,NO DEFINIDO,4896000.0,4291715.0,4291715.0
8693787,20220601,220115276,E.S.E. Centro de Salud - Floresta,2.1.1.01.03.001.02,INDEMNIZACION POR VACACIONES,GASTOS,FUNCIONAMIENTO,GASTOS DE PERSONAL,PLANTA DE PERSONAL PERMANENTE,REMUNERACIONES NO CONSTITUTIVAS DE FACTOR SALARIAL,PRESTACIONES SOCIALES,INDEMNIZACION POR VACACIONES,No Aplica,No Aplica,No Aplica,VIGENCIA ACTUAL,ENTIDADES DIFERENTES A ENTIDADES TERRITORIALES - GESTION GENERAL,NO DEFINIDO,NO DEFINIDO,NO APLICA,,,2022,Segundo Trimestre,,,,NO APLICA,INGRESOS CORRIENTES DE LIBRE DESTINACION,,,,,,NO APLICA,,,,,,CON SITUACION DE FONDOS,NO APLICA,NO DEFINIDO,3271230.0,3271230.0,3271230.0
8693850,20210901,220115276,E.S.E. Centro de Salud - Floresta,2.1.1,GASTOS DE PERSONAL,GASTOS,FUNCIONAMIENTO,GASTOS DE PERSONAL,No Aplica,No Aplica,No Aplica,No Aplica,No Aplica,No Aplica,No Aplica,VIGENCIA ACTUAL,ENTIDADES TERRITORIALES - SALUD,NO DEFINIDO,NO DEFINIDO,NO DEFINIDO,,,2021,Tercer Trimestre,,,,NO DEFINIDO,NO DEFINIDO,,,,,,NO DEFINIDO,,,,,,NO DEFINIDO,NO DEFINIDO,NO DEFINIDO,106669771.0,106450180.0,106450180.0
8697274,20220601,220115276,E.S.E. Centro de Salud - Floresta,2.1.1.01.01.001.10,VIATICOS DE LOS FUNCIONARIOS EN COMISION,GASTOS,FUNCIONAMIENTO,GASTOS DE PERSONAL,PLANTA DE PERSONAL PERMANENTE,FACTORES CONSTITUTIVOS DE SALARIO,FACTORES SALARIALES COMUNES,VIATICOS DE LOS FUNCIONARIOS EN COMISION,No Aplica,No Aplica,No Aplica,VIGENCIA ACTUAL,ENTIDADES DIFERENTES A ENTIDADES TERRITORIALES - GESTION GENERAL,NO DEFINIDO,NO DEFINIDO,NO APLICA,,,2022,Segundo Trimestre,,,,NO APLICA,INGRESOS CORRIENTES DE LIBRE DESTINACION,,,,,,NO APLICA,,,,,,CON SITUACION DE FONDOS,E.S.E. CENTRO DE SALUD - FLORESTA,NO DEFINIDO,1301300.0,1301300.0,1301300.0
8698138,20220901,220115276,E.S.E. Centro de Salud - Floresta,2.1.2.02.01.002,"PRODUCTOS ALIMENTICIOS, BEBIDAS Y TABACO, TEXTILES, PRENDAS DE VESTIR Y PRODUCTOS DE CUERO",GASTOS,FUNCIONAMIENTO,ADQUISICION DE BIENES Y SERVICIOS,ADQUISICIONES DIFERENTES DE ACTIVOS,MATERIALES Y SUMINISTROS,"PRODUCTOS ALIMENTICIOS, BEBIDAS Y TABACO, TEXTILES, PRENDAS DE VESTIR Y PRODUCTOS DE CUERO",No Aplica,No Aplica,No Aplica,No Aplica,VIGENCIA ACTUAL,ENTIDADES DIFERENTES A ENTIDADES TERRITORIALES - GESTION GENERAL,NO DEFINIDO,NO DEFINIDO,NO APLICA,,,2022,Tercer Trimestre,,,,OTROS SERVICIOS DIVERSOS N C P,INGRESOS CORRIENTES DE LIBRE DESTINACION,,,,,,NO APLICA,,,,,,CON SITUACION DE FONDOS,E.S.E. CENTRO DE SALUD - FLORESTA,NO DEFINIDO,10013500.0,10013500.0,10013500.0
8701311,20230601,220115276,E.S.E. Centro de Salud - Floresta,2.4.1.01.01.001,FACTORES SALARIALES COMUNES,GASTOS,GASTOS DE OPERACION COMERCIAL,GASTOS DE PERSONAL,PLANTA DE PERSONAL PERMANENTE,FACTORES CONSTITUTIVOS DE SALARIO,FACTORES SALARIALES COMUNES,No Aplica,No Aplica,No Aplica,No Aplica,VIGENCIA ACTUAL,ENTIDADES DIFERENTES A ENTIDADES TERRITORIALES - UNIDAD DE SALUD,NO DEFINIDO,NO DEFINIDO,NO DEFINIDO,,,2023,Segundo Trimestre,,,,NO DEFINIDO,NO DEFINIDO,,,,,,NO DEFINIDO,,,,,,NO DEFINIDO,NO DEFINIDO,NO DEFINIDO,100147873.0,100147873.0,100147873.0
8720044,20221201,220115276,E.S.E. Centro de Salud - Floresta,2.1.8.04.07,CONTRIBUCION DE VIGILANCIA - SUPERINTENDENCIA NACIONAL DE SALUD,GASTOS,FUNCIONAMIENTO,"GASTOS POR TRIBUTOS, TASAS, CONTRIBUCIONES, MULTAS, SANCIONES E INTERESES DE MORA",CONTRIBUCIONES,CONTRIBUCION DE VIGILANCIA - SUPERINTENDENCIA NACIONAL DE SALUD,No Aplica,No Aplica,No Aplica,No Aplica,No Aplica,VIGENCIA ACTUAL,ENTIDADES DIFERENTES A ENTIDADES TERRITORIALES - GESTION GENERAL,NO DEFINIDO,NO DEFINIDO,NO APLICA,,,2022,Cuarto Trimestre,,,,NO APLICA,INGRESOS CORRIENTES DE LIBRE DESTINACION,,,,,,NO APLICA,,,,,,CON SITUACION DE FONDOS,SUPERINTENDENCIA NACIONAL DE SALUD,NO DEFINIDO,656211.0,656211.0,656211.0
8724020,20221201,220115276,E.S.E. Centro de Salud - Floresta,2.1.2.01.01.003.06.01,APARATOS MEDICOS Y QUIRURGICOS Y APARATOS ORTESICOS Y PROTESICOS,GASTOS,FUNCIONAMIENTO,ADQUISICION DE BIENES Y SERVICIOS,ADQUISICION DE ACTIVOS NO FINANCIEROS,ACTIVOS FIJOS,MAQUINARIA Y EQUIPO,"APARATOS MEDICOS, INSTRUMENTOS OPTICOS Y DE PRECISION, RELOJES",APARATOS MEDICOS Y QUIRURGICOS Y APARATOS ORTESICOS Y PROTESICOS,No Aplica,No Aplica,VIGENCIA ACTUAL,ENTIDADES DIFERENTES A ENTIDADES TERRITORIALES - GESTION GENERAL,NO DEFINIDO,NO DEFINIDO,NO APLICA,,,2022,Cuarto Trimestre,,,,NO APLICA,INGRESOS CORRIENTES DE LIBRE DESTINACION,,,,,,NO APLICA,,,,,,CON SITUACION DE FONDOS,NO APLICA,NO DEFINIDO,960000.0,960000.0,960000.0
8731147,20220301,220115276,E.S.E. Centro de Salud - Floresta,2.1.2,ADQUISICION DE BIENES Y SERVICIOS,GASTOS,FUNCIONAMIENTO,ADQUISICION DE BIENES Y SERVICIOS,No Aplica,No Aplica,No Aplica,No Aplica,No Aplica,No Aplica,No Aplica,VIGENCIA ACTUAL,ENTIDADES DIFERENTES A ENTIDADES TERRITORIALES - GESTION GENERAL,NO DEFINIDO,NO DEFINIDO,NO DEFINIDO,,,2022,Primer Trimestre,,,,NO DEFINIDO,NO DEFINIDO,,,,,,NO DEFINIDO,,,,,,NO DEFINIDO,NO DEFINIDO,NO DEFINIDO,82494787.0,32614364.0,32614364.0
8757116,20230601,220115276,E.S.E. Centro de Salud - Floresta,2.3.2.01.01.003.06,"APARATOS MEDICOS, INSTRUMENTOS OPTICOS Y DE PRECISION, RELOJES",GASTOS,INVERSION,ADQUISICION DE BIENES Y SERVICIOS,ADQUISICION DE ACTIVOS NO FINANCIEROS,ACTIVOS FIJOS,MAQUINARIA Y EQUIPO,"APARATOS MEDICOS, INSTRUMENTOS OPTICOS Y DE PRECISION, RELOJES",No Aplica,No Aplica,No Aplica,VIGENCIA ACTUAL,ENTIDADES DIFERENTES A ENTIDADES TERRITORIALES - UNIDAD DE SALUD,NO DEFINIDO,NO DEFINIDO,NO DEFINIDO,,,2023,Segundo Trimestre,,,,NO DEFINIDO,NO DEFINIDO,,,,,,NO DEFINIDO,,,,,,NO DEFINIDO,NO DEFINIDO,NO DEFINIDO,14800000.0,14800000.0,14800000.0
8757517,20220901,220115276,E.S.E. Centro de Salud - Floresta,2.4.1.01.01.001.04,SUBSIDIO DE ALIMENTACION,GASTOS,GASTOS DE OPERACION COMERCIAL,GASTOS DE PERSONAL,PLANTA DE PERSONAL PERMANENTE,FACTORES CONSTITUTIVOS DE SALARIO,FACTORES SALARIALES COMUNES,SUBSIDIO DE ALIMENTACION,No Aplica,No Aplica,No Aplica,VIGENCIA ACTUAL,ENTIDADES DIFERENTES A ENTIDADES TERRITORIALES - GESTION GENERAL,NO DEFINIDO,NO DEFINIDO,NO APLICA,,,2022,Tercer Trimestre,,,,NO APLICA,INGRESOS CORRIENTES DE LIBRE DESTINACION,,,,,,NO APLICA,,,,,,CON SITUACION DE FONDOS,E.S.E. CENTRO DE SALUD - FLORESTA,NO DEFINIDO,2166569.0,1963097.0,1963097.0
8757705,20220601,220115276,E.S.E. Centro de Salud - Floresta,2.4.1.01.01.001,FACTORES SALARIALES COMUNES,GASTOS,GASTOS DE OPERACION COMERCIAL,GASTOS DE PERSONAL,PLANTA DE PERSONAL PERMANENTE,FACTORES CONSTITUTIVOS DE SALARIO,FACTORES SALARIALES COMUNES,No Aplica,No Aplica,No Aplica,No Aplica,VIGENCIA ACTUAL,ENTIDADES DIFERENTES A ENTIDADES TERRITORIALES - GESTION GENERAL,NO DEFINIDO,NO DEFINIDO,NO DEFINIDO,,,2022,Segundo Trimestre,,,,NO DEFINIDO,NO DEFINIDO,,,,,,NO DEFINIDO,,,,,,NO DEFINIDO,NO DEFINIDO,NO DEFINIDO,88204107.0,81150051.0,81150051.0
8758427,20220901,220115276,E.S.E. Centro de Salud - Floresta,2.1.1.01.01.001.06,PRIMA DE SERVICIO,GASTOS,FUNCIONAMIENTO,GASTOS DE PERSONAL,PLANTA DE PERSONAL PERMANENTE,FACTORES CONSTITUTIVOS DE SALARIO,FACTORES SALARIALES COMUNES,PRIMA DE SERVICIO,No Aplica,No Aplica,No Aplica,VIGENCIA ACTUAL,ENTIDADES DIFERENTES A ENTIDADES TERRITORIALES - GESTION GENERAL,NO DEFINIDO,NO DEFINIDO,NO APLICA,,,2022,Tercer Trimestre,,,,NO APLICA,INGRESOS CORRIENTES DE LIBRE DESTINACION,,,,,,NO APLICA,,,,,,CON SITUACION DE FONDOS,E.S.E. CENTRO DE SALUD - FLORESTA,NO DEFINIDO,3144288.0,3144288.0,3144288.0
8780714,20220601,220115276,E.S.E. Centro de Salud - Floresta,2.1.1.01.03,REMUNERACIONES NO CONSTITUTIVAS DE FACTOR SALARIAL,GASTOS,FUNCIONAMIENTO,GASTOS DE PERSONAL,PLANTA DE PERSONAL PERMANENTE,REMUNERACIONES NO CONSTITUTIVAS DE FACTOR SALARIAL,No Aplica,No Aplica,No Aplica,No Aplica,No Aplica,VIGENCIA ACTUAL,ENTIDADES DIFERENTES A ENTIDADES TERRITORIALES - GESTION GENERAL,NO DEFINIDO,NO DEFINIDO,NO DEFINIDO,,,2022,Segundo Trimestre,,,,NO DEFINIDO,NO DEFINIDO,,,,,,NO DEFINIDO,,,,,,NO DEFINIDO,NO DEFINIDO,NO DEFINIDO,3516289.0,3516289.0,3516289.0
8780905,20210601,220115276,E.S.E. Centro de Salud - Floresta,2.1.1.01.01.001.10,VIATICOS DE LOS FUNCIONARIOS EN COMISION,GASTOS,FUNCIONAMIENTO,GASTOS DE PERSONAL,PLANTA DE PERSONAL PERMANENTE,FACTORES CONSTITUTIVOS DE SALARIO,FACTORES SALARIALES COMUNES,VIATICOS DE LOS FUNCIONARIOS EN COMISION,No Aplica,No Aplica,No Aplica,VIGENCIA ACTUAL,ENTIDADES DIFERENTES A ENTIDADES TERRITORIALES - UNIDAD DE SALUD,NO DEFINIDO,NO DEFINIDO,NO APLICA,,,2021,Segundo Trimestre,,,,NO APLICA,1.2.1.0.00 - INGRESOS CORRIENTES DE LIBRE DESTINACION,,,,,,NO APLICA,,,,,,CON SITUACION DE FONDOS,NO APLICA,NO DEFINIDO,252100.0,252100.0,252100.0
8783077,20220301,220115276,E.S.E. Centro de Salud - Floresta,2.1.2.02,ADQUISICIONES DIFERENTES DE ACTIVOS,GASTOS,FUNCIONAMIENTO,ADQUISICION DE BIENES Y SERVICIOS,ADQUISICIONES DIFERENTES DE ACTIVOS,No Aplica,No Aplica,No Aplica,No Aplica,No Aplica,No Aplica,VIGENCIA ACTUAL,ENTIDADES DIFERENTES A ENTIDADES TERRITORIALES - GESTION GENERAL,NO DEFINIDO,NO DEFINIDO,NO DEFINIDO,,,2022,Primer Trimestre,,,,NO DEFINIDO,NO DEFINIDO,,,,,,NO DEFINIDO,,,,,,NO DEFINIDO,NO DEFINIDO,NO DEFINIDO,82494787.0,32614364.0,32614364.0
8803170,20220901,220115276,E.S.E. Centro de Salud - Floresta,2.4.1.01.03.001.02,INDEMNIZACION POR VACACIONES,GASTOS,GASTOS DE OPERACION COMERCIAL,GASTOS DE PERSONAL,PLANTA DE PERSONAL PERMANENTE,REMUNERACIONES NO CONSTITUTIVAS DE FACTOR SALARIAL,PRESTACIONES SOCIALES,INDEMNIZACION POR VACACIONES,No Aplica,No Aplica,No Aplica,VIGENCIA ACTUAL,ENTIDADES DIFERENTES A ENTIDADES TERRITORIALES - GESTION GENERAL,NO DEFINIDO,NO DEFINIDO,NO APLICA,,,2022,Tercer Trimestre,,,,NO APLICA,INGRESOS CORRIENTES DE LIBRE DESTINACION,,,,,,NO APLICA,,,,,,CON SITUACION DE FONDOS,NO APLICA,NO DEFINIDO,2520360.0,2520360.0,2520360.0
8807732,20221201,220115276,E.S.E. Centro de Salud - Floresta,2.4.1.01.02.007,APORTES AL SENA,GASTOS,GASTOS DE OPERACION COMERCIAL,GASTOS DE PERSONAL,PLANTA DE PERSONAL PERMANENTE,CONTRIBUCIONES INHERENTES A LA NOMINA,APORTES AL SENA,No Aplica,No Aplica,No Aplica,No Aplica,VIGENCIA ACTUAL,ENTIDADES DIFERENTES A ENTIDADES TERRITORIALES - GESTION GENERAL,NO DEFINIDO,NO DEFINIDO,NO APLICA,,,2022,Cuarto Trimestre,,,,NO APLICA,INGRESOS CORRIENTES DE LIBRE DESTINACION,,,,,,NO APLICA,,,,,,CON SITUACION DE FONDOS,SERVICIO NACIONAL DE APRENDIZAJE,NO DEFINIDO,3019700.0,3019700.0,3019700.0
8810213,20220301,220115276,E.S.E. Centro de Salud - Floresta,2.4.1.01.02.003,APORTES DE CESANTIAS,GASTOS,GASTOS DE OPERACION COMERCIAL,GASTOS DE PERSONAL,PLANTA DE PERSONAL PERMANENTE,CONTRIBUCIONES INHERENTES A LA NOMINA,APORTES DE CESANTIAS,No Aplica,No Aplica,No Aplica,No Aplica,VIGENCIA ACTUAL,ENTIDADES DIFERENTES A ENTIDADES TERRITORIALES - GESTION GENERAL,NO DEFINIDO,NO DEFINIDO,NO APLICA,,,2022,Primer Trimestre,,,,NO APLICA,INGRESOS CORRIENTES DE LIBRE DESTINACION,,,,,,NO APLICA,,,,,,CON SITUACION DE FONDOS,E.S.E. CENTRO DE SALUD - FLORESTA,NO DEFINIDO,2517916.0,2517916.0,2517916.0
8817685,20220601,220115276,E.S.E. Centro de Salud - Floresta,2.1.1.01.01,FACTORES CONSTITUTIVOS DE SALARIO,GASTOS,FUNCIONAMIENTO,GASTOS DE PERSONAL,PLANTA DE PERSONAL PERMANENTE,FACTORES CONSTITUTIVOS DE SALARIO,No Aplica,No Aplica,No Aplica,No Aplica,No Aplica,VIGENCIA ACTUAL,ENTIDADES DIFERENTES A ENTIDADES TERRITORIALES - GESTION GENERAL,NO DEFINIDO,NO DEFINIDO,NO DEFINIDO,,,2022,Segundo Trimestre,,,,NO DEFINIDO,NO DEFINIDO,,,,,,NO DEFINIDO,,,,,,NO DEFINIDO,NO DEFINIDO,NO DEFINIDO,49479247.0,45142003.0,45142003.0
8831561,20221201,220115276,E.S.E. Centro de Salud - Floresta,2.1.1.01.01.001.08,PRESTACIONES SOCIALES,GASTOS,FUNCIONAMIENTO,GASTOS DE PERSONAL,PLANTA DE PERSONAL PERMANENTE,FACTORES CONSTITUTIVOS DE SALARIO,FACTORES SALARIALES COMUNES,PRESTACIONES SOCIALES,No Aplica,No Aplica,No Aplica,VIGENCIA ACTUAL,ENTIDADES DIFERENTES A ENTIDADES TERRITORIALES - GESTION GENERAL,NO DEFINIDO,NO DEFINIDO,NO DEFINIDO,,,2022,Cuarto Trimestre,,,,NO DEFINIDO,NO DEFINIDO,,,,,,NO DEFINIDO,,,,,,NO DEFINIDO,NO DEFINIDO,NO DEFINIDO,11013135.0,11013135.0,11013135.0
8836632,20220601,220115276,E.S.E. Centro de Salud - Floresta,2.4.1.01.02.006,APORTES AL ICBF,GASTOS,GASTOS DE OPERACION COMERCIAL,GASTOS DE PERSONAL,PLANTA DE PERSONAL PERMANENTE,CONTRIBUCIONES INHERENTES A LA NOMINA,APORTES AL ICBF,No Aplica,No Aplica,No Aplica,No Aplica,VIGENCIA ACTUAL,ENTIDADES DIFERENTES A ENTIDADES TERRITORIALES - GESTION GENERAL,NO DEFINIDO,NO DEFINIDO,NO APLICA,,,2022,Segundo Trimestre,,,,NO APLICA,INGRESOS CORRIENTES DE LIBRE DESTINACION,,,,,,NO APLICA,,,,,,CON SITUACION DE FONDOS,INSTITUTO COLOMBIANO DE BIENESTAR FAMILIAR,NO DEFINIDO,2163030.0,2163030.0,2163030.0
8846776,20221201,220115276,E.S.E. Centro de Salud - Floresta,2.1.2.02.02,ADQUISICION DE SERVICIOS,GASTOS,FUNCIONAMIENTO,ADQUISICION DE BIENES Y SERVICIOS,ADQUISICIONES DIFERENTES DE ACTIVOS,ADQUISICION DE SERVICIOS,No Aplica,No Aplica,No Aplica,No Aplica,No Aplica,VIGENCIA ACTUAL,ENTIDADES DIFERENTES A ENTIDADES TERRITORIALES - GESTION GENERAL,NO DEFINIDO,NO DEFINIDO,NO DEFINIDO,,,2022,Cuarto Trimestre,,,,NO DEFINIDO,NO DEFINIDO,,,,,,NO DEFINIDO,,,,,,NO DEFINIDO,NO DEFINIDO,NO DEFINIDO,203636108.0,203636108.0,203636108.0
8851430,20221201,220115276,E.S.E. Centro de Salud - Floresta,2.4.5.02,ADQUISICION DE SERVICIOS,GASTOS,GASTOS DE OPERACION COMERCIAL,GASTOS DE COMERCIALIZACION Y PRODUCCION,ADQUISICION DE SERVICIOS,No Aplica,No Aplica,No Aplica,No Aplica,No Aplica,No Aplica,VIGENCIA ACTUAL,ENTIDADES DIFERENTES A ENTIDADES TERRITORIALES - GESTION GENERAL,NO DEFINIDO,NO DEFINIDO,NO DEFINIDO,,,2022,Cuarto Trimestre,,,,NO DEFINIDO,NO DEFINIDO,,,,,,NO DEFINIDO,,,,,,NO DEFINIDO,NO DEFINIDO,NO DEFINIDO,171394721.0,171394721.0,171394721.0
8852073,20220601,220115276,E.S.E. Centro de Salud - Floresta,2.1,FUNCIONAMIENTO,GASTOS,FUNCIONAMIENTO,No Aplica,No Aplica,No Aplica,No Aplica,No Aplica,No Aplica,No Aplica,No Aplica,VIGENCIA ACTUAL,ENTIDADES DIFERENTES A ENTIDADES TERRITORIALES - GESTION GENERAL,NO DEFINIDO,NO DEFINIDO,NO DEFINIDO,,,2022,Segundo Trimestre,,,,NO DEFINIDO,NO DEFINIDO,,,,,,NO DEFINIDO,,,,,,NO DEFINIDO,NO DEFINIDO,NO DEFINIDO,158302130.0,135580410.0,135580410.0
8852671,20210601,220115276,E.S.E. Centro de Salud - Floresta,2.1.1.01.01.001.04,SUBSIDIO DE ALIMENTACION,GASTOS,FUNCIONAMIENTO,GASTOS DE PERSONAL,PLANTA DE PERSONAL PERMANENTE,FACTORES CONSTITUTIVOS DE SALARIO,FACTORES SALARIALES COMUNES,SUBSIDIO DE ALIMENTACION,No Aplica,No Aplica,No Aplica,VIGENCIA ACTUAL,ENTIDADES DIFERENTES A ENTIDADES TERRITORIALES - UNIDAD DE SALUD,NO DEFINIDO,NO DEFINIDO,SALUD Y PROTECCION SOCIAL,,,2021,Segundo Trimestre,,,,NO APLICA,1.2.1.0.00 - INGRESOS CORRIENTES DE LIBRE DESTINACION,,,,,,NO APLICA,,,,,,CON SITUACION DE FONDOS,NO APLICA,NO DEFINIDO,2151360.0,1712178.0,1712178.0
8867642,20221201,220115276,E.S.E. Centro de Salud - Floresta,2.1.2.02.01.003,"OTROS BIENES TRANSPORTABLES EXCEPTO PRODUCTOS METALICOS, MAQUINARIA Y EQUIPO",GASTOS,FUNCIONAMIENTO,ADQUISICION DE BIENES Y SERVICIOS,ADQUISICIONES DIFERENTES DE ACTIVOS,MATERIALES Y SUMINISTROS,"OTROS BIENES TRANSPORTABLES EXCEPTO PRODUCTOS METALICOS, MAQUINARIA Y EQUIPO",No Aplica,No Aplica,No Aplica,No Aplica,VIGENCIA ACTUAL,ENTIDADES DIFERENTES A ENTIDADES TERRITORIALES - GESTION GENERAL,NO DEFINIDO,NO DEFINIDO,NO APLICA,,,2022,Cuarto Trimestre,,,,OTROS SERVICIOS DIVERSOS N C P,INGRESOS CORRIENTES DE LIBRE DESTINACION,,,,,,NO APLICA,,,,,,CON SITUACION DE FONDOS,NO APLICA,NO DEFINIDO,21434642.0,21434642.0,21434642.0
8884242,20220301,220115276,E.S.E. Centro de Salud - Floresta,2.1.1.01.02.002,APORTES A LA SEGURIDAD SOCIAL EN SALUD,GASTOS,FUNCIONAMIENTO,GASTOS DE PERSONAL,PLANTA DE PERSONAL PERMANENTE,CONTRIBUCIONES INHERENTES A LA NOMINA,APORTES A LA SEGURIDAD SOCIAL EN SALUD,No Aplica,No Aplica,No Aplica,No Aplica,VIGENCIA ACTUAL,ENTIDADES DIFERENTES A ENTIDADES TERRITORIALES - GESTION GENERAL,NO DEFINIDO,NO DEFINIDO,NO APLICA,,,2022,Primer Trimestre,,,,NO APLICA,INGRESOS CORRIENTES DE LIBRE DESTINACION,,,,,,NO APLICA,,,,,,CON SITUACION DE FONDOS,E.S.E. CENTRO DE SALUD - FLORESTA,NO DEFINIDO,1451431.0,1451431.0,1451431.0
8890014,20221201,220115276,E.S.E. Centro de Salud - Floresta,2.4.1,GASTOS DE PERSONAL,GASTOS,GASTOS DE OPERACION COMERCIAL,GASTOS DE PERSONAL,No Aplica,No Aplica,No Aplica,No Aplica,No Aplica,No Aplica,No Aplica,VIGENCIA ACTUAL,ENTIDADES DIFERENTES A ENTIDADES TERRITORIALES - GESTION GENERAL,NO DEFINIDO,NO DEFINIDO,NO DEFINIDO,,,2022,Cuarto Trimestre,,,,NO DEFINIDO,NO DEFINIDO,,,,,,NO DEFINIDO,,,,,,NO DEFINIDO,NO DEFINIDO,NO DEFINIDO,267182250.0,267182250.0,267182250.0
8890864,20230301,220115276,E.S.E. Centro de Salud - Floresta,2.4.1.01,PLANTA DE PERSONAL PERMANENTE,GASTOS,GASTOS DE OPERACION COMERCIAL,GASTOS DE PERSONAL,PLANTA DE PERSONAL PERMANENTE,No Aplica,No Aplica,No Aplica,No Aplica,No Aplica,No Aplica,VIGENCIA ACTUAL,ENTIDADES TERRITORIALES - SALUD,NO DEFINIDO,NO DEFINIDO,NO DEFINIDO,,,2023,Primer Trimestre,,,,NO DEFINIDO,NO DEFINIDO,,,,,,NO DEFINIDO,,,,,,NO DEFINIDO,NO DEFINIDO,NO DEFINIDO,55490068.0,55490068.0,55490068.0
8891609,20220901,220115276,E.S.E. Centro de Salud - Floresta,2.1.1.01.03,REMUNERACIONES NO CONSTITUTIVAS DE FACTOR SALARIAL,GASTOS,FUNCIONAMIENTO,GASTOS DE PERSONAL,PLANTA DE PERSONAL PERMANENTE,REMUNERACIONES NO CONSTITUTIVAS DE FACTOR SALARIAL,No Aplica,No Aplica,No Aplica,No Aplica,No Aplica,VIGENCIA ACTUAL,ENTIDADES DIFERENTES A ENTIDADES TERRITORIALES - GESTION GENERAL,NO DEFINIDO,NO DEFINIDO,NO DEFINIDO,,,2022,Tercer Trimestre,,,,NO DEFINIDO,NO DEFINIDO,,,,,,NO DEFINIDO,,,,,,NO DEFINIDO,NO DEFINIDO,NO DEFINIDO,3516289.0,3516289.0,3516289.0
8904757,20221201,220115276,E.S.E. Centro de Salud - Floresta,2,GASTOS,GASTOS,No Aplica,No Aplica,No Aplica,No Aplica,No Aplica,No Aplica,No Aplica,No Aplica,No Aplica,VIGENCIA ACTUAL,ENTIDADES DIFERENTES A ENTIDADES TERRITORIALES - GESTION GENERAL,NO DEFINIDO,NO DEFINIDO,NO DEFINIDO,,,2022,Cuarto Trimestre,,,,NO DEFINIDO,NO DEFINIDO,,,,,,NO DEFINIDO,,,,,,NO DEFINIDO,NO DEFINIDO,NO DEFINIDO,1012373074.0,1012373074.0,1012373074.0
8906490,20220901,220115276,E.S.E. Centro de Salud - Floresta,2.1.8.04.07,CONTRIBUCION DE VIGILANCIA - SUPERINTENDENCIA NACIONAL DE SALUD,GASTOS,FUNCIONAMIENTO,"GASTOS POR TRIBUTOS, TASAS, CONTRIBUCIONES, MULTAS, SANCIONES E INTERESES DE MORA",CONTRIBUCIONES,CONTRIBUCION DE VIGILANCIA - SUPERINTENDENCIA NACIONAL DE SALUD,No Aplica,No Aplica,No Aplica,No Aplica,No Aplica,VIGENCIA ACTUAL,ENTIDADES DIFERENTES A ENTIDADES TERRITORIALES - GESTION GENERAL,NO DEFINIDO,NO DEFINIDO,NO APLICA,,,2022,Tercer Trimestre,,,,NO APLICA,INGRESOS CORRIENTES DE LIBRE DESTINACION,,,,,,NO APLICA,,,,,,CON SITUACION DE FONDOS,SUPERINTENDENCIA NACIONAL DE SALUD,NO DEFINIDO,656211.0,656211.0,656211.0
8909139,20210601,220115276,E.S.E. Centro de Salud - Floresta,2.1.1.01.01.001.07,BONIFICACION POR SERVICIOS PRESTADOS,GASTOS,FUNCIONAMIENTO,GASTOS DE PERSONAL,PLANTA DE PERSONAL PERMANENTE,FACTORES CONSTITUTIVOS DE SALARIO,FACTORES SALARIALES COMUNES,BONIFICACION POR SERVICIOS PRESTADOS,No Aplica,No Aplica,No Aplica,VIGENCIA ACTUAL,ENTIDADES DIFERENTES A ENTIDADES TERRITORIALES - UNIDAD DE SALUD,NO DEFINIDO,NO DEFINIDO,NO APLICA,,,2021,Segundo Trimestre,,,,NO APLICA,1.2.1.0.00 - INGRESOS CORRIENTES DE LIBRE DESTINACION,,,,,,NO APLICA,,,,,,CON SITUACION DE FONDOS,NO APLICA,NO DEFINIDO,2151561.0,2151561.0,2151561.0
8909452,20211201,220115276,E.S.E. Centro de Salud - Floresta,2.1.1.01,PLANTA DE PERSONAL PERMANENTE,GASTOS,FUNCIONAMIENTO,GASTOS DE PERSONAL,PLANTA DE PERSONAL PERMANENTE,No Aplica,No Aplica,No Aplica,No Aplica,No Aplica,No Aplica,VIGENCIA ACTUAL,ENTIDADES TERRITORIALES - SALUD,NO DEFINIDO,NO DEFINIDO,NO DEFINIDO,,,2021,Cuarto Trimestre,,,,NO DEFINIDO,NO DEFINIDO,,,,,,NO DEFINIDO,,,,,,NO DEFINIDO,NO DEFINIDO,NO DEFINIDO,188004116.0,188004116.0,188004116.0
8911106,20210301,220115276,E.S.E. Centro de Salud - Floresta,2.1.2,ADQUISICION DE BIENES Y SERVICIOS,GASTOS,FUNCIONAMIENTO,ADQUISICION DE BIENES Y SERVICIOS,No Aplica,No Aplica,No Aplica,No Aplica,No Aplica,No Aplica,No Aplica,VIGENCIA ACTUAL,ENTIDADES DIFERENTES A ENTIDADES TERRITORIALES - UNIDAD DE SALUD,NO DEFINIDO,NO DEFINIDO,NO DEFINIDO,,,2021,Primer Trimestre,,,,NO DEFINIDO,NO DEFINIDO,,,,,,NO DEFINIDO,,,,,,NO DEFINIDO,NO DEFINIDO,NO DEFINIDO,120184483.0,47697742.0,47697742.0
8912590,20230601,220115276,E.S.E. Centro de Salud - Floresta,2.4.1.01.02,CONTRIBUCIONES INHERENTES A LA NOMINA,GASTOS,GASTOS DE OPERACION COMERCIAL,GASTOS DE PERSONAL,PLANTA DE PERSONAL PERMANENTE,CONTRIBUCIONES INHERENTES A LA NOMINA,No Aplica,No Aplica,No Aplica,No Aplica,No Aplica,VIGENCIA ACTUAL,ENTIDADES DIFERENTES A ENTIDADES TERRITORIALES - UNIDAD DE SALUD,NO DEFINIDO,NO DEFINIDO,NO DEFINIDO,,,2023,Segundo Trimestre,,,,NO DEFINIDO,NO DEFINIDO,,,,,,NO DEFINIDO,,,,,,NO DEFINIDO,NO DEFINIDO,NO DEFINIDO,31062612.0,31062612.0,31062612.0
8914405,20210301,220115276,E.S.E. Centro de Salud - Floresta,2.1.1.01.01.001.01,SUELDO BASICO,GASTOS,FUNCIONAMIENTO,GASTOS DE PERSONAL,PLANTA DE PERSONAL PERMANENTE,FACTORES CONSTITUTIVOS DE SALARIO,FACTORES SALARIALES COMUNES,SUELDO BASICO,No Aplica,No Aplica,No Aplica,VIGENCIA ACTUAL,ENTIDADES DIFERENTES A ENTIDADES TERRITORIALES - UNIDAD DE SALUD,NO DEFINIDO,NO DEFINIDO,SALUD Y PROTECCION SOCIAL,,,2021,Primer Trimestre,,,,NO APLICA,1.2.1.0.00 - INGRESOS CORRIENTES DE LIBRE DESTINACION,,,,,,NO APLICA,,,,,,CON SITUACION DE FONDOS,NO APLICA,NO DEFINIDO,60160571.0,50189903.0,50189903.0
8919048,20230301,220115276,E.S.E. Centro de Salud - Floresta,2.1.2.02.02.005,CONSTRUCCION Y SERVICIOS DE LA CONSTRUCCION,GASTOS,FUNCIONAMIENTO,ADQUISICION DE BIENES Y SERVICIOS,ADQUISICIONES DIFERENTES DE ACTIVOS,ADQUISICION DE SERVICIOS,CONSTRUCCION Y SERVICIOS DE LA CONSTRUCCION,No Aplica,No Aplica,No Aplica,No Aplica,VIGENCIA ACTUAL,ENTIDADES TERRITORIALES - SALUD,NO DEFINIDO,NO DEFINIDO,NO APLICA,,,2023,Primer Trimestre,,,,SERVICIOS DE LA ADMINISTRACION PUBLICA RELACIONADOS CON LA SALUD,INGRESOS CORRIENTES DE LIBRE DESTINACION,,,,,,NO APLICA,,,,,,CON SITUACION DE FONDOS,NO APLICA,NO DEFINIDO,1728000.0,0.0,0.0
8935511,20220901,220115276,E.S.E. Centro de Salud - Floresta,2.3.2.01.01.003.03.01,"MAQUINAS PARA OFICINA Y CONTABILIDAD, Y SUS PARTES Y ACCESORIOS",GASTOS,INVERSION,ADQUISICION DE BIENES Y SERVICIOS,ADQUISICION DE ACTIVOS NO FINANCIEROS,ACTIVOS FIJOS,MAQUINARIA Y EQUIPO,"MAQUINARIA DE OFICINA, CONTABILIDAD E INFORMATICA","MAQUINAS PARA OFICINA Y CONTABILIDAD, Y SUS PARTES Y ACCESORIOS",No Aplica,No Aplica,VIGENCIA ACTUAL,ENTIDADES DIFERENTES A ENTIDADES TERRITORIALES - GESTION GENERAL,NO DEFINIDO,NO DEFINIDO,NO APLICA,,,2022,Tercer Trimestre,,,,NO APLICA,INGRESOS CORRIENTES DE LIBRE DESTINACION,,,,,,NO APLICA,,,,,,CON SITUACION DE FONDOS,NO APLICA,NO DEFINIDO,2000000.0,0.0,0.0
8936044,20230601,220115276,E.S.E. Centro de Salud - Floresta,2.4.1.01.01.001.06,PRIMA DE SERVICIO,GASTOS,GASTOS DE OPERACION COMERCIAL,GASTOS DE PERSONAL,PLANTA DE PERSONAL PERMANENTE,FACTORES CONSTITUTIVOS DE SALARIO,FACTORES SALARIALES COMUNES,PRIMA DE SERVICIO,No Aplica,No Aplica,No Aplica,VIGENCIA ACTUAL,ENTIDADES DIFERENTES A ENTIDADES TERRITORIALES - UNIDAD DE SALUD,NO DEFINIDO,NO DEFINIDO,SALUD Y PROTECCION SOCIAL,,,2023,Segundo Trimestre,,,,NO APLICA,INGRESOS CORRIENTES DE LIBRE DESTINACION,,,,,,NO APLICA,,,,,,CON SITUACION DE FONDOS,NO APLICA,NO DEFINIDO,2496745.0,2496745.0,2496745.0
8942149,20221201,220115276,E.S.E. Centro de Salud - Floresta,2.3.2,ADQUISICION DE BIENES Y SERVICIOS,GASTOS,INVERSION,ADQUISICION DE BIENES Y SERVICIOS,No Aplica,No Aplica,No Aplica,No Aplica,No Aplica,No Aplica,No Aplica,VIGENCIA ACTUAL,ENTIDADES DIFERENTES A ENTIDADES TERRITORIALES - GESTION GENERAL,NO DEFINIDO,NO DEFINIDO,NO DEFINIDO,,,2022,Cuarto Trimestre,,,,NO DEFINIDO,NO DEFINIDO,,,,,,NO DEFINIDO,,,,,,NO DEFINIDO,NO DEFINIDO,NO DEFINIDO,53829158.0,53829158.0,53829158.0
8943851,20230301,220115276,E.S.E. Centro de Salud - Floresta,2.4.1,GASTOS DE PERSONAL,GASTOS,GASTOS DE OPERACION COMERCIAL,GASTOS DE PERSONAL,No Aplica,No Aplica,No Aplica,No Aplica,No Aplica,No Aplica,No Aplica,VIGENCIA ACTUAL,ENTIDADES TERRITORIALES - SALUD,NO DEFINIDO,NO DEFINIDO,NO DEFINIDO,,,2023,Primer Trimestre,,,,NO DEFINIDO,NO DEFINIDO,,,,,,NO DEFINIDO,,,,,,NO DEFINIDO,NO DEFINIDO,NO DEFINIDO,55490068.0,55490068.0,55490068.0
8944692,20220901,220115276,E.S.E. Centro de Salud - Floresta,2.1.2.01.01.003.07,EQUIPO DE TRANSPORTE,GASTOS,FUNCIONAMIENTO,ADQUISICION DE BIENES Y SERVICIOS,ADQUISICION DE ACTIVOS NO FINANCIEROS,ACTIVOS FIJOS,MAQUINARIA Y EQUIPO,EQUIPO DE TRANSPORTE,No Aplica,No Aplica,No Aplica,VIGENCIA ACTUAL,ENTIDADES DIFERENTES A ENTIDADES TERRITORIALES - GESTION GENERAL,NO DEFINIDO,NO DEFINIDO,NO DEFINIDO,,,2022,Tercer Trimestre,,,,NO DEFINIDO,NO DEFINIDO,,,,,,NO DEFINIDO,,,,,,NO DEFINIDO,NO DEFINIDO,NO DEFINIDO,9405760.0,0.0,0.0
8964770,20230601,220115276,E.S.E. Centro de Salud - Floresta,2.4.1.01.03.001,PRESTACIONES SOCIALES,GASTOS,GASTOS DE OPERACION COMERCIAL,GASTOS DE PERSONAL,PLANTA DE PERSONAL PERMANENTE,REMUNERACIONES NO CONSTITUTIVAS DE FACTOR SALARIAL,PRESTACIONES SOCIALES,No Aplica,No Aplica,No Aplica,No Aplica,VIGENCIA ACTUAL,ENTIDADES DIFERENTES A ENTIDADES TERRITORIALES - UNIDAD DE SALUD,NO DEFINIDO,NO DEFINIDO,NO DEFINIDO,,,2023,Segundo Trimestre,,,,NO DEFINIDO,NO DEFINIDO,,,,,,NO DEFINIDO,,,,,,NO DEFINIDO,NO DEFINIDO,NO DEFINIDO,6213045.0,6213045.0,6213045.0
8966696,20220601,220115276,E.S.E. Centro de Salud - Floresta,2.1.1.01.02.007,APORTES AL SENA,GASTOS,FUNCIONAMIENTO,GASTOS DE PERSONAL,PLANTA DE PERSONAL PERMANENTE,CONTRIBUCIONES INHERENTES A LA NOMINA,APORTES AL SENA,No Aplica,No Aplica,No Aplica,No Aplica,VIGENCIA ACTUAL,ENTIDADES DIFERENTES A ENTIDADES TERRITORIALES - GESTION GENERAL,NO DEFINIDO,NO DEFINIDO,NO APLICA,,,2022,Segundo Trimestre,,,,NO APLICA,INGRESOS CORRIENTES DE LIBRE DESTINACION,,,,,,NO APLICA,,,,,,CON SITUACION DE FONDOS,SERVICIO NACIONAL DE APRENDIZAJE,NO DEFINIDO,645800.0,645800.0,645800.0
8970391,20221201,220115276,E.S.E. Centro de Salud - Floresta,2.3.2.01.01.004,ACTIVOS FIJOS NO CLASIFICADOS COMO MAQUINARIA Y EQUIPO,GASTOS,INVERSION,ADQUISICION DE BIENES Y SERVICIOS,ADQUISICION DE ACTIVOS NO FINANCIEROS,ACTIVOS FIJOS,ACTIVOS FIJOS NO CLASIFICADOS COMO MAQUINARIA Y EQUIPO,No Aplica,No Aplica,No Aplica,No Aplica,VIGENCIA ACTUAL,ENTIDADES DIFERENTES A ENTIDADES TERRITORIALES - GESTION GENERAL,NO DEFINIDO,NO DEFINIDO,NO DEFINIDO,,,2022,Cuarto Trimestre,,,,NO DEFINIDO,NO DEFINIDO,,,,,,NO DEFINIDO,,,,,,NO DEFINIDO,NO DEFINIDO,NO DEFINIDO,9026799.0,9026799.0,9026799.0
8971614,20211201,220115276,E.S.E. Centro de Salud - Floresta,2.1.8,"GASTOS POR TRIBUTOS, TASAS, CONTRIBUCIONES, MULTAS, SANCIONES E INTERESES DE MORA",GASTOS,FUNCIONAMIENTO,"GASTOS POR TRIBUTOS, TASAS, CONTRIBUCIONES, MULTAS, SANCIONES E INTERESES DE MORA",No Aplica,No Aplica,No Aplica,No Aplica,No Aplica,No Aplica,No Aplica,VIGENCIA ACTUAL,ENTIDADES TERRITORIALES - SALUD,NO DEFINIDO,NO DEFINIDO,NO DEFINIDO,,,2021,Cuarto Trimestre,,,,NO DEFINIDO,NO DEFINIDO,,,,,,NO DEFINIDO,,,,,,NO DEFINIDO,NO DEFINIDO,NO DEFINIDO,589087.0,589087.0,589087.0
8973956,20230301,220115276,E.S.E. Centro de Salud - Floresta,2.4.1.01.02.007,APORTES AL SENA,GASTOS,GASTOS DE OPERACION COMERCIAL,GASTOS DE PERSONAL,PLANTA DE PERSONAL PERMANENTE,CONTRIBUCIONES INHERENTES A LA NOMINA,APORTES AL SENA,No Aplica,No Aplica,No Aplica,No Aplica,VIGENCIA ACTUAL,ENTIDADES TERRITORIALES - SALUD,NO DEFINIDO,NO DEFINIDO,NO APLICA,,,2023,Primer Trimestre,,,,NO APLICA,INGRESOS CORRIENTES DE LIBRE DESTINACION,,,,,,NO APLICA,,,,,,CON SITUACION DE FONDOS,SERVICIO NACIONAL DE APRENDIZAJE,NO DEFINIDO,489700.0,489700.0,489700.0
8975148,20230601,220115276,E.S.E. Centro de Salud - Floresta,2.1.2.02,ADQUISICIONES DIFERENTES DE ACTIVOS,GASTOS,FUNCIONAMIENTO,ADQUISICION DE BIENES Y SERVICIOS,ADQUISICIONES DIFERENTES DE ACTIVOS,No Aplica,No Aplica,No Aplica,No Aplica,No Aplica,No Aplica,VIGENCIA ACTUAL,ENTIDADES DIFERENTES A ENTIDADES TERRITORIALES - UNIDAD DE SALUD,NO DEFINIDO,NO DEFINIDO,NO DEFINIDO,,,2023,Segundo Trimestre,,,,NO DEFINIDO,NO DEFINIDO,,,,,,NO DEFINIDO,,,,,,NO DEFINIDO,NO DEFINIDO,NO DEFINIDO,270856847.0,106405045.0,106405045.0
8980676,20220301,220115276,E.S.E. Centro de Salud - Floresta,2.1,FUNCIONAMIENTO,GASTOS,FUNCIONAMIENTO,No Aplica,No Aplica,No Aplica,No Aplica,No Aplica,No Aplica,No Aplica,No Aplica,VIGENCIA ACTUAL,ENTIDADES DIFERENTES A ENTIDADES TERRITORIALES - GESTION GENERAL,NO DEFINIDO,NO DEFINIDO,NO DEFINIDO,,,2022,Primer Trimestre,,,,NO DEFINIDO,NO DEFINIDO,,,,,,NO DEFINIDO,,,,,,NO DEFINIDO,NO DEFINIDO,NO DEFINIDO,115589509.0,59203220.0,59203220.0
8988606,20221201,220115276,E.S.E. Centro de Salud - Floresta,2.1.2.01.01.003.07,EQUIPO DE TRANSPORTE,GASTOS,FUNCIONAMIENTO,ADQUISICION DE BIENES Y SERVICIOS,ADQUISICION DE ACTIVOS NO FINANCIEROS,ACTIVOS FIJOS,MAQUINARIA Y EQUIPO,EQUIPO DE TRANSPORTE,No Aplica,No Aplica,No Aplica,VIGENCIA ACTUAL,ENTIDADES DIFERENTES A ENTIDADES TERRITORIALES - GESTION GENERAL,NO DEFINIDO,NO DEFINIDO,NO DEFINIDO,,,2022,Cuarto Trimestre,,,,NO DEFINIDO,NO DEFINIDO,,,,,,NO DEFINIDO,,,,,,NO DEFINIDO,NO DEFINIDO,NO DEFINIDO,9405760.0,9405760.0,9405760.0
8992769,20230601,220115276,E.S.E. Centro de Salud - Floresta,2.4,GASTOS DE OPERACION COMERCIAL,GASTOS,GASTOS DE OPERACION COMERCIAL,No Aplica,No Aplica,No Aplica,No Aplica,No Aplica,No Aplica,No Aplica,No Aplica,VIGENCIA ACTUAL,ENTIDADES DIFERENTES A ENTIDADES TERRITORIALES - UNIDAD DE SALUD,NO DEFINIDO,NO DEFINIDO,NO DEFINIDO,,,2023,Segundo Trimestre,,,,NO DEFINIDO,NO DEFINIDO,,,,,,NO DEFINIDO,,,,,,NO DEFINIDO,NO DEFINIDO,NO DEFINIDO,314185698.0,195152571.0,195152571.0
8994213,20211201,220115276,E.S.E. Centro de Salud - Floresta,2.1.1.01.02,CONTRIBUCIONES INHERENTES A LA NOMINA,GASTOS,FUNCIONAMIENTO,GASTOS DE PERSONAL,PLANTA DE PERSONAL PERMANENTE,CONTRIBUCIONES INHERENTES A LA NOMINA,No Aplica,No Aplica,No Aplica,No Aplica,No Aplica,VIGENCIA ACTUAL,ENTIDADES TERRITORIALES - SALUD,NO DEFINIDO,NO DEFINIDO,NO DEFINIDO,,,2021,Cuarto Trimestre,,,,NO DEFINIDO,NO DEFINIDO,,,,,,NO DEFINIDO,,,,,,NO DEFINIDO,NO DEFINIDO,NO DEFINIDO,77689691.0,77689691.0,77689691.0
9000335,20211201,220115276,E.S.E. Centro de Salud - Floresta,2.1.1.01.02.002,APORTES A LA SEGURIDAD SOCIAL EN SALUD,GASTOS,FUNCIONAMIENTO,GASTOS DE PERSONAL,PLANTA DE PERSONAL PERMANENTE,CONTRIBUCIONES INHERENTES A LA NOMINA,APORTES A LA SEGURIDAD SOCIAL EN SALUD,No Aplica,No Aplica,No Aplica,No Aplica,VIGENCIA ACTUAL,ENTIDADES TERRITORIALES - SALUD,NO DEFINIDO,NO DEFINIDO,NO APLICA,,,2021,Cuarto Trimestre,,,,NO APLICA,INGRESOS CORRIENTES DE LIBRE DESTINACION,,,,,,NO APLICA,,,,,,CON SITUACION DE FONDOS,E.S.E. CENTRO DE SALUD - FLORESTA,NO DEFINIDO,15353482.0,15353482.0,15353482.0
9005381,20220301,220115276,E.S.E. Centro de Salud - Floresta,2.1.2.02.01.004,PRODUCTOS METALICOS Y PAQUETES DE SOFTWARE,GASTOS,FUNCIONAMIENTO,ADQUISICION DE BIENES Y SERVICIOS,ADQUISICIONES DIFERENTES DE ACTIVOS,MATERIALES Y SUMINISTROS,PRODUCTOS METALICOS Y PAQUETES DE SOFTWARE,No Aplica,No Aplica,No Aplica,No Aplica,VIGENCIA ACTUAL,ENTIDADES DIFERENTES A ENTIDADES TERRITORIALES - GESTION GENERAL,NO DEFINIDO,NO DEFINIDO,NO APLICA,,,2022,Primer Trimestre,,,,OTROS SERVICIOS DIVERSOS N C P,INGRESOS CORRIENTES DE LIBRE DESTINACION,,,,,,NO APLICA,,,,,,CON SITUACION DE FONDOS,NO APLICA,NO DEFINIDO,3200000.0,1600000.0,1600000.0
9007704,20220301,220115276,E.S.E. Centro de Salud - Floresta,2.3,INVERSION,GASTOS,INVERSION,No Aplica,No Aplica,No Aplica,No Aplica,No Aplica,No Aplica,No Aplica,No Aplica,VIGENCIA ACTUAL,ENTIDADES DIFERENTES A ENTIDADES TERRITORIALES - GESTION GENERAL,NO DEFINIDO,NO DEFINIDO,NO DEFINIDO,,,2022,Primer Trimestre,,,,NO DEFINIDO,NO DEFINIDO,,,,,,NO DEFINIDO,,,,,,NO DEFINIDO,NO DEFINIDO,NO DEFINIDO,9026799.0,9026799.0,9026799.0
9007720,20220301,220115276,E.S.E. Centro de Salud - Floresta,2.4.1.01,PLANTA DE PERSONAL PERMANENTE,GASTOS,GASTOS DE OPERACION COMERCIAL,GASTOS DE PERSONAL,PLANTA DE PERSONAL PERMANENTE,No Aplica,No Aplica,No Aplica,No Aplica,No Aplica,No Aplica,VIGENCIA ACTUAL,ENTIDADES DIFERENTES A ENTIDADES TERRITORIALES - GESTION GENERAL,NO DEFINIDO,NO DEFINIDO,NO DEFINIDO,,,2022,Primer Trimestre,,,,NO DEFINIDO,NO DEFINIDO,,,,,,NO DEFINIDO,,,,,,NO DEFINIDO,NO DEFINIDO,NO DEFINIDO,62071962.0,51490878.0,51490878.0
9009642,20210901,220115276,E.S.E. Centro de Salud - Floresta,2.1.1.01.03.001.03,BONIFICACION ESPECIAL DE RECREACION,GASTOS,FUNCIONAMIENTO,GASTOS DE PERSONAL,PLANTA DE PERSONAL PERMANENTE,REMUNERACIONES NO CONSTITUTIVAS DE FACTOR SALARIAL,PRESTACIONES SOCIALES,BONIFICACION ESPECIAL DE RECREACION,No Aplica,No Aplica,No Aplica,VIGENCIA ACTUAL,ENTIDADES TERRITORIALES - SALUD,NO DEFINIDO,NO DEFINIDO,NO APLICA,,,2021,Tercer Trimestre,,,,NO APLICA,NO APLICA,,,,,,NO APLICA,,,,,,CON SITUACION DE FONDOS,NO APLICA,NO DEFINIDO,668322.0,668322.0,668322.0
9010868,20221201,220115276,E.S.E. Centro de Salud - Floresta,2.4.1.01.01.001.01,SUELDO BASICO,GASTOS,GASTOS DE OPERACION COMERCIAL,GASTOS DE PERSONAL,PLANTA DE PERSONAL PERMANENTE,FACTORES CONSTITUTIVOS DE SALARIO,FACTORES SALARIALES COMUNES,SUELDO BASICO,No Aplica,No Aplica,No Aplica,VIGENCIA ACTUAL,ENTIDADES DIFERENTES A ENTIDADES TERRITORIALES - GESTION GENERAL,NO DEFINIDO,NO DEFINIDO,NO APLICA,,,2022,Cuarto Trimestre,,,,NO APLICA,INGRESOS CORRIENTES DE LIBRE DESTINACION,,,,,,NO APLICA,,,,,,CON SITUACION DE FONDOS,NO APLICA,NO DEFINIDO,156478300.0,156478300.0,156478300.0
9013938,20221201,220115276,E.S.E. Centro de Salud - Floresta,2.4.1.01.03.001.02,INDEMNIZACION POR VACACIONES,GASTOS,GASTOS DE OPERACION COMERCIAL,GASTOS DE PERSONAL,PLANTA DE PERSONAL PERMANENTE,REMUNERACIONES NO CONSTITUTIVAS DE FACTOR SALARIAL,PRESTACIONES SOCIALES,INDEMNIZACION POR VACACIONES,No Aplica,No Aplica,No Aplica,VIGENCIA ACTUAL,ENTIDADES DIFERENTES A ENTIDADES TERRITORIALES - GESTION GENERAL,NO DEFINIDO,NO DEFINIDO,NO APLICA,,,2022,Cuarto Trimestre,,,,NO APLICA,INGRESOS CORRIENTES DE LIBRE DESTINACION,,,,,,NO APLICA,,,,,,CON SITUACION DE FONDOS,NO APLICA,NO DEFINIDO,3401185.0,3401185.0,3401185.0
9024855,20220901,220115276,E.S.E. Centro de Salud - Floresta,2.4.1.01.02.001,APORTES A LA SEGURIDAD SOCIAL EN PENSIONES,GASTOS,GASTOS DE OPERACION COMERCIAL,GASTOS DE PERSONAL,PLANTA DE PERSONAL PERMANENTE,CONTRIBUCIONES INHERENTES A LA NOMINA,APORTES A LA SEGURIDAD SOCIAL EN PENSIONES,No Aplica,No Aplica,No Aplica,No Aplica,VIGENCIA ACTUAL,ENTIDADES DIFERENTES A ENTIDADES TERRITORIALES - GESTION GENERAL,NO DEFINIDO,NO DEFINIDO,NO APLICA,,,2022,Tercer Trimestre,,,,NO APLICA,INGRESOS CORRIENTES DE LIBRE DESTINACION,,,,,,NO APLICA,,,,,,CON SITUACION DE FONDOS,E.S.E. CENTRO DE SALUD - FLORESTA,NO DEFINIDO,13156298.0,13156298.0,13156298.0
9040586,20230601,220115276,E.S.E. Centro de Salud - Floresta,2.1.2.02.02.005,CONSTRUCCION Y SERVICIOS DE LA CONSTRUCCION,GASTOS,FUNCIONAMIENTO,ADQUISICION DE BIENES Y SERVICIOS,ADQUISICIONES DIFERENTES DE ACTIVOS,ADQUISICION DE SERVICIOS,CONSTRUCCION Y SERVICIOS DE LA CONSTRUCCION,No Aplica,No Aplica,No Aplica,No Aplica,VIGENCIA ACTUAL,ENTIDADES DIFERENTES A ENTIDADES TERRITORIALES - UNIDAD DE SALUD,NO DEFINIDO,NO DEFINIDO,SALUD Y PROTECCION SOCIAL,,,2023,Segundo Trimestre,,,,SERVICIOS DE ASESORIA EN INGENIERIA,INGRESOS CORRIENTES DE LIBRE DESTINACION,,,,,,NO APLICA,,,,,,CON SITUACION DE FONDOS,NO APLICA,NO DEFINIDO,1728000.0,864000.0,864000.0
9051065,20220601,220115276,E.S.E. Centro de Salud - Floresta,2.1.1.01.03.001,PRESTACIONES SOCIALES,GASTOS,FUNCIONAMIENTO,GASTOS DE PERSONAL,PLANTA DE PERSONAL PERMANENTE,REMUNERACIONES NO CONSTITUTIVAS DE FACTOR SALARIAL,PRESTACIONES SOCIALES,No Aplica,No Aplica,No Aplica,No Aplica,VIGENCIA ACTUAL,ENTIDADES DIFERENTES A ENTIDADES TERRITORIALES - GESTION GENERAL,NO DEFINIDO,NO DEFINIDO,NO DEFINIDO,,,2022,Segundo Trimestre,,,,NO DEFINIDO,NO DEFINIDO,,,,,,NO DEFINIDO,,,,,,NO DEFINIDO,NO DEFINIDO,NO DEFINIDO,3516289.0,3516289.0,3516289.0
9058090,20210301,220115276,E.S.E. Centro de Salud - Floresta,2.1.1.01.02.007,APORTES AL SENA,GASTOS,FUNCIONAMIENTO,GASTOS DE PERSONAL,PLANTA DE PERSONAL PERMANENTE,CONTRIBUCIONES INHERENTES A LA NOMINA,APORTES AL SENA,No Aplica,No Aplica,No Aplica,No Aplica,VIGENCIA ACTUAL,ENTIDADES DIFERENTES A ENTIDADES TERRITORIALES - UNIDAD DE SALUD,NO DEFINIDO,NO DEFINIDO,NO APLICA,,,2021,Primer Trimestre,,,,NO APLICA,1.2.1.0.00 - INGRESOS CORRIENTES DE LIBRE DESTINACION,,,,,,NO APLICA,,,,,,CON SITUACION DE FONDOS,NO APLICA,NO DEFINIDO,965800.0,965800.0,965800.0
9059246,20230601,220115276,E.S.E. Centro de Salud - Floresta,2.4.1.01.02.006,APORTES AL ICBF,GASTOS,GASTOS DE OPERACION COMERCIAL,GASTOS DE PERSONAL,PLANTA DE PERSONAL PERMANENTE,CONTRIBUCIONES INHERENTES A LA NOMINA,APORTES AL ICBF,No Aplica,No Aplica,No Aplica,No Aplica,VIGENCIA ACTUAL,ENTIDADES DIFERENTES A ENTIDADES TERRITORIALES - UNIDAD DE SALUD,NO DEFINIDO,NO DEFINIDO,SALUD Y PROTECCION SOCIAL,,,2023,Segundo Trimestre,,,,NO APLICA,INGRESOS CORRIENTES DE LIBRE DESTINACION,,,,,,NO APLICA,,,,,,CON SITUACION DE FONDOS,INSTITUTO COLOMBIANO DE BIENESTAR FAMILIAR,NO DEFINIDO,2914500.0,2914500.0,2914500.0
9063542,20220901,220115276,E.S.E. Centro de Salud - Floresta,2.1.1.01.02,CONTRIBUCIONES INHERENTES A LA NOMINA,GASTOS,FUNCIONAMIENTO,GASTOS DE PERSONAL,PLANTA DE PERSONAL PERMANENTE,CONTRIBUCIONES INHERENTES A LA NOMINA,No Aplica,No Aplica,No Aplica,No Aplica,No Aplica,VIGENCIA ACTUAL,ENTIDADES DIFERENTES A ENTIDADES TERRITORIALES - GESTION GENERAL,NO DEFINIDO,NO DEFINIDO,NO DEFINIDO,,,2022,Tercer Trimestre,,,,NO DEFINIDO,NO DEFINIDO,,,,,,NO DEFINIDO,,,,,,NO DEFINIDO,NO DEFINIDO,NO DEFINIDO,19020032.0,19020032.0,19020032.0
9065168,20230601,220115276,E.S.E. Centro de Salud - Floresta,2.1.1.01.02.006,APORTES AL ICBF,GASTOS,FUNCIONAMIENTO,GASTOS DE PERSONAL,PLANTA DE PERSONAL PERMANENTE,CONTRIBUCIONES INHERENTES A LA NOMINA,APORTES AL ICBF,No Aplica,No Aplica,No Aplica,No Aplica,VIGENCIA ACTUAL,ENTIDADES DIFERENTES A ENTIDADES TERRITORIALES - UNIDAD DE SALUD,NO DEFINIDO,NO DEFINIDO,SALUD Y PROTECCION SOCIAL,,,2023,Segundo Trimestre,,,,NO APLICA,INGRESOS CORRIENTES DE LIBRE DESTINACION,,,,,,NO APLICA,,,,,,CON SITUACION DE FONDOS,INSTITUTO COLOMBIANO DE BIENESTAR FAMILIAR,NO DEFINIDO,1507900.0,1507900.0,1507900.0
9065621,20221201,220115276,E.S.E. Centro de Salud - Floresta,2.1,FUNCIONAMIENTO,GASTOS,FUNCIONAMIENTO,No Aplica,No Aplica,No Aplica,No Aplica,No Aplica,No Aplica,No Aplica,No Aplica,VIGENCIA ACTUAL,ENTIDADES DIFERENTES A ENTIDADES TERRITORIALES - GESTION GENERAL,NO DEFINIDO,NO DEFINIDO,NO DEFINIDO,,,2022,Cuarto Trimestre,,,,NO DEFINIDO,NO DEFINIDO,,,,,,NO DEFINIDO,,,,,,NO DEFINIDO,NO DEFINIDO,NO DEFINIDO,425643616.0,425643616.0,425643616.0
9084545,20220301,220115276,E.S.E. Centro de Salud - Floresta,2.1.1.01.02.003,APORTES DE CESANTIAS,GASTOS,FUNCIONAMIENTO,GASTOS DE PERSONAL,PLANTA DE PERSONAL PERMANENTE,CONTRIBUCIONES INHERENTES A LA NOMINA,APORTES DE CESANTIAS,No Aplica,No Aplica,No Aplica,No Aplica,VIGENCIA ACTUAL,ENTIDADES DIFERENTES A ENTIDADES TERRITORIALES - GESTION GENERAL,NO DEFINIDO,NO DEFINIDO,NO APLICA,,,2022,Primer Trimestre,,,,NO APLICA,INGRESOS CORRIENTES DE LIBRE DESTINACION,,,,,,NO APLICA,,,,,,CON SITUACION DE FONDOS,E.S.E. CENTRO DE SALUD - FLORESTA,NO DEFINIDO,777872.0,777872.0,777872.0
9090454,20221201,220115276,E.S.E. Centro de Salud - Floresta,2.3,INVERSION,GASTOS,INVERSION,No Aplica,No Aplica,No Aplica,No Aplica,No Aplica,No Aplica,No Aplica,No Aplica,VIGENCIA ACTUAL,ENTIDADES DIFERENTES A ENTIDADES TERRITORIALES - GESTION GENERAL,NO DEFINIDO,NO DEFINIDO,NO DEFINIDO,,,2022,Cuarto Trimestre,,,,NO DEFINIDO,NO DEFINIDO,,,,,,NO DEFINIDO,,,,,,NO DEFINIDO,NO DEFINIDO,NO DEFINIDO,53829158.0,53829158.0,53829158.0
9098702,20230601,220115276,E.S.E. Centro de Salud - Floresta,2.1.1.01.02.003,APORTES DE CESANTIAS,GASTOS,FUNCIONAMIENTO,GASTOS DE PERSONAL,PLANTA DE PERSONAL PERMANENTE,CONTRIBUCIONES INHERENTES A LA NOMINA,APORTES DE CESANTIAS,No Aplica,No Aplica,No Aplica,No Aplica,VIGENCIA ACTUAL,ENTIDADES DIFERENTES A ENTIDADES TERRITORIALES - UNIDAD DE SALUD,NO DEFINIDO,NO DEFINIDO,SALUD Y PROTECCION SOCIAL,,,2023,Segundo Trimestre,,,,NO APLICA,INGRESOS CORRIENTES DE LIBRE DESTINACION,,,,,,NO APLICA,,,,,,CON SITUACION DE FONDOS,NO APLICA,NO DEFINIDO,958103.0,958103.0,958103.0
9109221,20210601,220115276,E.S.E. Centro de Salud - Floresta,2.1.1.01.01.001.06,PRIMA DE SERVICIO,GASTOS,FUNCIONAMIENTO,GASTOS DE PERSONAL,PLANTA DE PERSONAL PERMANENTE,FACTORES CONSTITUTIVOS DE SALARIO,FACTORES SALARIALES COMUNES,PRIMA DE SERVICIO,No Aplica,No Aplica,No Aplica,VIGENCIA ACTUAL,ENTIDADES DIFERENTES A ENTIDADES TERRITORIALES - UNIDAD DE SALUD,NO DEFINIDO,NO DEFINIDO,SALUD Y PROTECCION SOCIAL,,,2021,Segundo Trimestre,,,,NO APLICA,1.2.1.0.00 - INGRESOS CORRIENTES DE LIBRE DESTINACION,,,,,,NO APLICA,,,,,,CON SITUACION DE FONDOS,NO APLICA,NO DEFINIDO,1444644.0,1444644.0,1444644.0
9110299,20230301,220115276,E.S.E. Centro de Salud - Floresta,2.4.1.01.01.001.04,SUBSIDIO DE ALIMENTACION,GASTOS,GASTOS DE OPERACION COMERCIAL,GASTOS DE PERSONAL,PLANTA DE PERSONAL PERMANENTE,FACTORES CONSTITUTIVOS DE SALARIO,FACTORES SALARIALES COMUNES,SUBSIDIO DE ALIMENTACION,No Aplica,No Aplica,No Aplica,VIGENCIA ACTUAL,ENTIDADES TERRITORIALES - SALUD,NO DEFINIDO,NO DEFINIDO,NO APLICA,,,2023,Primer Trimestre,,,,NO APLICA,INGRESOS CORRIENTES DE LIBRE DESTINACION,,,,,,NO APLICA,,,,,,CON SITUACION DE FONDOS,NO APLICA,NO DEFINIDO,654741.0,654741.0,654741.0
9117100,20230301,220115276,E.S.E. Centro de Salud - Floresta,2.4.1.01.02.001,APORTES A LA SEGURIDAD SOCIAL EN PENSIONES,GASTOS,GASTOS DE OPERACION COMERCIAL,GASTOS DE PERSONAL,PLANTA DE PERSONAL PERMANENTE,CONTRIBUCIONES INHERENTES A LA NOMINA,APORTES A LA SEGURIDAD SOCIAL EN PENSIONES,No Aplica,No Aplica,No Aplica,No Aplica,VIGENCIA ACTUAL,ENTIDADES TERRITORIALES - SALUD,NO DEFINIDO,NO DEFINIDO,NO APLICA,,,2023,Primer Trimestre,,,,NO APLICA,INGRESOS CORRIENTES DE LIBRE DESTINACION,,,,,,NO APLICA,,,,,,CON SITUACION DE FONDOS,E.S.E. CENTRO DE SALUD - FLORESTA,NO DEFINIDO,2938708.0,2938708.0,2938708.0
9128384,20220901,220115276,E.S.E. Centro de Salud - Floresta,2.4.1.01.02.007,APORTES AL SENA,GASTOS,GASTOS DE OPERACION COMERCIAL,GASTOS DE PERSONAL,PLANTA DE PERSONAL PERMANENTE,CONTRIBUCIONES INHERENTES A LA NOMINA,APORTES AL SENA,No Aplica,No Aplica,No Aplica,No Aplica,VIGENCIA ACTUAL,ENTIDADES DIFERENTES A ENTIDADES TERRITORIALES - GESTION GENERAL,NO DEFINIDO,NO DEFINIDO,NO APLICA,,,2022,Tercer Trimestre,,,,NO APLICA,INGRESOS CORRIENTES DE LIBRE DESTINACION,,,,,,NO APLICA,,,,,,CON SITUACION DE FONDOS,SERVICIO NACIONAL DE APRENDIZAJE,NO DEFINIDO,2219300.0,2219300.0,2219300.0
9128676,20220301,220115276,E.S.E. Centro de Salud - Floresta,2.1.1.01.02,CONTRIBUCIONES INHERENTES A LA NOMINA,GASTOS,FUNCIONAMIENTO,GASTOS DE PERSONAL,PLANTA DE PERSONAL PERMANENTE,CONTRIBUCIONES INHERENTES A LA NOMINA,No Aplica,No Aplica,No Aplica,No Aplica,No Aplica,VIGENCIA ACTUAL,ENTIDADES DIFERENTES A ENTIDADES TERRITORIALES - GESTION GENERAL,NO DEFINIDO,NO DEFINIDO,NO DEFINIDO,,,2022,Primer Trimestre,,,,NO DEFINIDO,NO DEFINIDO,,,,,,NO DEFINIDO,,,,,,NO DEFINIDO,NO DEFINIDO,NO DEFINIDO,6074664.0,6074664.0,6074664.0
9129099,20220301,220115276,E.S.E. Centro de Salud - Floresta,2.1.2.02.02.006,"COMERCIO Y DISTRIBUCION; ALOJAMIENTO; SERVICIOS DE SUMINISTRO DE COMIDAS Y BEBIDAS; SERVICIOS DE TRANSPORTE; Y SERVICIOS DE DISTRIBUCION DE ELECTRICIDAD, GAS Y AGUA",GASTOS,FUNCIONAMIENTO,ADQUISICION DE BIENES Y SERVICIOS,ADQUISICIONES DIFERENTES DE ACTIVOS,ADQUISICION DE SERVICIOS,"COMERCIO Y DISTRIBUCION; ALOJAMIENTO; SERVICIOS DE SUMINISTRO DE COMIDAS Y BEBIDAS; SERVICIOS DE TRANSPORTE; Y SERVICIOS DE DISTRIBUCION DE ELECTRICIDAD, GAS Y AGUA",No Aplica,No Aplica,No Aplica,No Aplica,VIGENCIA ACTUAL,ENTIDADES DIFERENTES A ENTIDADES TERRITORIALES - GESTION GENERAL,NO DEFINIDO,NO DEFINIDO,NO APLICA,,,2022,Primer Trimestre,,,,OTROS SERVICIOS DIVERSOS N C P,INGRESOS CORRIENTES DE LIBRE DESTINACION,,,,,,NO APLICA,,,,,,CON SITUACION DE FONDOS,E.S.P. EMPRESA DE ENERGIA DE BOYACA S.A.,NO DEFINIDO,6600410.0,6600410.0,6600410.0
9133781,20230301,220115276,E.S.E. Centro de Salud - Floresta,2.4.5,GASTOS DE COMERCIALIZACION Y PRODUCCION,GASTOS,GASTOS DE OPERACION COMERCIAL,GASTOS DE COMERCIALIZACION Y PRODUCCION,No Aplica,No Aplica,No Aplica,No Aplica,No Aplica,No Aplica,No Aplica,VIGENCIA ACTUAL,ENTIDADES TERRITORIALES - SALUD,NO DEFINIDO,NO DEFINIDO,NO DEFINIDO,,,2023,Primer Trimestre,,,,NO DEFINIDO,NO DEFINIDO,,,,,,NO DEFINIDO,,,,,,NO DEFINIDO,NO DEFINIDO,NO DEFINIDO,61920000.0,21023230.0,21023230.0
9140145,20220901,220115276,E.S.E. Centro de Salud - Floresta,2.1.1.01.01.001.08,PRESTACIONES SOCIALES,GASTOS,FUNCIONAMIENTO,GASTOS DE PERSONAL,PLANTA DE PERSONAL PERMANENTE,FACTORES CONSTITUTIVOS DE SALARIO,FACTORES SALARIALES COMUNES,PRESTACIONES SOCIALES,No Aplica,No Aplica,No Aplica,VIGENCIA ACTUAL,ENTIDADES DIFERENTES A ENTIDADES TERRITORIALES - GESTION GENERAL,NO DEFINIDO,NO DEFINIDO,NO DEFINIDO,,,2022,Tercer Trimestre,,,,NO DEFINIDO,NO DEFINIDO,,,,,,NO DEFINIDO,,,,,,NO DEFINIDO,NO DEFINIDO,NO DEFINIDO,2220368.0,2220368.0,2220368.0
9149924,20230301,220115276,E.S.E. Centro de Salud - Floresta,2.1.1.01.01.001.01,SUELDO BASICO,GASTOS,FUNCIONAMIENTO,GASTOS DE PERSONAL,PLANTA DE PERSONAL PERMANENTE,FACTORES CONSTITUTIVOS DE SALARIO,FACTORES SALARIALES COMUNES,SUELDO BASICO,No Aplica,No Aplica,No Aplica,VIGENCIA ACTUAL,ENTIDADES TERRITORIALES - SALUD,NO DEFINIDO,NO DEFINIDO,NO APLICA,,,2023,Primer Trimestre,,,,NO APLICA,INGRESOS CORRIENTES DE LIBRE DESTINACION,,,,,,NO APLICA,,,,,,CON SITUACION DE FONDOS,NO APLICA,NO DEFINIDO,19073493.0,19073493.0,19073493.0
9150449,20230601,220115276,E.S.E. Centro de Salud - Floresta,2.3.2,ADQUISICION DE BIENES Y SERVICIOS,GASTOS,INVERSION,ADQUISICION DE BIENES Y SERVICIOS,No Aplica,No Aplica,No Aplica,No Aplica,No Aplica,No Aplica,No Aplica,VIGENCIA ACTUAL,ENTIDADES DIFERENTES A ENTIDADES TERRITORIALES - UNIDAD DE SALUD,NO DEFINIDO,NO DEFINIDO,NO DEFINIDO,,,2023,Segundo Trimestre,,,,NO DEFINIDO,NO DEFINIDO,,,,,,NO DEFINIDO,,,,,,NO DEFINIDO,NO DEFINIDO,NO DEFINIDO,20330000.0,20330000.0,20330000.0
9165382,20220901,220115276,E.S.E. Centro de Salud - Floresta,2.4.1.01.01.001.06,PRIMA DE SERVICIO,GASTOS,GASTOS DE OPERACION COMERCIAL,GASTOS DE PERSONAL,PLANTA DE PERSONAL PERMANENTE,FACTORES CONSTITUTIVOS DE SALARIO,FACTORES SALARIALES COMUNES,PRIMA DE SERVICIO,No Aplica,No Aplica,No Aplica,VIGENCIA ACTUAL,ENTIDADES DIFERENTES A ENTIDADES TERRITORIALES - GESTION GENERAL,NO DEFINIDO,NO DEFINIDO,NO APLICA,,,2022,Tercer Trimestre,,,,NO APLICA,INGRESOS CORRIENTES DE LIBRE DESTINACION,,,,,,NO APLICA,,,,,,CON SITUACION DE FONDOS,E.S.E. CENTRO DE SALUD - FLORESTA,NO DEFINIDO,6143259.0,6143259.0,6143259.0
9166698,20221201,220115276,E.S.E. Centro de Salud - Floresta,2.1.2.01.01.003.07.01,"VEHICULOS AUTOMOTORES, REMOLQUES Y SEMIRREMOLQUES, Y SUS PARTES, PIEZAS Y ACCESORIOS",GASTOS,FUNCIONAMIENTO,ADQUISICION DE BIENES Y SERVICIOS,ADQUISICION DE ACTIVOS NO FINANCIEROS,ACTIVOS FIJOS,MAQUINARIA Y EQUIPO,EQUIPO DE TRANSPORTE,"VEHICULOS AUTOMOTORES, REMOLQUES Y SEMIRREMOLQUES, Y SUS PARTES, PIEZAS Y ACCESORIOS",No Aplica,No Aplica,VIGENCIA ACTUAL,ENTIDADES DIFERENTES A ENTIDADES TERRITORIALES - GESTION GENERAL,NO DEFINIDO,NO DEFINIDO,NO APLICA,,,2022,Cuarto Trimestre,,,,NO APLICA,INGRESOS CORRIENTES DE LIBRE DESTINACION,,,,,,NO APLICA,,,,,,CON SITUACION DE FONDOS,NO APLICA,NO DEFINIDO,9405760.0,9405760.0,9405760.0
9179947,20230301,220115276,E.S.E. Centro de Salud - Floresta,2.1.1.01,PLANTA DE PERSONAL PERMANENTE,GASTOS,FUNCIONAMIENTO,GASTOS DE PERSONAL,PLANTA DE PERSONAL PERMANENTE,No Aplica,No Aplica,No Aplica,No Aplica,No Aplica,No Aplica,VIGENCIA ACTUAL,ENTIDADES TERRITORIALES - SALUD,NO DEFINIDO,NO DEFINIDO,NO DEFINIDO,,,2023,Primer Trimestre,,,,NO DEFINIDO,NO DEFINIDO,,,,,,NO DEFINIDO,,,,,,NO DEFINIDO,NO DEFINIDO,NO DEFINIDO,25503538.0,25503538.0,25503538.0
9181501,20210301,220115276,E.S.E. Centro de Salud - Floresta,2.1.2.02,ADQUISICIONES DIFERENTES DE ACTIVOS,GASTOS,FUNCIONAMIENTO,ADQUISICION DE BIENES Y SERVICIOS,ADQUISICIONES DIFERENTES DE ACTIVOS,No Aplica,No Aplica,No Aplica,No Aplica,No Aplica,No Aplica,VIGENCIA ACTUAL,ENTIDADES DIFERENTES A ENTIDADES TERRITORIALES - UNIDAD DE SALUD,NO DEFINIDO,NO DEFINIDO,NO DEFINIDO,,,2021,Primer Trimestre,,,,NO DEFINIDO,NO DEFINIDO,,,,,,NO DEFINIDO,,,,,,NO DEFINIDO,NO DEFINIDO,NO DEFINIDO,120184483.0,47697742.0,47697742.0
9182589,20221201,220115276,E.S.E. Centro de Salud - Floresta,2.1.1.01.01.001.07,BONIFICACION POR SERVICIOS PRESTADOS,GASTOS,FUNCIONAMIENTO,GASTOS DE PERSONAL,PLANTA DE PERSONAL PERMANENTE,FACTORES CONSTITUTIVOS DE SALARIO,FACTORES SALARIALES COMUNES,BONIFICACION POR SERVICIOS PRESTADOS,No Aplica,No Aplica,No Aplica,VIGENCIA ACTUAL,ENTIDADES DIFERENTES A ENTIDADES TERRITORIALES - GESTION GENERAL,NO DEFINIDO,NO DEFINIDO,NO APLICA,,,2022,Cuarto Trimestre,,,,NO APLICA,INGRESOS CORRIENTES DE LIBRE DESTINACION,,,,,,NO APLICA,,,,,,CON SITUACION DE FONDOS,NO APLICA,NO DEFINIDO,2853754.0,2853754.0,2853754.0
9197868,20230601,220115276,E.S.E. Centro de Salud - Floresta,2.3,INVERSION,GASTOS,INVERSION,No Aplica,No Aplica,No Aplica,No Aplica,No Aplica,No Aplica,No Aplica,No Aplica,VIGENCIA ACTUAL,ENTIDADES DIFERENTES A ENTIDADES TERRITORIALES - UNIDAD DE SALUD,NO DEFINIDO,NO DEFINIDO,NO DEFINIDO,,,2023,Segundo Trimestre,,,,NO DEFINIDO,NO DEFINIDO,,,,,,NO DEFINIDO,,,,,,NO DEFINIDO,NO DEFINIDO,NO DEFINIDO,20330000.0,20330000.0,20330000.0
9198186,20230601,220115276,E.S.E. Centro de Salud - Floresta,2.1.2.01.01.003.03,"MAQUINARIA DE OFICINA, CONTABILIDAD E INFORMATICA",GASTOS,FUNCIONAMIENTO,ADQUISICION DE BIENES Y SERVICIOS,ADQUISICION DE ACTIVOS NO FINANCIEROS,ACTIVOS FIJOS,MAQUINARIA Y EQUIPO,"MAQUINARIA DE OFICINA, CONTABILIDAD E INFORMATICA",No Aplica,No Aplica,No Aplica,VIGENCIA ACTUAL,ENTIDADES DIFERENTES A ENTIDADES TERRITORIALES - UNIDAD DE SALUD,NO DEFINIDO,NO DEFINIDO,NO DEFINIDO,,,2023,Segundo Trimestre,,,,NO DEFINIDO,NO DEFINIDO,,,,,,NO DEFINIDO,,,,,,NO DEFINIDO,NO DEFINIDO,NO DEFINIDO,2302000.0,0.0,0.0
9201592,20220601,220115276,E.S.E. Centro de Salud - Floresta,2.1.1,GASTOS DE PERSONAL,GASTOS,FUNCIONAMIENTO,GASTOS DE PERSONAL,No Aplica,No Aplica,No Aplica,No Aplica,No Aplica,No Aplica,No Aplica,VIGENCIA ACTUAL,ENTIDADES DIFERENTES A ENTIDADES TERRITORIALES - GESTION GENERAL,NO DEFINIDO,NO DEFINIDO,NO DEFINIDO,,,2022,Segundo Trimestre,,,,NO DEFINIDO,NO DEFINIDO,,,,,,NO DEFINIDO,,,,,,NO DEFINIDO,NO DEFINIDO,NO DEFINIDO,65364234.0,61026990.0,61026990.0
9207991,20210301,220115276,E.S.E. Centro de Salud - Floresta,2.1.2.02.02,ADQUISICION DE SERVICIOS,GASTOS,FUNCIONAMIENTO,ADQUISICION DE BIENES Y SERVICIOS,ADQUISICIONES DIFERENTES DE ACTIVOS,ADQUISICION DE SERVICIOS,No Aplica,No Aplica,No Aplica,No Aplica,No Aplica,VIGENCIA ACTUAL,ENTIDADES DIFERENTES A ENTIDADES TERRITORIALES - UNIDAD DE SALUD,NO DEFINIDO,NO DEFINIDO,NO DEFINIDO,,,2021,Primer Trimestre,,,,NO DEFINIDO,NO DEFINIDO,,,,,,NO DEFINIDO,,,,,,NO DEFINIDO,NO DEFINIDO,NO DEFINIDO,115002146.0,42515405.0,42515405.0
9211510,20221201,220115276,E.S.E. Centro de Salud - Floresta,2.4.1.01.03.001,PRESTACIONES SOCIALES,GASTOS,GASTOS DE OPERACION COMERCIAL,GASTOS DE PERSONAL,PLANTA DE PERSONAL PERMANENTE,REMUNERACIONES NO CONSTITUTIVAS DE FACTOR SALARIAL,PRESTACIONES SOCIALES,No Aplica,No Aplica,No Aplica,No Aplica,VIGENCIA ACTUAL,ENTIDADES DIFERENTES A ENTIDADES TERRITORIALES - GESTION GENERAL,NO DEFINIDO,NO DEFINIDO,NO DEFINIDO,,,2022,Cuarto Trimestre,,,,NO DEFINIDO,NO DEFINIDO,,,,,,NO DEFINIDO,,,,,,NO DEFINIDO,NO DEFINIDO,NO DEFINIDO,8799375.0,8799375.0,8799375.0
9215362,20221201,220115276,E.S.E. Centro de Salud - Floresta,2.1.2.02,ADQUISICIONES DIFERENTES DE ACTIVOS,GASTOS,FUNCIONAMIENTO,ADQUISICION DE BIENES Y SERVICIOS,ADQUISICIONES DIFERENTES DE ACTIVOS,No Aplica,No Aplica,No Aplica,No Aplica,No Aplica,No Aplica,VIGENCIA ACTUAL,ENTIDADES DIFERENTES A ENTIDADES TERRITORIALES - GESTION GENERAL,NO DEFINIDO,NO DEFINIDO,NO DEFINIDO,,,2022,Cuarto Trimestre,,,,NO DEFINIDO,NO DEFINIDO,,,,,,NO DEFINIDO,,,,,,NO DEFINIDO,NO DEFINIDO,NO DEFINIDO,261696525.0,261696525.0,261696525.0
9229331,20230601,220115276,E.S.E. Centro de Salud - Floresta,2.4.1.01.01.001.08,PRESTACIONES SOCIALES,GASTOS,GASTOS DE OPERACION COMERCIAL,GASTOS DE PERSONAL,PLANTA DE PERSONAL PERMANENTE,FACTORES CONSTITUTIVOS DE SALARIO,FACTORES SALARIALES COMUNES,PRESTACIONES SOCIALES,No Aplica,No Aplica,No Aplica,VIGENCIA ACTUAL,ENTIDADES DIFERENTES A ENTIDADES TERRITORIALES - UNIDAD DE SALUD,NO DEFINIDO,NO DEFINIDO,NO DEFINIDO,,,2023,Segundo Trimestre,,,,NO DEFINIDO,NO DEFINIDO,,,,,,NO DEFINIDO,,,,,,NO DEFINIDO,NO DEFINIDO,NO DEFINIDO,5188773.0,5188773.0,5188773.0
9235039,20210601,220115276,E.S.E. Centro de Salud - Floresta,2.1.1.01.01,FACTORES CONSTITUTIVOS DE SALARIO,GASTOS,FUNCIONAMIENTO,GASTOS DE PERSONAL,PLANTA DE PERSONAL PERMANENTE,FACTORES CONSTITUTIVOS DE SALARIO,No Aplica,No Aplica,No Aplica,No Aplica,No Aplica,VIGENCIA ACTUAL,ENTIDADES DIFERENTES A ENTIDADES TERRITORIALES - UNIDAD DE SALUD,NO DEFINIDO,NO DEFINIDO,NO DEFINIDO,,,2021,Segundo Trimestre,,,,NO DEFINIDO,NO DEFINIDO,,,,,,NO DEFINIDO,,,,,,NO DEFINIDO,NO DEFINIDO,NO DEFINIDO,119890454.0,106404160.0,106404160.0
9246499,20221201,220115276,E.S.E. Centro de Salud - Floresta,2.4.1.01.02.001,APORTES A LA SEGURIDAD SOCIAL EN PENSIONES,GASTOS,GASTOS DE OPERACION COMERCIAL,GASTOS DE PERSONAL,PLANTA DE PERSONAL PERMANENTE,CONTRIBUCIONES INHERENTES A LA NOMINA,APORTES A LA SEGURIDAD SOCIAL EN PENSIONES,No Aplica,No Aplica,No Aplica,No Aplica,VIGENCIA ACTUAL,ENTIDADES DIFERENTES A ENTIDADES TERRITORIALES - GESTION GENERAL,NO DEFINIDO,NO DEFINIDO,NO APLICA,,,2022,Cuarto Trimestre,,,,NO APLICA,INGRESOS CORRIENTES DE LIBRE DESTINACION,,,,,,NO APLICA,,,,,,CON SITUACION DE FONDOS,E.S.E. CENTRO DE SALUD - FLORESTA,NO DEFINIDO,17590011.0,17590011.0,17590011.0
9249628,20220601,220115276,E.S.E. Centro de Salud - Floresta,2.1.1.01.02,CONTRIBUCIONES INHERENTES A LA NOMINA,GASTOS,FUNCIONAMIENTO,GASTOS DE PERSONAL,PLANTA DE PERSONAL PERMANENTE,CONTRIBUCIONES INHERENTES A LA NOMINA,No Aplica,No Aplica,No Aplica,No Aplica,No Aplica,VIGENCIA ACTUAL,ENTIDADES DIFERENTES A ENTIDADES TERRITORIALES - GESTION GENERAL,NO DEFINIDO,NO DEFINIDO,NO DEFINIDO,,,2022,Segundo Trimestre,,,,NO DEFINIDO,NO DEFINIDO,,,,,,NO DEFINIDO,,,,,,NO DEFINIDO,NO DEFINIDO,NO DEFINIDO,12368698.0,12368698.0,12368698.0
9254327,20210601,220115276,E.S.E. Centro de Salud - Floresta,2.1.8,"GASTOS POR TRIBUTOS, TASAS, CONTRIBUCIONES, MULTAS, SANCIONES E INTERESES DE MORA",GASTOS,FUNCIONAMIENTO,"GASTOS POR TRIBUTOS, TASAS, CONTRIBUCIONES, MULTAS, SANCIONES E INTERESES DE MORA",No Aplica,No Aplica,No Aplica,No Aplica,No Aplica,No Aplica,No Aplica,VIGENCIA ACTUAL,ENTIDADES DIFERENTES A ENTIDADES TERRITORIALES - UNIDAD DE SALUD,NO DEFINIDO,NO DEFINIDO,NO DEFINIDO,,,2021,Segundo Trimestre,,,,NO DEFINIDO,NO DEFINIDO,,,,,,NO DEFINIDO,,,,,,NO DEFINIDO,NO DEFINIDO,NO DEFINIDO,589087.0,589087.0,589087.0
9258101,20220301,220115276,E.S.E. Centro de Salud - Floresta,2.4.1.01.03.001.03,BONIFICACION ESPECIAL DE RECREACION,GASTOS,GASTOS DE OPERACION COMERCIAL,GASTOS DE PERSONAL,PLANTA DE PERSONAL PERMANENTE,REMUNERACIONES NO CONSTITUTIVAS DE FACTOR SALARIAL,PRESTACIONES SOCIALES,BONIFICACION ESPECIAL DE RECREACION,No Aplica,No Aplica,No Aplica,VIGENCIA ACTUAL,ENTIDADES DIFERENTES A ENTIDADES TERRITORIALES - GESTION GENERAL,NO DEFINIDO,NO DEFINIDO,NO APLICA,,,2022,Primer Trimestre,,,,NO APLICA,INGRESOS CORRIENTES DE LIBRE DESTINACION,,,,,,NO APLICA,,,,,,CON SITUACION DE FONDOS,NO APLICA,NO DEFINIDO,73857.0,73857.0,73857.0
9261674,20210901,220115276,E.S.E. Centro de Salud - Floresta,2.1.1.01.03.001,PRESTACIONES SOCIALES,GASTOS,FUNCIONAMIENTO,GASTOS DE PERSONAL,PLANTA DE PERSONAL PERMANENTE,REMUNERACIONES NO CONSTITUTIVAS DE FACTOR SALARIAL,PRESTACIONES SOCIALES,No Aplica,No Aplica,No Aplica,No Aplica,VIGENCIA ACTUAL,ENTIDADES TERRITORIALES - SALUD,NO DEFINIDO,NO DEFINIDO,NO DEFINIDO,,,2021,Tercer Trimestre,,,,NO DEFINIDO,NO DEFINIDO,,,,,,NO DEFINIDO,,,,,,NO DEFINIDO,NO DEFINIDO,NO DEFINIDO,8481609.0,8481609.0,8481609.0
9262324,20220601,220115276,E.S.E. Centro de Salud - Floresta,2.1.2.02.01.003,"OTROS BIENES TRANSPORTABLES EXCEPTO PRODUCTOS METALICOS, MAQUINARIA Y EQUIPO",GASTOS,FUNCIONAMIENTO,ADQUISICION DE BIENES Y SERVICIOS,ADQUISICIONES DIFERENTES DE ACTIVOS,MATERIALES Y SUMINISTROS,"OTROS BIENES TRANSPORTABLES EXCEPTO PRODUCTOS METALICOS, MAQUINARIA Y EQUIPO",No Aplica,No Aplica,No Aplica,No Aplica,VIGENCIA ACTUAL,ENTIDADES DIFERENTES A ENTIDADES TERRITORIALES - GESTION GENERAL,NO DEFINIDO,NO DEFINIDO,NO APLICA,,,2022,Segundo Trimestre,,,,OTROS SERVICIOS DIVERSOS N C P,INGRESOS CORRIENTES DE LIBRE DESTINACION,,,,,,NO APLICA,,,,,,CON SITUACION DE FONDOS,E.S.E. CENTRO DE SALUD - FLORESTA,NO DEFINIDO,4524942.0,4524942.0,4524942.0
9275272,20220601,220115276,E.S.E. Centro de Salud - Floresta,2.1.1.01,PLANTA DE PERSONAL PERMANENTE,GASTOS,FUNCIONAMIENTO,GASTOS DE PERSONAL,PLANTA DE PERSONAL PERMANENTE,No Aplica,No Aplica,No Aplica,No Aplica,No Aplica,No Aplica,VIGENCIA ACTUAL,ENTIDADES DIFERENTES A ENTIDADES TERRITORIALES - GESTION GENERAL,NO DEFINIDO,NO DEFINIDO,NO DEFINIDO,,,2022,Segundo Trimestre,,,,NO DEFINIDO,NO DEFINIDO,,,,,,NO DEFINIDO,,,,,,NO DEFINIDO,NO DEFINIDO,NO DEFINIDO,65364234.0,61026990.0,61026990.0
9287385,20230301,220115276,E.S.E. Centro de Salud - Floresta,2.4.1.01.02.004,APORTES A CAJAS DE COMPENSACION FAMILIAR,GASTOS,GASTOS DE OPERACION COMERCIAL,GASTOS DE PERSONAL,PLANTA DE PERSONAL PERMANENTE,CONTRIBUCIONES INHERENTES A LA NOMINA,APORTES A CAJAS DE COMPENSACION FAMILIAR,No Aplica,No Aplica,No Aplica,No Aplica,VIGENCIA ACTUAL,ENTIDADES TERRITORIALES - SALUD,NO DEFINIDO,NO DEFINIDO,NO APLICA,,,2023,Primer Trimestre,,,,NO APLICA,INGRESOS CORRIENTES DE LIBRE DESTINACION,,,,,,NO APLICA,,,,,,CON SITUACION DE FONDOS,NO APLICA,NO DEFINIDO,978700.0,978700.0,978700.0
9295478,20220601,220115276,E.S.E. Centro de Salud - Floresta,2.1.1.01.01.001,FACTORES SALARIALES COMUNES,GASTOS,FUNCIONAMIENTO,GASTOS DE PERSONAL,PLANTA DE PERSONAL PERMANENTE,FACTORES CONSTITUTIVOS DE SALARIO,FACTORES SALARIALES COMUNES,No Aplica,No Aplica,No Aplica,No Aplica,VIGENCIA ACTUAL,ENTIDADES DIFERENTES A ENTIDADES TERRITORIALES - GESTION GENERAL,NO DEFINIDO,NO DEFINIDO,NO DEFINIDO,,,2022,Segundo Trimestre,,,,NO DEFINIDO,NO DEFINIDO,,,,,,NO DEFINIDO,,,,,,NO DEFINIDO,NO DEFINIDO,NO DEFINIDO,49479247.0,45142003.0,45142003.0
9300731,20221201,220115276,E.S.E. Centro de Salud - Floresta,2.1.2.01.01.003.06,"APARATOS MEDICOS, INSTRUMENTOS OPTICOS Y DE PRECISION, RELOJES",GASTOS,FUNCIONAMIENTO,ADQUISICION DE BIENES Y SERVICIOS,ADQUISICION DE ACTIVOS NO FINANCIEROS,ACTIVOS FIJOS,MAQUINARIA Y EQUIPO,"APARATOS MEDICOS, INSTRUMENTOS OPTICOS Y DE PRECISION, RELOJES",No Aplica,No Aplica,No Aplica,VIGENCIA ACTUAL,ENTIDADES DIFERENTES A ENTIDADES TERRITORIALES - GESTION GENERAL,NO DEFINIDO,NO DEFINIDO,NO DEFINIDO,,,2022,Cuarto Trimestre,,,,NO DEFINIDO,NO DEFINIDO,,,,,,NO DEFINIDO,,,,,,NO DEFINIDO,NO DEFINIDO,NO DEFINIDO,960000.0,960000.0,960000.0
9307626,20220901,220115276,E.S.E. Centro de Salud - Floresta,2.4.1.01.01.001.08.01,PRIMA DE NAVIDAD,GASTOS,GASTOS DE OPERACION COMERCIAL,GASTOS DE PERSONAL,PLANTA DE PERSONAL PERMANENTE,FACTORES CONSTITUTIVOS DE SALARIO,FACTORES SALARIALES COMUNES,PRESTACIONES SOCIALES,PRIMA DE NAVIDAD,No Aplica,No Aplica,VIGENCIA ACTUAL,ENTIDADES DIFERENTES A ENTIDADES TERRITORIALES - GESTION GENERAL,NO DEFINIDO,NO DEFINIDO,NO APLICA,,,2022,Tercer Trimestre,,,,NO APLICA,INGRESOS CORRIENTES DE LIBRE DESTINACION,,,,,,NO APLICA,,,,,,CON SITUACION DE FONDOS,NO APLICA,NO DEFINIDO,861354.0,861354.0,861354.0
9321432,20220301,220115276,E.S.E. Centro de Salud - Floresta,2.4.1.01.01.001.07,BONIFICACION POR SERVICIOS PRESTADOS,GASTOS,GASTOS DE OPERACION COMERCIAL,GASTOS DE PERSONAL,PLANTA DE PERSONAL PERMANENTE,FACTORES CONSTITUTIVOS DE SALARIO,FACTORES SALARIALES COMUNES,BONIFICACION POR SERVICIOS PRESTADOS,No Aplica,No Aplica,No Aplica,VIGENCIA ACTUAL,ENTIDADES DIFERENTES A ENTIDADES TERRITORIALES - GESTION GENERAL,NO DEFINIDO,NO DEFINIDO,NO APLICA,,,2022,Primer Trimestre,,,,NO APLICA,INGRESOS CORRIENTES DE LIBRE DESTINACION,,,,,,NO APLICA,,,,,,CON SITUACION DE FONDOS,NO APLICA,NO DEFINIDO,553926.0,553926.0,553926.0
9321648,20221201,220115276,E.S.E. Centro de Salud - Floresta,2.1.1.01.03,REMUNERACIONES NO CONSTITUTIVAS DE FACTOR SALARIAL,GASTOS,FUNCIONAMIENTO,GASTOS DE PERSONAL,PLANTA DE PERSONAL PERMANENTE,REMUNERACIONES NO CONSTITUTIVAS DE FACTOR SALARIAL,No Aplica,No Aplica,No Aplica,No Aplica,No Aplica,VIGENCIA ACTUAL,ENTIDADES DIFERENTES A ENTIDADES TERRITORIALES - GESTION GENERAL,NO DEFINIDO,NO DEFINIDO,NO DEFINIDO,,,2022,Cuarto Trimestre,,,,NO DEFINIDO,NO DEFINIDO,,,,,,NO DEFINIDO,,,,,,NO DEFINIDO,NO DEFINIDO,NO DEFINIDO,6082990.0,6082990.0,6082990.0
9353358,20221201,220115276,E.S.E. Centro de Salud - Floresta,2.3.2.01.01.003,MAQUINARIA Y EQUIPO,GASTOS,INVERSION,ADQUISICION DE BIENES Y SERVICIOS,ADQUISICION DE ACTIVOS NO FINANCIEROS,ACTIVOS FIJOS,MAQUINARIA Y EQUIPO,No Aplica,No Aplica,No Aplica,No Aplica,VIGENCIA ACTUAL,ENTIDADES DIFERENTES A ENTIDADES TERRITORIALES - GESTION GENERAL,NO DEFINIDO,NO DEFINIDO,NO DEFINIDO,,,2022,Cuarto Trimestre,,,,NO DEFINIDO,NO DEFINIDO,,,,,,NO DEFINIDO,,,,,,NO DEFINIDO,NO DEFINIDO,NO DEFINIDO,44802359.0,44802359.0,44802359.0
9357295,20230601,220115276,E.S.E. Centro de Salud - Floresta,2.4.5.01.03,"OTROS BIENES TRANSPORTABLES EXCEPTO PRODUCTOS METALICOS, MAQUINARIA Y EQUIPO",GASTOS,GASTOS DE OPERACION COMERCIAL,GASTOS DE COMERCIALIZACION Y PRODUCCION,MATERIALES Y SUMINISTROS,"OTROS BIENES TRANSPORTABLES EXCEPTO PRODUCTOS METALICOS, MAQUINARIA Y EQUIPO",No Aplica,No Aplica,No Aplica,No Aplica,No Aplica,VIGENCIA ACTUAL,ENTIDADES DIFERENTES A ENTIDADES TERRITORIALES - UNIDAD DE SALUD,NO DEFINIDO,NO DEFINIDO,SALUD Y PROTECCION SOCIAL,,,2023,Segundo Trimestre,,,,SUTURAS QUIRURGICAS,INGRESOS CORRIENTES DE DESTINACION ESPECIFICA POR ACTO ADMINISTRATIVO,,,,,,NO APLICA,,,,,,CON SITUACION DE FONDOS,NO APLICA,NO DEFINIDO,11669800.0,0.0,0.0
9363332,20220901,220115276,E.S.E. Centro de Salud - Floresta,2.4.1.01.02.003,APORTES DE CESANTIAS,GASTOS,GASTOS DE OPERACION COMERCIAL,GASTOS DE PERSONAL,PLANTA DE PERSONAL PERMANENTE,CONTRIBUCIONES INHERENTES A LA NOMINA,APORTES DE CESANTIAS,No Aplica,No Aplica,No Aplica,No Aplica,VIGENCIA ACTUAL,ENTIDADES DIFERENTES A ENTIDADES TERRITORIALES - GESTION GENERAL,NO DEFINIDO,NO DEFINIDO,NO APLICA,,,2022,Tercer Trimestre,,,,NO APLICA,INGRESOS CORRIENTES DE LIBRE DESTINACION,,,,,,NO APLICA,,,,,,CON SITUACION DE FONDOS,E.S.E. CENTRO DE SALUD - FLORESTA,NO DEFINIDO,3050072.0,3050072.0,3050072.0
9366727,20221201,220115276,E.S.E. Centro de Salud - Floresta,2.4.5.01.03,"OTROS BIENES TRANSPORTABLES EXCEPTO PRODUCTOS METALICOS, MAQUINARIA Y EQUIPO",GASTOS,GASTOS DE OPERACION COMERCIAL,GASTOS DE COMERCIALIZACION Y PRODUCCION,MATERIALES Y SUMINISTROS,"OTROS BIENES TRANSPORTABLES EXCEPTO PRODUCTOS METALICOS, MAQUINARIA Y EQUIPO",No Aplica,No Aplica,No Aplica,No Aplica,No Aplica,VIGENCIA ACTUAL,ENTIDADES DIFERENTES A ENTIDADES TERRITORIALES - GESTION GENERAL,NO DEFINIDO,NO DEFINIDO,NO APLICA,,,2022,Cuarto Trimestre,,,,OTROS SERVICIOS DIVERSOS N C P,INGRESOS CORRIENTES DE LIBRE DESTINACION,,,,,,NO APLICA,,,,,,CON SITUACION DE FONDOS,NO APLICA,NO DEFINIDO,94323329.0,94323329.0,94323329.0
9375515,20230601,220115276,E.S.E. Centro de Salud - Floresta,2.3.2.01.01.003,MAQUINARIA Y EQUIPO,GASTOS,INVERSION,ADQUISICION DE BIENES Y SERVICIOS,ADQUISICION DE ACTIVOS NO FINANCIEROS,ACTIVOS FIJOS,MAQUINARIA Y EQUIPO,No Aplica,No Aplica,No Aplica,No Aplica,VIGENCIA ACTUAL,ENTIDADES DIFERENTES A ENTIDADES TERRITORIALES - UNIDAD DE SALUD,NO DEFINIDO,NO DEFINIDO,NO DEFINIDO,,,2023,Segundo Trimestre,,,,NO DEFINIDO,NO DEFINIDO,,,,,,NO DEFINIDO,,,,,,NO DEFINIDO,NO DEFINIDO,NO DEFINIDO,20330000.0,20330000.0,20330000.0
9378179,20230601,220115276,E.S.E. Centro de Salud - Floresta,2.3.2.01.01.003.03.01,"MAQUINAS PARA OFICINA Y CONTABILIDAD, Y SUS PARTES Y ACCESORIOS",GASTOS,INVERSION,ADQUISICION DE BIENES Y SERVICIOS,ADQUISICION DE ACTIVOS NO FINANCIEROS,ACTIVOS FIJOS,MAQUINARIA Y EQUIPO,"MAQUINARIA DE OFICINA, CONTABILIDAD E INFORMATICA","MAQUINAS PARA OFICINA Y CONTABILIDAD, Y SUS PARTES Y ACCESORIOS",No Aplica,No Aplica,VIGENCIA ACTUAL,ENTIDADES DIFERENTES A ENTIDADES TERRITORIALES - UNIDAD DE SALUD,NO DEFINIDO,NO DEFINIDO,SALUD Y PROTECCION SOCIAL,,,2023,Segundo Trimestre,,,,NO APLICA,INGRESOS CORRIENTES DE LIBRE DESTINACION,,,,,,NO APLICA,,,,,,CON SITUACION DE FONDOS,NO APLICA,NO DEFINIDO,5530000.0,5530000.0,5530000.0
9378525,20220901,220115276,E.S.E. Centro de Salud - Floresta,2.1.2.02.02.006,"COMERCIO Y DISTRIBUCION; ALOJAMIENTO; SERVICIOS DE SUMINISTRO DE COMIDAS Y BEBIDAS; SERVICIOS DE TRANSPORTE; Y SERVICIOS DE DISTRIBUCION DE ELECTRICIDAD, GAS Y AGUA",GASTOS,FUNCIONAMIENTO,ADQUISICION DE BIENES Y SERVICIOS,ADQUISICIONES DIFERENTES DE ACTIVOS,ADQUISICION DE SERVICIOS,"COMERCIO Y DISTRIBUCION; ALOJAMIENTO; SERVICIOS DE SUMINISTRO DE COMIDAS Y BEBIDAS; SERVICIOS DE TRANSPORTE; Y SERVICIOS DE DISTRIBUCION DE ELECTRICIDAD, GAS Y AGUA",No Aplica,No Aplica,No Aplica,No Aplica,VIGENCIA ACTUAL,ENTIDADES DIFERENTES A ENTIDADES TERRITORIALES - GESTION GENERAL,NO DEFINIDO,NO DEFINIDO,NO APLICA,,,2022,Tercer Trimestre,,,,OTROS SERVICIOS DIVERSOS N C P,INGRESOS CORRIENTES DE LIBRE DESTINACION,,,,,,NO APLICA,,,,,,CON SITUACION DE FONDOS,E.S.P. EMPRESA DE ENERGIA DE BOYACA S.A.,NO DEFINIDO,13405080.0,13405080.0,13405080.0
9387076,20220901,220115276,E.S.E. Centro de Salud - Floresta,2.1.2.01.01,ACTIVOS FIJOS,GASTOS,FUNCIONAMIENTO,ADQUISICION DE BIENES Y SERVICIOS,ADQUISICION DE ACTIVOS NO FINANCIEROS,ACTIVOS FIJOS,No Aplica,No Aplica,No Aplica,No Aplica,No Aplica,VIGENCIA ACTUAL,ENTIDADES DIFERENTES A ENTIDADES TERRITORIALES - GESTION GENERAL,NO DEFINIDO,NO DEFINIDO,NO DEFINIDO,,,2022,Tercer Trimestre,,,,NO DEFINIDO,NO DEFINIDO,,,,,,NO DEFINIDO,,,,,,NO DEFINIDO,NO DEFINIDO,NO DEFINIDO,10365760.0,960000.0,960000.0
9387488,20210601,220115276,E.S.E. Centro de Salud - Floresta,2,GASTOS,GASTOS,No Aplica,No Aplica,No Aplica,No Aplica,No Aplica,No Aplica,No Aplica,No Aplica,No Aplica,VIGENCIA ACTUAL,ENTIDADES DIFERENTES A ENTIDADES TERRITORIALES - UNIDAD DE SALUD,NO DEFINIDO,NO DEFINIDO,NO DEFINIDO,,,2021,Segundo Trimestre,,,,NO DEFINIDO,NO DEFINIDO,,,,,,NO DEFINIDO,,,,,,NO DEFINIDO,NO DEFINIDO,NO DEFINIDO,389650673.0,276057259.0,276057259.0
9387562,20220301,220115276,E.S.E. Centro de Salud - Floresta,2.1.2.02.01,MATERIALES Y SUMINISTROS,GASTOS,FUNCIONAMIENTO,ADQUISICION DE BIENES Y SERVICIOS,ADQUISICIONES DIFERENTES DE ACTIVOS,MATERIALES Y SUMINISTROS,No Aplica,No Aplica,No Aplica,No Aplica,No Aplica,VIGENCIA ACTUAL,ENTIDADES DIFERENTES A ENTIDADES TERRITORIALES - GESTION GENERAL,NO DEFINIDO,NO DEFINIDO,NO DEFINIDO,,,2022,Primer Trimestre,,,,NO DEFINIDO,NO DEFINIDO,,,,,,NO DEFINIDO,,,,,,NO DEFINIDO,NO DEFINIDO,NO DEFINIDO,3842432.0,2242432.0,2242432.0
9389173,20220901,220115276,E.S.E. Centro de Salud - Floresta,2.3.2.01,ADQUISICION DE ACTIVOS NO FINANCIEROS,GASTOS,INVERSION,ADQUISICION DE BIENES Y SERVICIOS,ADQUISICION DE ACTIVOS NO FINANCIEROS,No Aplica,No Aplica,No Aplica,No Aplica,No Aplica,No Aplica,VIGENCIA ACTUAL,ENTIDADES DIFERENTES A ENTIDADES TERRITORIALES - GESTION GENERAL,NO DEFINIDO,NO DEFINIDO,NO DEFINIDO,,,2022,Tercer Trimestre,,,,NO DEFINIDO,NO DEFINIDO,,,,,,NO DEFINIDO,,,,,,NO DEFINIDO,NO DEFINIDO,NO DEFINIDO,34243670.0,16251170.0,16251170.0
9392241,20210601,220115276,E.S.E. Centro de Salud - Floresta,2.1.1.01.02.001,APORTES A LA SEGURIDAD SOCIAL EN PENSIONES,GASTOS,FUNCIONAMIENTO,GASTOS DE PERSONAL,PLANTA DE PERSONAL PERMANENTE,CONTRIBUCIONES INHERENTES A LA NOMINA,APORTES A LA SEGURIDAD SOCIAL EN PENSIONES,No Aplica,No Aplica,No Aplica,No Aplica,VIGENCIA ACTUAL,ENTIDADES DIFERENTES A ENTIDADES TERRITORIALES - UNIDAD DE SALUD,NO DEFINIDO,NO DEFINIDO,NO APLICA,,,2021,Segundo Trimestre,,,,NO APLICA,1.2.1.0.00 - INGRESOS CORRIENTES DE LIBRE DESTINACION,,,,,,NO APLICA,,,,,,CON SITUACION DE FONDOS,NO APLICA,NO DEFINIDO,10970609.0,10970609.0,10970609.0
9409097,20220901,220115276,E.S.E. Centro de Salud - Floresta,2.1.1.01.02.006,APORTES AL ICBF,GASTOS,FUNCIONAMIENTO,GASTOS DE PERSONAL,PLANTA DE PERSONAL PERMANENTE,CONTRIBUCIONES INHERENTES A LA NOMINA,APORTES AL ICBF,No Aplica,No Aplica,No Aplica,No Aplica,VIGENCIA ACTUAL,ENTIDADES DIFERENTES A ENTIDADES TERRITORIALES - GESTION GENERAL,NO DEFINIDO,NO DEFINIDO,NO APLICA,,,2022,Tercer Trimestre,,,,NO APLICA,INGRESOS CORRIENTES DE LIBRE DESTINACION,,,,,,NO APLICA,,,,,,CON SITUACION DE FONDOS,INSTITUTO COLOMBIANO DE BIENESTAR FAMILIAR,NO DEFINIDO,1718970.0,1718970.0,1718970.0
9409467,20210301,220115276,E.S.E. Centro de Salud - Floresta,2.1.1.01.01.001.08.02,PRIMA DE VACACIONES,GASTOS,FUNCIONAMIENTO,GASTOS DE PERSONAL,PLANTA DE PERSONAL PERMANENTE,FACTORES CONSTITUTIVOS DE SALARIO,FACTORES SALARIALES COMUNES,PRESTACIONES SOCIALES,PRIMA DE VACACIONES,No Aplica,No Aplica,VIGENCIA ACTUAL,ENTIDADES DIFERENTES A ENTIDADES TERRITORIALES - UNIDAD DE SALUD,NO DEFINIDO,NO DEFINIDO,NO APLICA,,,2021,Primer Trimestre,,,,NO APLICA,1.2.1.0.00 - INGRESOS CORRIENTES DE LIBRE DESTINACION,,,,,,NO APLICA,,,,,,CON SITUACION DE FONDOS,NO APLICA,NO DEFINIDO,756128.0,756128.0,756128.0
9412071,20210601,220115276,E.S.E. Centro de Salud - Floresta,2.1.1.01.01.001.08.01,PRIMA DE NAVIDAD,GASTOS,FUNCIONAMIENTO,GASTOS DE PERSONAL,PLANTA DE PERSONAL PERMANENTE,FACTORES CONSTITUTIVOS DE SALARIO,FACTORES SALARIALES COMUNES,PRESTACIONES SOCIALES,PRIMA DE NAVIDAD,No Aplica,No Aplica,VIGENCIA ACTUAL,ENTIDADES DIFERENTES A ENTIDADES TERRITORIALES - UNIDAD DE SALUD,NO DEFINIDO,NO DEFINIDO,NO APLICA,,,2021,Segundo Trimestre,,,,NO APLICA,1.2.1.0.00 - INGRESOS CORRIENTES DE LIBRE DESTINACION,,,,,,NO APLICA,,,,,,CON SITUACION DE FONDOS,NO APLICA,NO DEFINIDO,1045026.0,1045026.0,1045026.0
9415021,20220901,220115276,E.S.E. Centro de Salud - Floresta,2.4.1.01.01.001.08.02,PRIMA DE VACACIONES,GASTOS,GASTOS DE OPERACION COMERCIAL,GASTOS DE PERSONAL,PLANTA DE PERSONAL PERMANENTE,FACTORES CONSTITUTIVOS DE SALARIO,FACTORES SALARIALES COMUNES,PRESTACIONES SOCIALES,PRIMA DE VACACIONES,No Aplica,No Aplica,VIGENCIA ACTUAL,ENTIDADES DIFERENTES A ENTIDADES TERRITORIALES - GESTION GENERAL,NO DEFINIDO,NO DEFINIDO,NO APLICA,,,2022,Tercer Trimestre,,,,NO APLICA,INGRESOS CORRIENTES DE LIBRE DESTINACION,,,,,,NO APLICA,,,,,,CON SITUACION DE FONDOS,NO APLICA,NO DEFINIDO,2610668.0,2610668.0,2610668.0
9417851,20230601,220115276,E.S.E. Centro de Salud - Floresta,2.4.5.02.09,"SERVICIOS PARA LA COMUNIDAD, SOCIALES Y PERSONALES",GASTOS,GASTOS DE OPERACION COMERCIAL,GASTOS DE COMERCIALIZACION Y PRODUCCION,ADQUISICION DE SERVICIOS,"SERVICIOS PARA LA COMUNIDAD, SOCIALES Y PERSONALES",No Aplica,No Aplica,No Aplica,No Aplica,No Aplica,VIGENCIA ACTUAL,ENTIDADES DIFERENTES A ENTIDADES TERRITORIALES - UNIDAD DE SALUD,NO DEFINIDO,NO DEFINIDO,SALUD Y PROTECCION SOCIAL,,,2023,Segundo Trimestre,,,,SERVICIOS EJECUTIVOS DE LA ADMINISTRACION PUBLICA,INGRESOS CORRIENTES DE LIBRE DESTINACION,,,,,,NO APLICA,,,,,,CON SITUACION DE FONDOS,NO APLICA,NO DEFINIDO,86797000.0,22545200.0,22545200.0
9418405,20220901,220115276,E.S.E. Centro de Salud - Floresta,2.1.2.02.02.007,SERVICIOS FINANCIEROS Y SERVICIOS CONEXOS; SERVICIOS INMOBILIARIOS; Y SERVICIOS DE ARRENDAMIENTO Y LEASING,GASTOS,FUNCIONAMIENTO,ADQUISICION DE BIENES Y SERVICIOS,ADQUISICIONES DIFERENTES DE ACTIVOS,ADQUISICION DE SERVICIOS,SERVICIOS FINANCIEROS Y SERVICIOS CONEXOS; SERVICIOS INMOBILIARIOS; Y SERVICIOS DE ARRENDAMIENTO Y LEASING,No Aplica,No Aplica,No Aplica,No Aplica,VIGENCIA ACTUAL,ENTIDADES DIFERENTES A ENTIDADES TERRITORIALES - GESTION GENERAL,NO DEFINIDO,NO DEFINIDO,NO APLICA,,,2022,Tercer Trimestre,,,,OTROS SERVICIOS DIVERSOS N C P,INGRESOS CORRIENTES DE LIBRE DESTINACION,,,,,,NO APLICA,,,,,,CON SITUACION DE FONDOS,NO APLICA,NO DEFINIDO,4328653.0,2534733.0,2534733.0
9419950,20230301,220115276,E.S.E. Centro de Salud - Floresta,2.1.1.01.02.003,APORTES DE CESANTIAS,GASTOS,FUNCIONAMIENTO,GASTOS DE PERSONAL,PLANTA DE PERSONAL PERMANENTE,CONTRIBUCIONES INHERENTES A LA NOMINA,APORTES DE CESANTIAS,No Aplica,No Aplica,No Aplica,No Aplica,VIGENCIA ACTUAL,ENTIDADES TERRITORIALES - SALUD,NO DEFINIDO,NO DEFINIDO,NO APLICA,,,2023,Primer Trimestre,,,,NO APLICA,INGRESOS CORRIENTES DE LIBRE DESTINACION,,,,,,NO APLICA,,,,,,CON SITUACION DE FONDOS,NO APLICA,NO DEFINIDO,958103.0,958103.0,958103.0
9420230,20210301,220115276,E.S.E. Centro de Salud - Floresta,2.1.1.01.02.002,APORTES A LA SEGURIDAD SOCIAL EN SALUD,GASTOS,FUNCIONAMIENTO,GASTOS DE PERSONAL,PLANTA DE PERSONAL PERMANENTE,CONTRIBUCIONES INHERENTES A LA NOMINA,APORTES A LA SEGURIDAD SOCIAL EN SALUD,No Aplica,No Aplica,No Aplica,No Aplica,VIGENCIA ACTUAL,ENTIDADES DIFERENTES A ENTIDADES TERRITORIALES - UNIDAD DE SALUD,NO DEFINIDO,NO DEFINIDO,NO APLICA,,,2021,Primer Trimestre,,,,NO APLICA,1.2.1.0.00 - INGRESOS CORRIENTES DE LIBRE DESTINACION,,,,,,NO APLICA,,,,,,CON SITUACION DE FONDOS,NO APLICA,NO DEFINIDO,4237412.0,4237412.0,4237412.0
9434164,20220601,220115276,E.S.E. Centro de Salud - Floresta,2.1.1.01.01.001.04,SUBSIDIO DE ALIMENTACION,GASTOS,FUNCIONAMIENTO,GASTOS DE PERSONAL,PLANTA DE PERSONAL PERMANENTE,FACTORES CONSTITUTIVOS DE SALARIO,FACTORES SALARIALES COMUNES,SUBSIDIO DE ALIMENTACION,No Aplica,No Aplica,No Aplica,VIGENCIA ACTUAL,ENTIDADES DIFERENTES A ENTIDADES TERRITORIALES - GESTION GENERAL,NO DEFINIDO,NO DEFINIDO,NO APLICA,,,2022,Segundo Trimestre,,,,NO APLICA,INGRESOS CORRIENTES DE LIBRE DESTINACION,,,,,,NO APLICA,,,,,,CON SITUACION DE FONDOS,E.S.E. CENTRO DE SALUD - FLORESTA,NO DEFINIDO,1162858.0,755914.0,755914.0
9434406,20220901,220115276,E.S.E. Centro de Salud - Floresta,2.4.1,GASTOS DE PERSONAL,GASTOS,GASTOS DE OPERACION COMERCIAL,GASTOS DE PERSONAL,No Aplica,No Aplica,No Aplica,No Aplica,No Aplica,No Aplica,No Aplica,VIGENCIA ACTUAL,ENTIDADES DIFERENTES A ENTIDADES TERRITORIALES - GESTION GENERAL,NO DEFINIDO,NO DEFINIDO,NO DEFINIDO,,,2022,Tercer Trimestre,,,,NO DEFINIDO,NO DEFINIDO,,,,,,NO DEFINIDO,,,,,,NO DEFINIDO,NO DEFINIDO,NO DEFINIDO,175406087.0,171879059.0,171879059.0
9445526,20221201,220115276,E.S.E. Centro de Salud - Floresta,2.4.1.01.01.001.06,PRIMA DE SERVICIO,GASTOS,GASTOS DE OPERACION COMERCIAL,GASTOS DE PERSONAL,PLANTA DE PERSONAL PERMANENTE,FACTORES CONSTITUTIVOS DE SALARIO,FACTORES SALARIALES COMUNES,PRIMA DE SERVICIO,No Aplica,No Aplica,No Aplica,VIGENCIA ACTUAL,ENTIDADES DIFERENTES A ENTIDADES TERRITORIALES - GESTION GENERAL,NO DEFINIDO,NO DEFINIDO,NO APLICA,,,2022,Cuarto Trimestre,,,,NO APLICA,INGRESOS CORRIENTES DE LIBRE DESTINACION,,,,,,NO APLICA,,,,,,CON SITUACION DE FONDOS,NO APLICA,NO DEFINIDO,6445256.0,6445256.0,6445256.0
9455598,20220301,220115276,E.S.E. Centro de Salud - Floresta,2.3.2.01.01.004,ACTIVOS FIJOS NO CLASIFICADOS COMO MAQUINARIA Y EQUIPO,GASTOS,INVERSION,ADQUISICION DE BIENES Y SERVICIOS,ADQUISICION DE ACTIVOS NO FINANCIEROS,ACTIVOS FIJOS,ACTIVOS FIJOS NO CLASIFICADOS COMO MAQUINARIA Y EQUIPO,No Aplica,No Aplica,No Aplica,No Aplica,VIGENCIA ACTUAL,ENTIDADES DIFERENTES A ENTIDADES TERRITORIALES - GESTION GENERAL,NO DEFINIDO,NO DEFINIDO,NO DEFINIDO,,,2022,Primer Trimestre,,,,NO DEFINIDO,NO DEFINIDO,,,,,,NO DEFINIDO,,,,,,NO DEFINIDO,NO DEFINIDO,NO DEFINIDO,9026799.0,9026799.0,9026799.0
9459382,20220901,220115276,E.S.E. Centro de Salud - Floresta,2.1.2.01.01.003,MAQUINARIA Y EQUIPO,GASTOS,FUNCIONAMIENTO,ADQUISICION DE BIENES Y SERVICIOS,ADQUISICION DE ACTIVOS NO FINANCIEROS,ACTIVOS FIJOS,MAQUINARIA Y EQUIPO,No Aplica,No Aplica,No Aplica,No Aplica,VIGENCIA ACTUAL,ENTIDADES DIFERENTES A ENTIDADES TERRITORIALES - GESTION GENERAL,NO DEFINIDO,NO DEFINIDO,NO DEFINIDO,,,2022,Tercer Trimestre,,,,NO DEFINIDO,NO DEFINIDO,,,,,,NO DEFINIDO,,,,,,NO DEFINIDO,NO DEFINIDO,NO DEFINIDO,10365760.0,960000.0,960000.0
9463538,20211201,220115276,E.S.E. Centro de Salud - Floresta,2.1.1.01.02.004,APORTES A CAJAS DE COMPENSACION FAMILIAR,GASTOS,FUNCIONAMIENTO,GASTOS DE PERSONAL,PLANTA DE PERSONAL PERMANENTE,CONTRIBUCIONES INHERENTES A LA NOMINA,APORTES A CAJAS DE COMPENSACION FAMILIAR,No Aplica,No Aplica,No Aplica,No Aplica,VIGENCIA ACTUAL,ENTIDADES TERRITORIALES - SALUD,NO DEFINIDO,NO DEFINIDO,NO APLICA,,,2021,Cuarto Trimestre,,,,NO APLICA,INGRESOS CORRIENTES DE LIBRE DESTINACION,,,,,,NO APLICA,,,,,,CON SITUACION DE FONDOS,E.S.E. CENTRO DE SALUD - FLORESTA,NO DEFINIDO,8146100.0,8146100.0,8146100.0
9477513,20221201,220115276,E.S.E. Centro de Salud - Floresta,2.4.1.01.01.001,FACTORES SALARIALES COMUNES,GASTOS,GASTOS DE OPERACION COMERCIAL,GASTOS DE PERSONAL,PLANTA DE PERSONAL PERMANENTE,FACTORES CONSTITUTIVOS DE SALARIO,FACTORES SALARIALES COMUNES,No Aplica,No Aplica,No Aplica,No Aplica,VIGENCIA ACTUAL,ENTIDADES DIFERENTES A ENTIDADES TERRITORIALES - GESTION GENERAL,NO DEFINIDO,NO DEFINIDO,NO DEFINIDO,,,2022,Cuarto Trimestre,,,,NO DEFINIDO,NO DEFINIDO,,,,,,NO DEFINIDO,,,,,,NO DEFINIDO,NO DEFINIDO,NO DEFINIDO,193428132.0,193428132.0,193428132.0
9481855,20230301,220115276,E.S.E. Centro de Salud - Floresta,2.4.1.01.02.006,APORTES AL ICBF,GASTOS,GASTOS DE OPERACION COMERCIAL,GASTOS DE PERSONAL,PLANTA DE PERSONAL PERMANENTE,CONTRIBUCIONES INHERENTES A LA NOMINA,APORTES AL ICBF,No Aplica,No Aplica,No Aplica,No Aplica,VIGENCIA ACTUAL,ENTIDADES TERRITORIALES - SALUD,NO DEFINIDO,NO DEFINIDO,NO APLICA,,,2023,Primer Trimestre,,,,NO APLICA,INGRESOS CORRIENTES DE LIBRE DESTINACION,,,,,,NO APLICA,,,,,,CON SITUACION DE FONDOS,INSTITUTO COLOMBIANO DE BIENESTAR FAMILIAR,NO DEFINIDO,734200.0,734200.0,734200.0
9496023,20221201,220115276,E.S.E. Centro de Salud - Floresta,2.1.1.01.02.003,APORTES DE CESANTIAS,GASTOS,FUNCIONAMIENTO,GASTOS DE PERSONAL,PLANTA DE PERSONAL PERMANENTE,CONTRIBUCIONES INHERENTES A LA NOMINA,APORTES DE CESANTIAS,No Aplica,No Aplica,No Aplica,No Aplica,VIGENCIA ACTUAL,ENTIDADES DIFERENTES A ENTIDADES TERRITORIALES - GESTION GENERAL,NO DEFINIDO,NO DEFINIDO,NO APLICA,,,2022,Cuarto Trimestre,,,,NO APLICA,INGRESOS CORRIENTES DE LIBRE DESTINACION,,,,,,NO APLICA,,,,,,CON SITUACION DE FONDOS,E.S.E. CENTRO DE SALUD - FLORESTA,NO DEFINIDO,8707603.0,8707603.0,8707603.0
9498106,20220301,220115276,E.S.E. Centro de Salud - Floresta,2.4.5.01.03,"OTROS BIENES TRANSPORTABLES EXCEPTO PRODUCTOS METALICOS, MAQUINARIA Y EQUIPO",GASTOS,GASTOS DE OPERACION COMERCIAL,GASTOS DE COMERCIALIZACION Y PRODUCCION,MATERIALES Y SUMINISTROS,"OTROS BIENES TRANSPORTABLES EXCEPTO PRODUCTOS METALICOS, MAQUINARIA Y EQUIPO",No Aplica,No Aplica,No Aplica,No Aplica,No Aplica,VIGENCIA ACTUAL,ENTIDADES DIFERENTES A ENTIDADES TERRITORIALES - GESTION GENERAL,NO DEFINIDO,NO DEFINIDO,NO APLICA,,,2022,Primer Trimestre,,,,OTROS SERVICIOS DIVERSOS N C P,INGRESOS CORRIENTES DE LIBRE DESTINACION,,,,,,NO APLICA,,,,,,CON SITUACION DE FONDOS,E.S.E. CENTRO DE SALUD - FLORESTA,NO DEFINIDO,6000000.0,1843164.0,1843164.0
9500376,20230601,220115276,E.S.E. Centro de Salud - Floresta,2.1.1.01.01.001.10,VIATICOS DE LOS FUNCIONARIOS EN COMISION,GASTOS,FUNCIONAMIENTO,GASTOS DE PERSONAL,PLANTA DE PERSONAL PERMANENTE,FACTORES CONSTITUTIVOS DE SALARIO,FACTORES SALARIALES COMUNES,VIATICOS DE LOS FUNCIONARIOS EN COMISION,No Aplica,No Aplica,No Aplica,VIGENCIA ACTUAL,ENTIDADES DIFERENTES A ENTIDADES TERRITORIALES - UNIDAD DE SALUD,NO DEFINIDO,NO DEFINIDO,SALUD Y PROTECCION SOCIAL,,,2023,Segundo Trimestre,,,,NO APLICA,INGRESOS CORRIENTES DE LIBRE DESTINACION,,,,,,NO APLICA,,,,,,CON SITUACION DE FONDOS,NO APLICA,NO DEFINIDO,1143900.0,1143900.0,1143900.0
9501318,20230301,220115276,E.S.E. Centro de Salud - Floresta,2.4.1.01.02.003,APORTES DE CESANTIAS,GASTOS,GASTOS DE OPERACION COMERCIAL,GASTOS DE PERSONAL,PLANTA DE PERSONAL PERMANENTE,CONTRIBUCIONES INHERENTES A LA NOMINA,APORTES DE CESANTIAS,No Aplica,No Aplica,No Aplica,No Aplica,VIGENCIA ACTUAL,ENTIDADES TERRITORIALES - SALUD,NO DEFINIDO,NO DEFINIDO,NO APLICA,,,2023,Primer Trimestre,,,,NO APLICA,INGRESOS CORRIENTES DE LIBRE DESTINACION,,,,,,NO APLICA,,,,,,CON SITUACION DE FONDOS,NO APLICA,NO DEFINIDO,2083030.0,2083030.0,2083030.0
9514849,20210901,220115276,E.S.E. Centro de Salud - Floresta,2.1.8.03,TASAS Y DERECHOS ADMINISTRATIVOS,GASTOS,FUNCIONAMIENTO,"GASTOS POR TRIBUTOS, TASAS, CONTRIBUCIONES, MULTAS, SANCIONES E INTERESES DE MORA",TASAS Y DERECHOS ADMINISTRATIVOS,No Aplica,No Aplica,No Aplica,No Aplica,No Aplica,No Aplica,VIGENCIA ACTUAL,ENTIDADES TERRITORIALES - SALUD,NO DEFINIDO,NO DEFINIDO,NO APLICA,,,2021,Tercer Trimestre,,,,NO APLICA,NO APLICA,,,,,,NO APLICA,,,,,,CON SITUACION DE FONDOS,SUPERINTENDENCIA NACIONAL DE SALUD,NO DEFINIDO,589087.0,589087.0,589087.0
9516247,20220601,220115276,E.S.E. Centro de Salud - Floresta,2.1.2,ADQUISICION DE BIENES Y SERVICIOS,GASTOS,FUNCIONAMIENTO,ADQUISICION DE BIENES Y SERVICIOS,No Aplica,No Aplica,No Aplica,No Aplica,No Aplica,No Aplica,No Aplica,VIGENCIA ACTUAL,ENTIDADES DIFERENTES A ENTIDADES TERRITORIALES - GESTION GENERAL,NO DEFINIDO,NO DEFINIDO,NO DEFINIDO,,,2022,Segundo Trimestre,,,,NO DEFINIDO,NO DEFINIDO,,,,,,NO DEFINIDO,,,,,,NO DEFINIDO,NO DEFINIDO,NO DEFINIDO,92937896.0,74553420.0,74553420.0
9517800,20220601,220115276,E.S.E. Centro de Salud - Floresta,2.3,INVERSION,GASTOS,INVERSION,No Aplica,No Aplica,No Aplica,No Aplica,No Aplica,No Aplica,No Aplica,No Aplica,VIGENCIA ACTUAL,ENTIDADES DIFERENTES A ENTIDADES TERRITORIALES - GESTION GENERAL,NO DEFINIDO,NO DEFINIDO,NO DEFINIDO,,,2022,Segundo Trimestre,,,,NO DEFINIDO,NO DEFINIDO,,,,,,NO DEFINIDO,,,,,,NO DEFINIDO,NO DEFINIDO,NO DEFINIDO,9026799.0,9026799.0,9026799.0
9519651,20220901,220115276,E.S.E. Centro de Salud - Floresta,2.4.1.01.02.006,APORTES AL ICBF,GASTOS,GASTOS DE OPERACION COMERCIAL,GASTOS DE PERSONAL,PLANTA DE PERSONAL PERMANENTE,CONTRIBUCIONES INHERENTES A LA NOMINA,APORTES AL ICBF,No Aplica,No Aplica,No Aplica,No Aplica,VIGENCIA ACTUAL,ENTIDADES DIFERENTES A ENTIDADES TERRITORIALES - GESTION GENERAL,NO DEFINIDO,NO DEFINIDO,NO APLICA,,,2022,Tercer Trimestre,,,,NO APLICA,INGRESOS CORRIENTES DE LIBRE DESTINACION,,,,,,NO APLICA,,,,,,CON SITUACION DE FONDOS,INSTITUTO COLOMBIANO DE BIENESTAR FAMILIAR,NO DEFINIDO,3404730.0,3404730.0,3404730.0
9521259,20220601,220115276,E.S.E. Centro de Salud - Floresta,2.4.1.01.01,FACTORES CONSTITUTIVOS DE SALARIO,GASTOS,GASTOS DE OPERACION COMERCIAL,GASTOS DE PERSONAL,PLANTA DE PERSONAL PERMANENTE,FACTORES CONSTITUTIVOS DE SALARIO,No Aplica,No Aplica,No Aplica,No Aplica,No Aplica,VIGENCIA ACTUAL,ENTIDADES DIFERENTES A ENTIDADES TERRITORIALES - GESTION GENERAL,NO DEFINIDO,NO DEFINIDO,NO DEFINIDO,,,2022,Segundo Trimestre,,,,NO DEFINIDO,NO DEFINIDO,,,,,,NO DEFINIDO,,,,,,NO DEFINIDO,NO DEFINIDO,NO DEFINIDO,88204107.0,81150051.0,81150051.0
9521989,20230301,220115276,E.S.E. Centro de Salud - Floresta,2.4.5.01,MATERIALES Y SUMINISTROS,GASTOS,GASTOS DE OPERACION COMERCIAL,GASTOS DE COMERCIALIZACION Y PRODUCCION,MATERIALES Y SUMINISTROS,No Aplica,No Aplica,No Aplica,No Aplica,No Aplica,No Aplica,VIGENCIA ACTUAL,ENTIDADES TERRITORIALES - SALUD,NO DEFINIDO,NO DEFINIDO,NO DEFINIDO,,,2023,Primer Trimestre,,,,NO DEFINIDO,NO DEFINIDO,,,,,,NO DEFINIDO,,,,,,NO DEFINIDO,NO DEFINIDO,NO DEFINIDO,6080000.0,983615.0,983615.0
9523090,20211201,220115276,E.S.E. Centro de Salud - Floresta,2.1.1.01.01.001.07,BONIFICACION POR SERVICIOS PRESTADOS,GASTOS,FUNCIONAMIENTO,GASTOS DE PERSONAL,PLANTA DE PERSONAL PERMANENTE,FACTORES CONSTITUTIVOS DE SALARIO,FACTORES SALARIALES COMUNES,BONIFICACION POR SERVICIOS PRESTADOS,No Aplica,No Aplica,No Aplica,VIGENCIA ACTUAL,ENTIDADES TERRITORIALES - SALUD,NO DEFINIDO,NO DEFINIDO,NO APLICA,,,2021,Cuarto Trimestre,,,,NO APLICA,INGRESOS CORRIENTES DE LIBRE DESTINACION,,,,,,NO APLICA,,,,,,CON SITUACION DE FONDOS,NO APLICA,NO DEFINIDO,6051644.0,6051644.0,6051644.0
9525554,20230601,220115276,E.S.E. Centro de Salud - Floresta,2.4.1.01.02.003,APORTES DE CESANTIAS,GASTOS,GASTOS DE OPERACION COMERCIAL,GASTOS DE PERSONAL,PLANTA DE PERSONAL PERMANENTE,CONTRIBUCIONES INHERENTES A LA NOMINA,APORTES DE CESANTIAS,No Aplica,No Aplica,No Aplica,No Aplica,VIGENCIA ACTUAL,ENTIDADES DIFERENTES A ENTIDADES TERRITORIALES - UNIDAD DE SALUD,NO DEFINIDO,NO DEFINIDO,SALUD Y PROTECCION SOCIAL,,,2023,Segundo Trimestre,,,,NO APLICA,INGRESOS CORRIENTES DE LIBRE DESTINACION,,,,,,NO APLICA,,,,,,CON SITUACION DE FONDOS,NO APLICA,NO DEFINIDO,2883404.0,2883404.0,2883404.0
9533403,20221201,220115276,E.S.E. Centro de Salud - Floresta,2.4.5.01,MATERIALES Y SUMINISTROS,GASTOS,GASTOS DE OPERACION COMERCIAL,GASTOS DE COMERCIALIZACION Y PRODUCCION,MATERIALES Y SUMINISTROS,No Aplica,No Aplica,No Aplica,No Aplica,No Aplica,No Aplica,VIGENCIA ACTUAL,ENTIDADES DIFERENTES A ENTIDADES TERRITORIALES - GESTION GENERAL,NO DEFINIDO,NO DEFINIDO,NO DEFINIDO,,,2022,Cuarto Trimestre,,,,NO DEFINIDO,NO DEFINIDO,,,,,,NO DEFINIDO,,,,,,NO DEFINIDO,NO DEFINIDO,NO DEFINIDO,94323329.0,94323329.0,94323329.0
9533930,20220601,220115276,E.S.E. Centro de Salud - Floresta,2.4.1.01.01.001.08,PRESTACIONES SOCIALES,GASTOS,GASTOS DE OPERACION COMERCIAL,GASTOS DE PERSONAL,PLANTA DE PERSONAL PERMANENTE,FACTORES CONSTITUTIVOS DE SALARIO,FACTORES SALARIALES COMUNES,PRESTACIONES SOCIALES,No Aplica,No Aplica,No Aplica,VIGENCIA ACTUAL,ENTIDADES DIFERENTES A ENTIDADES TERRITORIALES - GESTION GENERAL,NO DEFINIDO,NO DEFINIDO,NO DEFINIDO,,,2022,Segundo Trimestre,,,,NO DEFINIDO,NO DEFINIDO,,,,,,NO DEFINIDO,,,,,,NO DEFINIDO,NO DEFINIDO,NO DEFINIDO,3472022.0,3472022.0,3472022.0
9537690,20210901,220115276,E.S.E. Centro de Salud - Floresta,2.1.1.01.02.007,APORTES AL SENA,GASTOS,FUNCIONAMIENTO,GASTOS DE PERSONAL,PLANTA DE PERSONAL PERMANENTE,CONTRIBUCIONES INHERENTES A LA NOMINA,APORTES AL SENA,No Aplica,No Aplica,No Aplica,No Aplica,VIGENCIA ACTUAL,ENTIDADES TERRITORIALES - SALUD,NO DEFINIDO,NO DEFINIDO,NO APLICA,,,2021,Tercer Trimestre,,,,NO APLICA,NO APLICA,,,,,,NO APLICA,,,,,,CON SITUACION DE FONDOS,SERVICIO NACIONAL DE APRENDIZAJE,NO DEFINIDO,2558000.0,2558000.0,2558000.0
9539172,20220601,220115276,E.S.E. Centro de Salud - Floresta,2.4.5.01,MATERIALES Y SUMINISTROS,GASTOS,GASTOS DE OPERACION COMERCIAL,GASTOS DE COMERCIALIZACION Y PRODUCCION,MATERIALES Y SUMINISTROS,No Aplica,No Aplica,No Aplica,No Aplica,No Aplica,No Aplica,VIGENCIA ACTUAL,ENTIDADES DIFERENTES A ENTIDADES TERRITORIALES - GESTION GENERAL,NO DEFINIDO,NO DEFINIDO,NO DEFINIDO,,,2022,Segundo Trimestre,,,,NO DEFINIDO,NO DEFINIDO,,,,,,NO DEFINIDO,,,,,,NO DEFINIDO,NO DEFINIDO,NO DEFINIDO,45045160.0,40117816.0,40117816.0
9539335,20220301,220115276,E.S.E. Centro de Salud - Floresta,2.1.1.01.01.001.01,SUELDO BASICO,GASTOS,FUNCIONAMIENTO,GASTOS DE PERSONAL,PLANTA DE PERSONAL PERMANENTE,FACTORES CONSTITUTIVOS DE SALARIO,FACTORES SALARIALES COMUNES,SUELDO BASICO,No Aplica,No Aplica,No Aplica,VIGENCIA ACTUAL,ENTIDADES DIFERENTES A ENTIDADES TERRITORIALES - GESTION GENERAL,NO DEFINIDO,NO DEFINIDO,NO APLICA,,,2022,Primer Trimestre,,,,NO APLICA,INGRESOS CORRIENTES DE LIBRE DESTINACION,,,,,,NO APLICA,,,,,,CON SITUACION DE FONDOS,E.S.E. CENTRO DE SALUD - FLORESTA,NO DEFINIDO,25523298.0,19627848.0,19627848.0
9542565,20211201,220115276,E.S.E. Centro de Salud - Floresta,2.1.1.01.03,REMUNERACIONES NO CONSTITUTIVAS DE FACTOR SALARIAL,GASTOS,FUNCIONAMIENTO,GASTOS DE PERSONAL,PLANTA DE PERSONAL PERMANENTE,REMUNERACIONES NO CONSTITUTIVAS DE FACTOR SALARIAL,No Aplica,No Aplica,No Aplica,No Aplica,No Aplica,VIGENCIA ACTUAL,ENTIDADES TERRITORIALES - SALUD,NO DEFINIDO,NO DEFINIDO,NO DEFINIDO,,,2021,Cuarto Trimestre,,,,NO DEFINIDO,NO DEFINIDO,,,,,,NO DEFINIDO,,,,,,NO DEFINIDO,NO DEFINIDO,NO DEFINIDO,12441589.0,12441589.0,12441589.0
9550465,20230601,220115276,E.S.E. Centro de Salud - Floresta,2.4.5.01.03,"OTROS BIENES TRANSPORTABLES EXCEPTO PRODUCTOS METALICOS, MAQUINARIA Y EQUIPO",GASTOS,GASTOS DE OPERACION COMERCIAL,GASTOS DE COMERCIALIZACION Y PRODUCCION,MATERIALES Y SUMINISTROS,"OTROS BIENES TRANSPORTABLES EXCEPTO PRODUCTOS METALICOS, MAQUINARIA Y EQUIPO",No Aplica,No Aplica,No Aplica,No Aplica,No Aplica,VIGENCIA ACTUAL,ENTIDADES DIFERENTES A ENTIDADES TERRITORIALES - UNIDAD DE SALUD,NO DEFINIDO,NO DEFINIDO,SALUD Y PROTECCION SOCIAL,,,2023,Segundo Trimestre,,,,SUTURAS QUIRURGICAS,INGRESOS CORRIENTES DE LIBRE DESTINACION,,,,,,NO APLICA,,,,,,CON SITUACION DE FONDOS,NO APLICA,NO DEFINIDO,13407939.0,140000.0,140000.0
9560478,20210901,220115276,E.S.E. Centro de Salud - Floresta,2.1.1.01.03.001.01,VACACIONES,GASTOS,FUNCIONAMIENTO,GASTOS DE PERSONAL,PLANTA DE PERSONAL PERMANENTE,REMUNERACIONES NO CONSTITUTIVAS DE FACTOR SALARIAL,PRESTACIONES SOCIALES,VACACIONES,No Aplica,No Aplica,No Aplica,VIGENCIA ACTUAL,ENTIDADES TERRITORIALES - SALUD,NO DEFINIDO,NO DEFINIDO,NO APLICA,,,2021,Tercer Trimestre,,,,NO APLICA,NO APLICA,,,,,,NO APLICA,,,,,,CON SITUACION DE FONDOS,NO APLICA,NO DEFINIDO,3854076.0,3854076.0,3854076.0
9572763,20230301,220115276,E.S.E. Centro de Salud - Floresta,2.4.5.01.03,"OTROS BIENES TRANSPORTABLES EXCEPTO PRODUCTOS METALICOS, MAQUINARIA Y EQUIPO",GASTOS,GASTOS DE OPERACION COMERCIAL,GASTOS DE COMERCIALIZACION Y PRODUCCION,MATERIALES Y SUMINISTROS,"OTROS BIENES TRANSPORTABLES EXCEPTO PRODUCTOS METALICOS, MAQUINARIA Y EQUIPO",No Aplica,No Aplica,No Aplica,No Aplica,No Aplica,VIGENCIA ACTUAL,ENTIDADES TERRITORIALES - SALUD,NO DEFINIDO,NO DEFINIDO,NO APLICA,,,2023,Primer Trimestre,,,,SERVICIOS DE LA ADMINISTRACION PUBLICA RELACIONADOS CON LA SALUD,INGRESOS CORRIENTES DE LIBRE DESTINACION,,,,,,NO APLICA,,,,,,CON SITUACION DE FONDOS,NO APLICA,NO DEFINIDO,6080000.0,983615.0,983615.0
9577143,20220901,220115276,E.S.E. Centro de Salud - Floresta,2.1.1.01.01.001.08.02,PRIMA DE VACACIONES,GASTOS,FUNCIONAMIENTO,GASTOS DE PERSONAL,PLANTA DE PERSONAL PERMANENTE,FACTORES CONSTITUTIVOS DE SALARIO,FACTORES SALARIALES COMUNES,PRESTACIONES SOCIALES,PRIMA DE VACACIONES,No Aplica,No Aplica,VIGENCIA ACTUAL,ENTIDADES DIFERENTES A ENTIDADES TERRITORIALES - GESTION GENERAL,NO DEFINIDO,NO DEFINIDO,NO APLICA,,,2022,Tercer Trimestre,,,,NO APLICA,INGRESOS CORRIENTES DE LIBRE DESTINACION,,,,,,NO APLICA,,,,,,CON SITUACION DE FONDOS,NO APLICA,NO DEFINIDO,2220368.0,2220368.0,2220368.0
9590720,20210901,220115276,E.S.E. Centro de Salud - Floresta,2.1.8,"GASTOS POR TRIBUTOS, TASAS, CONTRIBUCIONES, MULTAS, SANCIONES E INTERESES DE MORA",GASTOS,FUNCIONAMIENTO,"GASTOS POR TRIBUTOS, TASAS, CONTRIBUCIONES, MULTAS, SANCIONES E INTERESES DE MORA",No Aplica,No Aplica,No Aplica,No Aplica,No Aplica,No Aplica,No Aplica,VIGENCIA ACTUAL,ENTIDADES TERRITORIALES - SALUD,NO DEFINIDO,NO DEFINIDO,NO DEFINIDO,,,2021,Tercer Trimestre,,,,NO DEFINIDO,NO DEFINIDO,,,,,,NO DEFINIDO,,,,,,NO DEFINIDO,NO DEFINIDO,NO DEFINIDO,589087.0,589087.0,589087.0
9596632,20220601,220115276,E.S.E. Centro de Salud - Floresta,2.1.2.02.02.007,SERVICIOS FINANCIEROS Y SERVICIOS CONEXOS; SERVICIOS INMOBILIARIOS; Y SERVICIOS DE ARRENDAMIENTO Y LEASING,GASTOS,FUNCIONAMIENTO,ADQUISICION DE BIENES Y SERVICIOS,ADQUISICIONES DIFERENTES DE ACTIVOS,ADQUISICION DE SERVICIOS,SERVICIOS FINANCIEROS Y SERVICIOS CONEXOS; SERVICIOS INMOBILIARIOS; Y SERVICIOS DE ARRENDAMIENTO Y LEASING,No Aplica,No Aplica,No Aplica,No Aplica,VIGENCIA ACTUAL,ENTIDADES DIFERENTES A ENTIDADES TERRITORIALES - GESTION GENERAL,NO DEFINIDO,NO DEFINIDO,NO APLICA,,,2022,Segundo Trimestre,,,,OTROS SERVICIOS DIVERSOS N C P,INGRESOS CORRIENTES DE LIBRE DESTINACION,,,,,,NO APLICA,,,,,,CON SITUACION DE FONDOS,E.S.E. CENTRO DE SALUD - FLORESTA,NO DEFINIDO,2502052.0,1387564.0,1387564.0
9606389,20230601,220115276,E.S.E. Centro de Salud - Floresta,2.4.1.01.01.001.04,SUBSIDIO DE ALIMENTACION,GASTOS,GASTOS DE OPERACION COMERCIAL,GASTOS DE PERSONAL,PLANTA DE PERSONAL PERMANENTE,FACTORES CONSTITUTIVOS DE SALARIO,FACTORES SALARIALES COMUNES,SUBSIDIO DE ALIMENTACION,No Aplica,No Aplica,No Aplica,VIGENCIA ACTUAL,ENTIDADES DIFERENTES A ENTIDADES TERRITORIALES - UNIDAD DE SALUD,NO DEFINIDO,NO DEFINIDO,SALUD Y PROTECCION SOCIAL,,,2023,Segundo Trimestre,,,,NO APLICA,INGRESOS CORRIENTES DE LIBRE DESTINACION,,,,,,NO APLICA,,,,,,CON SITUACION DE FONDOS,NO APLICA,NO DEFINIDO,1500930.0,1500930.0,1500930.0
9607243,20210301,220115276,E.S.E. Centro de Salud - Floresta,2.1.1.01.03.001.03,BONIFICACION ESPECIAL DE RECREACION,GASTOS,FUNCIONAMIENTO,GASTOS DE PERSONAL,PLANTA DE PERSONAL PERMANENTE,REMUNERACIONES NO CONSTITUTIVAS DE FACTOR SALARIAL,PRESTACIONES SOCIALES,BONIFICACION ESPECIAL DE RECREACION,No Aplica,No Aplica,No Aplica,VIGENCIA ACTUAL,ENTIDADES DIFERENTES A ENTIDADES TERRITORIALES - UNIDAD DE SALUD,NO DEFINIDO,NO DEFINIDO,NO APLICA,,,2021,Primer Trimestre,,,,NO APLICA,1.2.1.0.00 - INGRESOS CORRIENTES DE LIBRE DESTINACION,,,,,,NO APLICA,,,,,,CON SITUACION DE FONDOS,NO APLICA,NO DEFINIDO,93935.0,93935.0,93935.0
9624000,20211201,220115276,E.S.E. Centro de Salud - Floresta,2.1.2.02.01.002,"PRODUCTOS ALIMENTICIOS, BEBIDAS Y TABACO, TEXTILES, PRENDAS DE VESTIR Y PRODUCTOS DE CUERO",GASTOS,FUNCIONAMIENTO,ADQUISICION DE BIENES Y SERVICIOS,ADQUISICIONES DIFERENTES DE ACTIVOS,MATERIALES Y SUMINISTROS,"PRODUCTOS ALIMENTICIOS, BEBIDAS Y TABACO, TEXTILES, PRENDAS DE VESTIR Y PRODUCTOS DE CUERO",No Aplica,No Aplica,No Aplica,No Aplica,VIGENCIA ACTUAL,ENTIDADES TERRITORIALES - SALUD,NO DEFINIDO,NO DEFINIDO,NO APLICA,,,2021,Cuarto Trimestre,,,,SERVICIOS DE LA ADMINISTRACION PUBLICA RELACIONADOS CON LA SALUD,INGRESOS CORRIENTES DE LIBRE DESTINACION,,,,,,NO APLICA,,,,,,CON SITUACION DE FONDOS,E.S.E. CENTRO DE SALUD - FLORESTA,NO DEFINIDO,16999891.0,16999891.0,16999891.0
9649392,20211201,220115276,E.S.E. Centro de Salud - Floresta,2.1.1.01.01,FACTORES CONSTITUTIVOS DE SALARIO,GASTOS,FUNCIONAMIENTO,GASTOS DE PERSONAL,PLANTA DE PERSONAL PERMANENTE,FACTORES CONSTITUTIVOS DE SALARIO,No Aplica,No Aplica,No Aplica,No Aplica,No Aplica,VIGENCIA ACTUAL,ENTIDADES TERRITORIALES - SALUD,NO DEFINIDO,NO DEFINIDO,NO DEFINIDO,,,2021,Cuarto Trimestre,,,,NO DEFINIDO,NO DEFINIDO,,,,,,NO DEFINIDO,,,,,,NO DEFINIDO,NO DEFINIDO,NO DEFINIDO,97872836.0,97872836.0,97872836.0
9656412,20220301,220115276,E.S.E. Centro de Salud - Floresta,2.4.1.01.01.001,FACTORES SALARIALES COMUNES,GASTOS,GASTOS DE OPERACION COMERCIAL,GASTOS DE PERSONAL,PLANTA DE PERSONAL PERMANENTE,FACTORES CONSTITUTIVOS DE SALARIO,FACTORES SALARIALES COMUNES,No Aplica,No Aplica,No Aplica,No Aplica,VIGENCIA ACTUAL,ENTIDADES DIFERENTES A ENTIDADES TERRITORIALES - GESTION GENERAL,NO DEFINIDO,NO DEFINIDO,NO DEFINIDO,,,2022,Primer Trimestre,,,,NO DEFINIDO,NO DEFINIDO,,,,,,NO DEFINIDO,,,,,,NO DEFINIDO,NO DEFINIDO,NO DEFINIDO,47336499.0,36755415.0,36755415.0
9672108,20230601,220115276,E.S.E. Centro de Salud - Floresta,2.4.1.01.01,FACTORES CONSTITUTIVOS DE SALARIO,GASTOS,GASTOS DE OPERACION COMERCIAL,GASTOS DE PERSONAL,PLANTA DE PERSONAL PERMANENTE,FACTORES CONSTITUTIVOS DE SALARIO,No Aplica,No Aplica,No Aplica,No Aplica,No Aplica,VIGENCIA ACTUAL,ENTIDADES DIFERENTES A ENTIDADES TERRITORIALES - UNIDAD DE SALUD,NO DEFINIDO,NO DEFINIDO,NO DEFINIDO,,,2023,Segundo Trimestre,,,,NO DEFINIDO,NO DEFINIDO,,,,,,NO DEFINIDO,,,,,,NO DEFINIDO,NO DEFINIDO,NO DEFINIDO,100147873.0,100147873.0,100147873.0
9673513,20210901,220115276,E.S.E. Centro de Salud - Floresta,2.1.1.01.02.003,APORTES DE CESANTIAS,GASTOS,FUNCIONAMIENTO,GASTOS DE PERSONAL,PLANTA DE PERSONAL PERMANENTE,CONTRIBUCIONES INHERENTES A LA NOMINA,APORTES DE CESANTIAS,No Aplica,No Aplica,No Aplica,No Aplica,VIGENCIA ACTUAL,ENTIDADES TERRITORIALES - SALUD,NO DEFINIDO,NO DEFINIDO,NO APLICA,,,2021,Tercer Trimestre,,,,NO APLICA,NO APLICA,,,,,,NO APLICA,,,,,,CON SITUACION DE FONDOS,E.S.E. CENTRO DE SALUD - FLORESTA,NO DEFINIDO,3805243.0,3805243.0,3805243.0
9675382,20220901,220115276,E.S.E. Centro de Salud - Floresta,2.3.2.01.01.003,MAQUINARIA Y EQUIPO,GASTOS,INVERSION,ADQUISICION DE BIENES Y SERVICIOS,ADQUISICION DE ACTIVOS NO FINANCIEROS,ACTIVOS FIJOS,MAQUINARIA Y EQUIPO,No Aplica,No Aplica,No Aplica,No Aplica,VIGENCIA ACTUAL,ENTIDADES DIFERENTES A ENTIDADES TERRITORIALES - GESTION GENERAL,NO DEFINIDO,NO DEFINIDO,NO DEFINIDO,,,2022,Tercer Trimestre,,,,NO DEFINIDO,NO DEFINIDO,,,,,,NO DEFINIDO,,,,,,NO DEFINIDO,NO DEFINIDO,NO DEFINIDO,25216871.0,7224371.0,7224371.0
9681400,20220601,220115276,E.S.E. Centro de Salud - Floresta,2.3.2,ADQUISICION DE BIENES Y SERVICIOS,GASTOS,INVERSION,ADQUISICION DE BIENES Y SERVICIOS,No Aplica,No Aplica,No Aplica,No Aplica,No Aplica,No Aplica,No Aplica,VIGENCIA ACTUAL,ENTIDADES DIFERENTES A ENTIDADES TERRITORIALES - GESTION GENERAL,NO DEFINIDO,NO DEFINIDO,NO DEFINIDO,,,2022,Segundo Trimestre,,,,NO DEFINIDO,NO DEFINIDO,,,,,,NO DEFINIDO,,,,,,NO DEFINIDO,NO DEFINIDO,NO DEFINIDO,9026799.0,9026799.0,9026799.0
9681570,20210601,220115276,E.S.E. Centro de Salud - Floresta,2.1.1.01.01.001.08,PRESTACIONES SOCIALES,GASTOS,FUNCIONAMIENTO,GASTOS DE PERSONAL,PLANTA DE PERSONAL PERMANENTE,FACTORES CONSTITUTIVOS DE SALARIO,FACTORES SALARIALES COMUNES,PRESTACIONES SOCIALES,No Aplica,No Aplica,No Aplica,VIGENCIA ACTUAL,ENTIDADES DIFERENTES A ENTIDADES TERRITORIALES - UNIDAD DE SALUD,NO DEFINIDO,NO DEFINIDO,NO DEFINIDO,,,2021,Segundo Trimestre,,,,NO DEFINIDO,NO DEFINIDO,,,,,,NO DEFINIDO,,,,,,NO DEFINIDO,NO DEFINIDO,NO DEFINIDO,5096266.0,5096266.0,5096266.0
9688174,20210901,220115276,E.S.E. Centro de Salud - Floresta,2.1.1.01.02.001,APORTES A LA SEGURIDAD SOCIAL EN PENSIONES,GASTOS,FUNCIONAMIENTO,GASTOS DE PERSONAL,PLANTA DE PERSONAL PERMANENTE,CONTRIBUCIONES INHERENTES A LA NOMINA,APORTES A LA SEGURIDAD SOCIAL EN PENSIONES,No Aplica,No Aplica,No Aplica,No Aplica,VIGENCIA ACTUAL,ENTIDADES TERRITORIALES - SALUD,NO DEFINIDO,NO DEFINIDO,NO APLICA,,,2021,Tercer Trimestre,,,,NO APLICA,NO APLICA,,,,,,NO APLICA,,,,,,CON SITUACION DE FONDOS,E.S.E. CENTRO DE SALUD - FLORESTA,NO DEFINIDO,16016903.0,16016903.0,16016903.0
9688576,20221201,220115276,E.S.E. Centro de Salud - Floresta,2.1.2.01.01,ACTIVOS FIJOS,GASTOS,FUNCIONAMIENTO,ADQUISICION DE BIENES Y SERVICIOS,ADQUISICION DE ACTIVOS NO FINANCIEROS,ACTIVOS FIJOS,No Aplica,No Aplica,No Aplica,No Aplica,No Aplica,VIGENCIA ACTUAL,ENTIDADES DIFERENTES A ENTIDADES TERRITORIALES - GESTION GENERAL,NO DEFINIDO,NO DEFINIDO,NO DEFINIDO,,,2022,Cuarto Trimestre,,,,NO DEFINIDO,NO DEFINIDO,,,,,,NO DEFINIDO,,,,,,NO DEFINIDO,NO DEFINIDO,NO DEFINIDO,21965760.0,21965760.0,21965760.0
9689830,20230601,220115276,E.S.E. Centro de Salud - Floresta,2.1,FUNCIONAMIENTO,GASTOS,FUNCIONAMIENTO,No Aplica,No Aplica,No Aplica,No Aplica,No Aplica,No Aplica,No Aplica,No Aplica,VIGENCIA ACTUAL,ENTIDADES DIFERENTES A ENTIDADES TERRITORIALES - UNIDAD DE SALUD,NO DEFINIDO,NO DEFINIDO,NO DEFINIDO,,,2023,Segundo Trimestre,,,,NO DEFINIDO,NO DEFINIDO,,,,,,NO DEFINIDO,,,,,,NO DEFINIDO,NO DEFINIDO,NO DEFINIDO,343865837.0,177112035.0,177112035.0
9694687,20230301,220115276,E.S.E. Centro de Salud - Floresta,2.1,FUNCIONAMIENTO,GASTOS,FUNCIONAMIENTO,No Aplica,No Aplica,No Aplica,No Aplica,No Aplica,No Aplica,No Aplica,No Aplica,VIGENCIA ACTUAL,ENTIDADES TERRITORIALES - SALUD,NO DEFINIDO,NO DEFINIDO,NO DEFINIDO,,,2023,Primer Trimestre,,,,NO DEFINIDO,NO DEFINIDO,,,,,,NO DEFINIDO,,,,,,NO DEFINIDO,NO DEFINIDO,NO DEFINIDO,113545535.0,53585749.0,53585749.0
9702052,20230301,220115276,E.S.E. Centro de Salud - Floresta,2.4.1.01.01,FACTORES CONSTITUTIVOS DE SALARIO,GASTOS,GASTOS DE OPERACION COMERCIAL,GASTOS DE PERSONAL,PLANTA DE PERSONAL PERMANENTE,FACTORES CONSTITUTIVOS DE SALARIO,No Aplica,No Aplica,No Aplica,No Aplica,No Aplica,VIGENCIA ACTUAL,ENTIDADES TERRITORIALES - SALUD,NO DEFINIDO,NO DEFINIDO,NO DEFINIDO,,,2023,Primer Trimestre,,,,NO DEFINIDO,NO DEFINIDO,,,,,,NO DEFINIDO,,,,,,NO DEFINIDO,NO DEFINIDO,NO DEFINIDO,42099367.0,42099367.0,42099367.0
9708392,20230301,220115276,E.S.E. Centro de Salud - Floresta,2.4.1.01.03.001,PRESTACIONES SOCIALES,GASTOS,GASTOS DE OPERACION COMERCIAL,GASTOS DE PERSONAL,PLANTA DE PERSONAL PERMANENTE,REMUNERACIONES NO CONSTITUTIVAS DE FACTOR SALARIAL,PRESTACIONES SOCIALES,No Aplica,No Aplica,No Aplica,No Aplica,VIGENCIA ACTUAL,ENTIDADES TERRITORIALES - SALUD,NO DEFINIDO,NO DEFINIDO,NO DEFINIDO,,,2023,Primer Trimestre,,,,NO DEFINIDO,NO DEFINIDO,,,,,,NO DEFINIDO,,,,,,NO DEFINIDO,NO DEFINIDO,NO DEFINIDO,3488355.0,3488355.0,3488355.0
9721783,20220601,220115276,E.S.E. Centro de Salud - Floresta,2.4.1.01.02.004,APORTES A CAJAS DE COMPENSACION FAMILIAR,GASTOS,GASTOS DE OPERACION COMERCIAL,GASTOS DE PERSONAL,PLANTA DE PERSONAL PERMANENTE,CONTRIBUCIONES INHERENTES A LA NOMINA,APORTES A CAJAS DE COMPENSACION FAMILIAR,No Aplica,No Aplica,No Aplica,No Aplica,VIGENCIA ACTUAL,ENTIDADES DIFERENTES A ENTIDADES TERRITORIALES - GESTION GENERAL,NO DEFINIDO,NO DEFINIDO,NO APLICA,,,2022,Segundo Trimestre,,,,NO APLICA,INGRESOS CORRIENTES DE LIBRE DESTINACION,,,,,,NO APLICA,,,,,,CON SITUACION DE FONDOS,NO APLICA,NO DEFINIDO,2883280.0,2883280.0,2883280.0
9730201,20221201,220115276,E.S.E. Centro de Salud - Floresta,2.4.1.01.01.001.08,PRESTACIONES SOCIALES,GASTOS,GASTOS DE OPERACION COMERCIAL,GASTOS DE PERSONAL,PLANTA DE PERSONAL PERMANENTE,FACTORES CONSTITUTIVOS DE SALARIO,FACTORES SALARIALES COMUNES,PRESTACIONES SOCIALES,No Aplica,No Aplica,No Aplica,VIGENCIA ACTUAL,ENTIDADES DIFERENTES A ENTIDADES TERRITORIALES - GESTION GENERAL,NO DEFINIDO,NO DEFINIDO,NO DEFINIDO,,,2022,Cuarto Trimestre,,,,NO DEFINIDO,NO DEFINIDO,,,,,,NO DEFINIDO,,,,,,NO DEFINIDO,NO DEFINIDO,NO DEFINIDO,19792780.0,19792780.0,19792780.0
9730543,20211201,220115276,E.S.E. Centro de Salud - Floresta,2.1.2.02.01.003,"OTROS BIENES TRANSPORTABLES EXCEPTO PRODUCTOS METALICOS, MAQUINARIA Y EQUIPO",GASTOS,FUNCIONAMIENTO,ADQUISICION DE BIENES Y SERVICIOS,ADQUISICIONES DIFERENTES DE ACTIVOS,MATERIALES Y SUMINISTROS,"OTROS BIENES TRANSPORTABLES EXCEPTO PRODUCTOS METALICOS, MAQUINARIA Y EQUIPO",No Aplica,No Aplica,No Aplica,No Aplica,VIGENCIA ACTUAL,ENTIDADES TERRITORIALES - SALUD,NO DEFINIDO,NO DEFINIDO,NO APLICA,,,2021,Cuarto Trimestre,,,,SERVICIOS DE LA ADMINISTRACION PUBLICA RELACIONADOS CON LA SALUD,INGRESOS CORRIENTES DE LIBRE DESTINACION,,,,,,NO APLICA,,,,,,CON SITUACION DE FONDOS,E.S.E. CENTRO DE SALUD - FLORESTA,NO DEFINIDO,22999015.0,22999015.0,22999015.0
9733894,20230601,220115276,E.S.E. Centro de Salud - Floresta,2.1.2.02.01.003,"OTROS BIENES TRANSPORTABLES EXCEPTO PRODUCTOS METALICOS, MAQUINARIA Y EQUIPO",GASTOS,FUNCIONAMIENTO,ADQUISICION DE BIENES Y SERVICIOS,ADQUISICIONES DIFERENTES DE ACTIVOS,MATERIALES Y SUMINISTROS,"OTROS BIENES TRANSPORTABLES EXCEPTO PRODUCTOS METALICOS, MAQUINARIA Y EQUIPO",No Aplica,No Aplica,No Aplica,No Aplica,VIGENCIA ACTUAL,ENTIDADES DIFERENTES A ENTIDADES TERRITORIALES - UNIDAD DE SALUD,NO DEFINIDO,NO DEFINIDO,SALUD Y PROTECCION SOCIAL,,,2023,Segundo Trimestre,,,,ARTICULOS N C P DE CARTON Y PAPEL,INGRESOS CORRIENTES DE LIBRE DESTINACION,,,,,,NO APLICA,,,,,,CON SITUACION DE FONDOS,NO APLICA,NO DEFINIDO,12681382.0,12681382.0,12681382.0
9738503,20220301,220115276,E.S.E. Centro de Salud - Floresta,2.4.1.01.03.001.02,INDEMNIZACION POR VACACIONES,GASTOS,GASTOS DE OPERACION COMERCIAL,GASTOS DE PERSONAL,PLANTA DE PERSONAL PERMANENTE,REMUNERACIONES NO CONSTITUTIVAS DE FACTOR SALARIAL,PRESTACIONES SOCIALES,INDEMNIZACION POR VACACIONES,No Aplica,No Aplica,No Aplica,VIGENCIA ACTUAL,ENTIDADES DIFERENTES A ENTIDADES TERRITORIALES - GESTION GENERAL,NO DEFINIDO,NO DEFINIDO,NO APLICA,,,2022,Primer Trimestre,,,,NO APLICA,INGRESOS CORRIENTES DE LIBRE DESTINACION,,,,,,NO APLICA,,,,,,CON SITUACION DE FONDOS,NO APLICA,NO DEFINIDO,893036.0,893036.0,893036.0
9747765,20230601,220115276,E.S.E. Centro de Salud - Floresta,2.4.5.02.09,"SERVICIOS PARA LA COMUNIDAD, SOCIALES Y PERSONALES",GASTOS,GASTOS DE OPERACION COMERCIAL,GASTOS DE COMERCIALIZACION Y PRODUCCION,ADQUISICION DE SERVICIOS,"SERVICIOS PARA LA COMUNIDAD, SOCIALES Y PERSONALES",No Aplica,No Aplica,No Aplica,No Aplica,No Aplica,VIGENCIA ACTUAL,ENTIDADES DIFERENTES A ENTIDADES TERRITORIALES - UNIDAD DE SALUD,NO DEFINIDO,NO DEFINIDO,SALUD Y PROTECCION SOCIAL,,,2023,Segundo Trimestre,,,,SERVICIOS EJECUTIVOS DE LA ADMINISTRACION PUBLICA,INGRESOS CORRIENTES DE DESTINACION ESPECIFICA POR ACTO ADMINISTRATIVO,,,,,,NO APLICA,,,,,,CON SITUACION DE FONDOS,NO APLICA,NO DEFINIDO,16000000.0,0.0,0.0
9751745,20220901,220115276,E.S.E. Centro de Salud - Floresta,2,GASTOS,GASTOS,No Aplica,No Aplica,No Aplica,No Aplica,No Aplica,No Aplica,No Aplica,No Aplica,No Aplica,VIGENCIA ACTUAL,ENTIDADES DIFERENTES A ENTIDADES TERRITORIALES - GESTION GENERAL,NO DEFINIDO,NO DEFINIDO,NO DEFINIDO,,,2022,Tercer Trimestre,,,,NO DEFINIDO,NO DEFINIDO,,,,,,NO DEFINIDO,,,,,,NO DEFINIDO,NO DEFINIDO,NO DEFINIDO,734133850.0,566203686.0,566203686.0
9753533,20211201,220115276,E.S.E. Centro de Salud - Floresta,2.1.1.01.03.001.01,VACACIONES,GASTOS,FUNCIONAMIENTO,GASTOS DE PERSONAL,PLANTA DE PERSONAL PERMANENTE,REMUNERACIONES NO CONSTITUTIVAS DE FACTOR SALARIAL,PRESTACIONES SOCIALES,VACACIONES,No Aplica,No Aplica,No Aplica,VIGENCIA ACTUAL,ENTIDADES TERRITORIALES - SALUD,NO DEFINIDO,NO DEFINIDO,NO APLICA,,,2021,Cuarto Trimestre,,,,NO APLICA,INGRESOS CORRIENTES DE LIBRE DESTINACION,,,,,,NO APLICA,,,,,,CON SITUACION DE FONDOS,E.S.E. CENTRO DE SALUD - FLORESTA,NO DEFINIDO,5960451.0,5960451.0,5960451.0
9778728,20220301,220115276,E.S.E. Centro de Salud - Floresta,2.1.1.01.02.001,APORTES A LA SEGURIDAD SOCIAL EN PENSIONES,GASTOS,FUNCIONAMIENTO,GASTOS DE PERSONAL,PLANTA DE PERSONAL PERMANENTE,CONTRIBUCIONES INHERENTES A LA NOMINA,APORTES A LA SEGURIDAD SOCIAL EN PENSIONES,No Aplica,No Aplica,No Aplica,No Aplica,VIGENCIA ACTUAL,ENTIDADES DIFERENTES A ENTIDADES TERRITORIALES - GESTION GENERAL,NO DEFINIDO,NO DEFINIDO,NO APLICA,,,2022,Primer Trimestre,,,,NO APLICA,INGRESOS CORRIENTES DE LIBRE DESTINACION,,,,,,NO APLICA,,,,,,CON SITUACION DE FONDOS,E.S.E. CENTRO DE SALUD - FLORESTA,NO DEFINIDO,2039851.0,2039851.0,2039851.0
9786426,20230601,220115276,E.S.E. Centro de Salud - Floresta,2.3.2.01.01.003.06.01,APARATOS MEDICOS Y QUIRURGICOS Y APARATOS ORTESICOS Y PROTESICOS,GASTOS,INVERSION,ADQUISICION DE BIENES Y SERVICIOS,ADQUISICION DE ACTIVOS NO FINANCIEROS,ACTIVOS FIJOS,MAQUINARIA Y EQUIPO,"APARATOS MEDICOS, INSTRUMENTOS OPTICOS Y DE PRECISION, RELOJES",APARATOS MEDICOS Y QUIRURGICOS Y APARATOS ORTESICOS Y PROTESICOS,No Aplica,No Aplica,VIGENCIA ACTUAL,ENTIDADES DIFERENTES A ENTIDADES TERRITORIALES - UNIDAD DE SALUD,NO DEFINIDO,NO DEFINIDO,SALUD Y PROTECCION SOCIAL,,,2023,Segundo Trimestre,,,,NO APLICA,INGRESOS CORRIENTES DE LIBRE DESTINACION,,,,,,NO APLICA,,,,,,CON SITUACION DE FONDOS,NO APLICA,NO DEFINIDO,14800000.0,14800000.0,14800000.0
9793768,20211201,220115276,E.S.E. Centro de Salud - Floresta,2.1.2.02.01,MATERIALES Y SUMINISTROS,GASTOS,FUNCIONAMIENTO,ADQUISICION DE BIENES Y SERVICIOS,ADQUISICIONES DIFERENTES DE ACTIVOS,MATERIALES Y SUMINISTROS,No Aplica,No Aplica,No Aplica,No Aplica,No Aplica,VIGENCIA ACTUAL,ENTIDADES TERRITORIALES - SALUD,NO DEFINIDO,NO DEFINIDO,NO DEFINIDO,,,2021,Cuarto Trimestre,,,,NO DEFINIDO,NO DEFINIDO,,,,,,NO DEFINIDO,,,,,,NO DEFINIDO,NO DEFINIDO,NO DEFINIDO,39998906.0,39998906.0,39998906.0
9794628,20221201,220115276,E.S.E. Centro de Salud - Floresta,2.1.1.01.03.001,PRESTACIONES SOCIALES,GASTOS,FUNCIONAMIENTO,GASTOS DE PERSONAL,PLANTA DE PERSONAL PERMANENTE,REMUNERACIONES NO CONSTITUTIVAS DE FACTOR SALARIAL,PRESTACIONES SOCIALES,No Aplica,No Aplica,No Aplica,No Aplica,VIGENCIA ACTUAL,ENTIDADES DIFERENTES A ENTIDADES TERRITORIALES - GESTION GENERAL,NO DEFINIDO,NO DEFINIDO,NO DEFINIDO,,,2022,Cuarto Trimestre,,,,NO DEFINIDO,NO DEFINIDO,,,,,,NO DEFINIDO,,,,,,NO DEFINIDO,NO DEFINIDO,NO DEFINIDO,6082990.0,6082990.0,6082990.0
9804327,20210901,220115276,E.S.E. Centro de Salud - Floresta,2.1.1.01.01.001.08.02,PRIMA DE VACACIONES,GASTOS,FUNCIONAMIENTO,GASTOS DE PERSONAL,PLANTA DE PERSONAL PERMANENTE,FACTORES CONSTITUTIVOS DE SALARIO,FACTORES SALARIALES COMUNES,PRESTACIONES SOCIALES,PRIMA DE VACACIONES,No Aplica,No Aplica,VIGENCIA ACTUAL,ENTIDADES TERRITORIALES - SALUD,NO DEFINIDO,NO DEFINIDO,NO APLICA,,,2021,Tercer Trimestre,,,,NO APLICA,NO APLICA,,,,,,NO APLICA,,,,,,CON SITUACION DE FONDOS,NO APLICA,NO DEFINIDO,5374411.0,5374411.0,5374411.0
9805451,20210301,220115276,E.S.E. Centro de Salud - Floresta,2.1.1.01.02.004,APORTES A CAJAS DE COMPENSACION FAMILIAR,GASTOS,FUNCIONAMIENTO,GASTOS DE PERSONAL,PLANTA DE PERSONAL PERMANENTE,CONTRIBUCIONES INHERENTES A LA NOMINA,APORTES A CAJAS DE COMPENSACION FAMILIAR,No Aplica,No Aplica,No Aplica,No Aplica,VIGENCIA ACTUAL,ENTIDADES DIFERENTES A ENTIDADES TERRITORIALES - UNIDAD DE SALUD,NO DEFINIDO,NO DEFINIDO,NO APLICA,,,2021,Primer Trimestre,,,,NO APLICA,1.2.1.0.00 - INGRESOS CORRIENTES DE LIBRE DESTINACION,,,,,,NO APLICA,,,,,,CON SITUACION DE FONDOS,NO APLICA,NO DEFINIDO,1987600.0,1987600.0,1987600.0
9809332,20220901,220115276,E.S.E. Centro de Salud - Floresta,2.1.2,ADQUISICION DE BIENES Y SERVICIOS,GASTOS,FUNCIONAMIENTO,ADQUISICION DE BIENES Y SERVICIOS,No Aplica,No Aplica,No Aplica,No Aplica,No Aplica,No Aplica,No Aplica,VIGENCIA ACTUAL,ENTIDADES DIFERENTES A ENTIDADES TERRITORIALES - GESTION GENERAL,NO DEFINIDO,NO DEFINIDO,NO DEFINIDO,,,2022,Tercer Trimestre,,,,NO DEFINIDO,NO DEFINIDO,,,,,,NO DEFINIDO,,,,,,NO DEFINIDO,NO DEFINIDO,NO DEFINIDO,213645220.0,139074956.0,139074956.0
9809536,20210301,220115276,E.S.E. Centro de Salud - Floresta,2.1.1.01.01.001,FACTORES SALARIALES COMUNES,GASTOS,FUNCIONAMIENTO,GASTOS DE PERSONAL,PLANTA DE PERSONAL PERMANENTE,FACTORES CONSTITUTIVOS DE SALARIO,FACTORES SALARIALES COMUNES,No Aplica,No Aplica,No Aplica,No Aplica,VIGENCIA ACTUAL,ENTIDADES DIFERENTES A ENTIDADES TERRITORIALES - UNIDAD DE SALUD,NO DEFINIDO,NO DEFINIDO,NO DEFINIDO,,,2021,Primer Trimestre,,,,NO DEFINIDO,NO DEFINIDO,,,,,,NO DEFINIDO,,,,,,NO DEFINIDO,NO DEFINIDO,NO DEFINIDO,62431561.0,51802120.0,51802120.0
9811599,20211201,220115276,E.S.E. Centro de Salud - Floresta,2.1.1.01.01.001.06,PRIMA DE SERVICIO,GASTOS,FUNCIONAMIENTO,GASTOS DE PERSONAL,PLANTA DE PERSONAL PERMANENTE,FACTORES CONSTITUTIVOS DE SALARIO,FACTORES SALARIALES COMUNES,PRIMA DE SERVICIO,No Aplica,No Aplica,No Aplica,VIGENCIA ACTUAL,ENTIDADES TERRITORIALES - SALUD,NO DEFINIDO,NO DEFINIDO,NO APLICA,,,2021,Cuarto Trimestre,,,,NO APLICA,INGRESOS CORRIENTES DE LIBRE DESTINACION,,,,,,NO APLICA,,,,,,CON SITUACION DE FONDOS,NO APLICA,NO DEFINIDO,8340829.0,8340829.0,8340829.0
9812279,20210601,220115276,E.S.E. Centro de Salud - Floresta,2.1.1.01.02.005,APORTES GENERALES AL SISTEMA DE RIESGOS LABORALES,GASTOS,FUNCIONAMIENTO,GASTOS DE PERSONAL,PLANTA DE PERSONAL PERMANENTE,CONTRIBUCIONES INHERENTES A LA NOMINA,APORTES GENERALES AL SISTEMA DE RIESGOS LABORALES,No Aplica,No Aplica,No Aplica,No Aplica,VIGENCIA ACTUAL,ENTIDADES DIFERENTES A ENTIDADES TERRITORIALES - UNIDAD DE SALUD,NO DEFINIDO,NO DEFINIDO,NO APLICA,,,2021,Segundo Trimestre,,,,NO APLICA,1.2.1.0.00 - INGRESOS CORRIENTES DE LIBRE DESTINACION,,,,,,NO APLICA,,,,,,CON SITUACION DE FONDOS,NO APLICA,NO DEFINIDO,2196800.0,2196800.0,2196800.0
9813376,20230601,220115276,E.S.E. Centro de Salud - Floresta,2.3.2.01.01,ACTIVOS FIJOS,GASTOS,INVERSION,ADQUISICION DE BIENES Y SERVICIOS,ADQUISICION DE ACTIVOS NO FINANCIEROS,ACTIVOS FIJOS,No Aplica,No Aplica,No Aplica,No Aplica,No Aplica,VIGENCIA ACTUAL,ENTIDADES DIFERENTES A ENTIDADES TERRITORIALES - UNIDAD DE SALUD,NO DEFINIDO,NO DEFINIDO,NO DEFINIDO,,,2023,Segundo Trimestre,,,,NO DEFINIDO,NO DEFINIDO,,,,,,NO DEFINIDO,,,,,,NO DEFINIDO,NO DEFINIDO,NO DEFINIDO,20330000.0,20330000.0,20330000.0
9813388,20221201,220115276,E.S.E. Centro de Salud - Floresta,2.1.1.01.01.001.01,SUELDO BASICO,GASTOS,FUNCIONAMIENTO,GASTOS DE PERSONAL,PLANTA DE PERSONAL PERMANENTE,FACTORES CONSTITUTIVOS DE SALARIO,FACTORES SALARIALES COMUNES,SUELDO BASICO,No Aplica,No Aplica,No Aplica,VIGENCIA ACTUAL,ENTIDADES DIFERENTES A ENTIDADES TERRITORIALES - GESTION GENERAL,NO DEFINIDO,NO DEFINIDO,NO APLICA,,,2022,Cuarto Trimestre,,,,NO APLICA,INGRESOS CORRIENTES DE LIBRE DESTINACION,,,,,,NO APLICA,,,,,,CON SITUACION DE FONDOS,NO APLICA,NO DEFINIDO,77189509.0,77189509.0,77189509.0
9816977,20230601,220115276,E.S.E. Centro de Salud - Floresta,2.1.1.01.02.001,APORTES A LA SEGURIDAD SOCIAL EN PENSIONES,GASTOS,FUNCIONAMIENTO,GASTOS DE PERSONAL,PLANTA DE PERSONAL PERMANENTE,CONTRIBUCIONES INHERENTES A LA NOMINA,APORTES A LA SEGURIDAD SOCIAL EN PENSIONES,No Aplica,No Aplica,No Aplica,No Aplica,VIGENCIA ACTUAL,ENTIDADES DIFERENTES A ENTIDADES TERRITORIALES - UNIDAD DE SALUD,NO DEFINIDO,NO DEFINIDO,SALUD Y PROTECCION SOCIAL,,,2023,Segundo Trimestre,,,,NO APLICA,INGRESOS CORRIENTES DE LIBRE DESTINACION,,,,,,NO APLICA,,,,,,CON SITUACION DE FONDOS,E.S.E. CENTRO DE SALUD - FLORESTA,NO DEFINIDO,5682439.0,5682439.0,5682439.0
9821291,20230301,220115276,E.S.E. Centro de Salud - Floresta,2.1.1.01.01,FACTORES CONSTITUTIVOS DE SALARIO,GASTOS,FUNCIONAMIENTO,GASTOS DE PERSONAL,PLANTA DE PERSONAL PERMANENTE,FACTORES CONSTITUTIVOS DE SALARIO,No Aplica,No Aplica,No Aplica,No Aplica,No Aplica,VIGENCIA ACTUAL,ENTIDADES TERRITORIALES - SALUD,NO DEFINIDO,NO DEFINIDO,NO DEFINIDO,,,2023,Primer Trimestre,,,,NO DEFINIDO,NO DEFINIDO,,,,,,NO DEFINIDO,,,,,,NO DEFINIDO,NO DEFINIDO,NO DEFINIDO,20200087.0,20200087.0,20200087.0
9831756,20221201,220115276,E.S.E. Centro de Salud - Floresta,2.4.1.01,PLANTA DE PERSONAL PERMANENTE,GASTOS,GASTOS DE OPERACION COMERCIAL,GASTOS DE PERSONAL,PLANTA DE PERSONAL PERMANENTE,No Aplica,No Aplica,No Aplica,No Aplica,No Aplica,No Aplica,VIGENCIA ACTUAL,ENTIDADES DIFERENTES A ENTIDADES TERRITORIALES - GESTION GENERAL,NO DEFINIDO,NO DEFINIDO,NO DEFINIDO,,,2022,Cuarto Trimestre,,,,NO DEFINIDO,NO DEFINIDO,,,,,,NO DEFINIDO,,,,,,NO DEFINIDO,NO DEFINIDO,NO DEFINIDO,267182250.0,267182250.0,267182250.0
9834187,20230601,220115276,E.S.E. Centro de Salud - Floresta,2.1.2.02.01.004,PRODUCTOS METALICOS Y PAQUETES DE SOFTWARE,GASTOS,FUNCIONAMIENTO,ADQUISICION DE BIENES Y SERVICIOS,ADQUISICIONES DIFERENTES DE ACTIVOS,MATERIALES Y SUMINISTROS,PRODUCTOS METALICOS Y PAQUETES DE SOFTWARE,No Aplica,No Aplica,No Aplica,No Aplica,VIGENCIA ACTUAL,ENTIDADES DIFERENTES A ENTIDADES TERRITORIALES - UNIDAD DE SALUD,NO DEFINIDO,NO DEFINIDO,SALUD Y PROTECCION SOCIAL,,,2023,Segundo Trimestre,,,,PAQUETES DE SOFTWARE DE ADMINISTRACION DE BASES DE DATOS,INGRESOS CORRIENTES DE LIBRE DESTINACION,,,,,,NO APLICA,,,,,,CON SITUACION DE FONDOS,NO APLICA,NO DEFINIDO,19687840.0,7969355.0,7969355.0
9834388,20230301,220115276,E.S.E. Centro de Salud - Floresta,2.1.1.01.02.006,APORTES AL ICBF,GASTOS,FUNCIONAMIENTO,GASTOS DE PERSONAL,PLANTA DE PERSONAL PERMANENTE,CONTRIBUCIONES INHERENTES A LA NOMINA,APORTES AL ICBF,No Aplica,No Aplica,No Aplica,No Aplica,VIGENCIA ACTUAL,ENTIDADES TERRITORIALES - SALUD,NO DEFINIDO,NO DEFINIDO,NO APLICA,,,2023,Primer Trimestre,,,,NO APLICA,INGRESOS CORRIENTES DE LIBRE DESTINACION,,,,,,NO APLICA,,,,,,CON SITUACION DE FONDOS,INSTITUTO COLOMBIANO DE BIENESTAR FAMILIAR,NO DEFINIDO,381600.0,381600.0,381600.0
9842155,20220601,220115276,E.S.E. Centro de Salud - Floresta,2.1.1.01.01.001.07,BONIFICACION POR SERVICIOS PRESTADOS,GASTOS,FUNCIONAMIENTO,GASTOS DE PERSONAL,PLANTA DE PERSONAL PERMANENTE,FACTORES CONSTITUTIVOS DE SALARIO,FACTORES SALARIALES COMUNES,BONIFICACION POR SERVICIOS PRESTADOS,No Aplica,No Aplica,No Aplica,VIGENCIA ACTUAL,ENTIDADES DIFERENTES A ENTIDADES TERRITORIALES - GESTION GENERAL,NO DEFINIDO,NO DEFINIDO,NO APLICA,,,2022,Segundo Trimestre,,,,NO APLICA,INGRESOS CORRIENTES DE LIBRE DESTINACION,,,,,,NO APLICA,,,,,,CON SITUACION DE FONDOS,NO APLICA,NO DEFINIDO,1536562.0,1536562.0,1536562.0
9843727,20210301,220115276,E.S.E. Centro de Salud - Floresta,2.1.1.01,PLANTA DE PERSONAL PERMANENTE,GASTOS,FUNCIONAMIENTO,GASTOS DE PERSONAL,PLANTA DE PERSONAL PERMANENTE,No Aplica,No Aplica,No Aplica,No Aplica,No Aplica,No Aplica,VIGENCIA ACTUAL,ENTIDADES DIFERENTES A ENTIDADES TERRITORIALES - UNIDAD DE SALUD,NO DEFINIDO,NO DEFINIDO,NO DEFINIDO,,,2021,Primer Trimestre,,,,NO DEFINIDO,NO DEFINIDO,,,,,,NO DEFINIDO,,,,,,NO DEFINIDO,NO DEFINIDO,NO DEFINIDO,81060997.0,70431556.0,70431556.0
9846791,20220301,220115276,E.S.E. Centro de Salud - Floresta,2.4.1.01.02.002,APORTES A LA SEGURIDAD SOCIAL EN SALUD,GASTOS,GASTOS DE OPERACION COMERCIAL,GASTOS DE PERSONAL,PLANTA DE PERSONAL PERMANENTE,CONTRIBUCIONES INHERENTES A LA NOMINA,APORTES A LA SEGURIDAD SOCIAL EN SALUD,No Aplica,No Aplica,No Aplica,No Aplica,VIGENCIA ACTUAL,ENTIDADES DIFERENTES A ENTIDADES TERRITORIALES - GESTION GENERAL,NO DEFINIDO,NO DEFINIDO,NO APLICA,,,2022,Primer Trimestre,,,,NO APLICA,INGRESOS CORRIENTES DE LIBRE DESTINACION,,,,,,NO APLICA,,,,,,CON SITUACION DE FONDOS,E.S.E. CENTRO DE SALUD - FLORESTA,NO DEFINIDO,3043892.0,3043892.0,3043892.0
9854058,20230601,220115276,E.S.E. Centro de Salud - Floresta,2.1.2,ADQUISICION DE BIENES Y SERVICIOS,GASTOS,FUNCIONAMIENTO,ADQUISICION DE BIENES Y SERVICIOS,No Aplica,No Aplica,No Aplica,No Aplica,No Aplica,No Aplica,No Aplica,VIGENCIA ACTUAL,ENTIDADES DIFERENTES A ENTIDADES TERRITORIALES - UNIDAD DE SALUD,NO DEFINIDO,NO DEFINIDO,NO DEFINIDO,,,2023,Segundo Trimestre,,,,NO DEFINIDO,NO DEFINIDO,,,,,,NO DEFINIDO,,,,,,NO DEFINIDO,NO DEFINIDO,NO DEFINIDO,275183847.0,108430045.0,108430045.0
9869734,20210901,220115276,E.S.E. Centro de Salud - Floresta,2.1.1.01.01.001.04,SUBSIDIO DE ALIMENTACION,GASTOS,FUNCIONAMIENTO,GASTOS DE PERSONAL,PLANTA DE PERSONAL PERMANENTE,FACTORES CONSTITUTIVOS DE SALARIO,FACTORES SALARIALES COMUNES,SUBSIDIO DE ALIMENTACION,No Aplica,No Aplica,No Aplica,VIGENCIA ACTUAL,ENTIDADES TERRITORIALES - SALUD,NO DEFINIDO,NO DEFINIDO,NO APLICA,,,2021,Tercer Trimestre,,,,NO APLICA,NO APLICA,,,,,,NO APLICA,,,,,,CON SITUACION DE FONDOS,NO APLICA,NO DEFINIDO,2787858.0,2568267.0,2568267.0
9877537,20220301,220115276,E.S.E. Centro de Salud - Floresta,2.1.2.02.02,ADQUISICION DE SERVICIOS,GASTOS,FUNCIONAMIENTO,ADQUISICION DE BIENES Y SERVICIOS,ADQUISICIONES DIFERENTES DE ACTIVOS,ADQUISICION DE SERVICIOS,No Aplica,No Aplica,No Aplica,No Aplica,No Aplica,VIGENCIA ACTUAL,ENTIDADES DIFERENTES A ENTIDADES TERRITORIALES - GESTION GENERAL,NO DEFINIDO,NO DEFINIDO,NO DEFINIDO,,,2022,Primer Trimestre,,,,NO DEFINIDO,NO DEFINIDO,,,,,,NO DEFINIDO,,,,,,NO DEFINIDO,NO DEFINIDO,NO DEFINIDO,78652355.0,30371932.0,30371932.0
9877973,20210301,220115276,E.S.E. Centro de Salud - Floresta,2.1.1.01.02.005,APORTES GENERALES AL SISTEMA DE RIESGOS LABORALES,GASTOS,FUNCIONAMIENTO,GASTOS DE PERSONAL,PLANTA DE PERSONAL PERMANENTE,CONTRIBUCIONES INHERENTES A LA NOMINA,APORTES GENERALES AL SISTEMA DE RIESGOS LABORALES,No Aplica,No Aplica,No Aplica,No Aplica,VIGENCIA ACTUAL,ENTIDADES DIFERENTES A ENTIDADES TERRITORIALES - UNIDAD DE SALUD,NO DEFINIDO,NO DEFINIDO,NO APLICA,,,2021,Primer Trimestre,,,,NO APLICA,1.2.1.0.00 - INGRESOS CORRIENTES DE LIBRE DESTINACION,,,,,,NO APLICA,,,,,,CON SITUACION DE FONDOS,NO APLICA,NO DEFINIDO,1176900.0,1176900.0,1176900.0
9879446,20220901,220115276,E.S.E. Centro de Salud - Floresta,2.1.1.01.01.001.01,SUELDO BASICO,GASTOS,FUNCIONAMIENTO,GASTOS DE PERSONAL,PLANTA DE PERSONAL PERMANENTE,FACTORES CONSTITUTIVOS DE SALARIO,FACTORES SALARIALES COMUNES,SUELDO BASICO,No Aplica,No Aplica,No Aplica,VIGENCIA ACTUAL,ENTIDADES DIFERENTES A ENTIDADES TERRITORIALES - GESTION GENERAL,NO DEFINIDO,NO DEFINIDO,NO APLICA,,,2022,Tercer Trimestre,,,,NO APLICA,INGRESOS CORRIENTES DE LIBRE DESTINACION,,,,,,NO APLICA,,,,,,CON SITUACION DE FONDOS,E.S.E. CENTRO DE SALUD - FLORESTA,NO DEFINIDO,60223834.0,58258684.0,58258684.0
9880143,20211201,220115276,E.S.E. Centro de Salud - Floresta,2.1.1.01.03.001.02,INDEMNIZACION POR VACACIONES,GASTOS,FUNCIONAMIENTO,GASTOS DE PERSONAL,PLANTA DE PERSONAL PERMANENTE,REMUNERACIONES NO CONSTITUTIVAS DE FACTOR SALARIAL,PRESTACIONES SOCIALES,INDEMNIZACION POR VACACIONES,No Aplica,No Aplica,No Aplica,VIGENCIA ACTUAL,ENTIDADES TERRITORIALES - SALUD,NO DEFINIDO,NO DEFINIDO,NO APLICA,,,2021,Cuarto Trimestre,,,,NO APLICA,INGRESOS CORRIENTES DE LIBRE DESTINACION,,,,,,NO APLICA,,,,,,CON SITUACION DE FONDOS,E.S.E. CENTRO DE SALUD - FLORESTA,NO DEFINIDO,5513757.0,5513757.0,5513757.0
9880951,20230601,220115276,E.S.E. Centro de Salud - Floresta,2.1.1.01.03,REMUNERACIONES NO CONSTITUTIVAS DE FACTOR SALARIAL,GASTOS,FUNCIONAMIENTO,GASTOS DE PERSONAL,PLANTA DE PERSONAL PERMANENTE,REMUNERACIONES NO CONSTITUTIVAS DE FACTOR SALARIAL,No Aplica,No Aplica,No Aplica,No Aplica,No Aplica,VIGENCIA ACTUAL,ENTIDADES DIFERENTES A ENTIDADES TERRITORIALES - UNIDAD DE SALUD,NO DEFINIDO,NO DEFINIDO,NO DEFINIDO,,,2023,Segundo Trimestre,,,,NO DEFINIDO,NO DEFINIDO,,,,,,NO DEFINIDO,,,,,,NO DEFINIDO,NO DEFINIDO,NO DEFINIDO,3266289.0,3266289.0,3266289.0
9893683,20220301,220115276,E.S.E. Centro de Salud - Floresta,2.1.1.01.01.001.04,SUBSIDIO DE ALIMENTACION,GASTOS,FUNCIONAMIENTO,GASTOS DE PERSONAL,PLANTA DE PERSONAL PERMANENTE,FACTORES CONSTITUTIVOS DE SALARIO,FACTORES SALARIALES COMUNES,SUBSIDIO DE ALIMENTACION,No Aplica,No Aplica,No Aplica,VIGENCIA ACTUAL,ENTIDADES DIFERENTES A ENTIDADES TERRITORIALES - GESTION GENERAL,NO DEFINIDO,NO DEFINIDO,NO APLICA,,,2022,Primer Trimestre,,,,NO APLICA,INGRESOS CORRIENTES DE LIBRE DESTINACION,,,,,,NO APLICA,,,,,,CON SITUACION DE FONDOS,NO APLICA,NO DEFINIDO,1017360.0,406944.0,406944.0
9898216,20220901,220115276,E.S.E. Centro de Salud - Floresta,2.1.1.01.03.001.03,BONIFICACION ESPECIAL DE RECREACION,GASTOS,FUNCIONAMIENTO,GASTOS DE PERSONAL,PLANTA DE PERSONAL PERMANENTE,REMUNERACIONES NO CONSTITUTIVAS DE FACTOR SALARIAL,PRESTACIONES SOCIALES,BONIFICACION ESPECIAL DE RECREACION,No Aplica,No Aplica,No Aplica,VIGENCIA ACTUAL,ENTIDADES DIFERENTES A ENTIDADES TERRITORIALES - GESTION GENERAL,NO DEFINIDO,NO DEFINIDO,NO APLICA,,,2022,Tercer Trimestre,,,,NO APLICA,INGRESOS CORRIENTES DE LIBRE DESTINACION,,,,,,NO APLICA,,,,,,CON SITUACION DE FONDOS,NO APLICA,NO DEFINIDO,245059.0,245059.0,245059.0
9905341,20220601,220115276,E.S.E. Centro de Salud - Floresta,2.4.1.01.01.001.04,SUBSIDIO DE ALIMENTACION,GASTOS,GASTOS DE OPERACION COMERCIAL,GASTOS DE PERSONAL,PLANTA DE PERSONAL PERMANENTE,FACTORES CONSTITUTIVOS DE SALARIO,FACTORES SALARIALES COMUNES,SUBSIDIO DE ALIMENTACION,No Aplica,No Aplica,No Aplica,VIGENCIA ACTUAL,ENTIDADES DIFERENTES A ENTIDADES TERRITORIALES - GESTION GENERAL,NO DEFINIDO,NO DEFINIDO,NO APLICA,,,2022,Segundo Trimestre,,,,NO APLICA,INGRESOS CORRIENTES DE LIBRE DESTINACION,,,,,,NO APLICA,,,,,,CON SITUACION DE FONDOS,E.S.E. CENTRO DE SALUD - FLORESTA,NO DEFINIDO,1730075.0,1323131.0,1323131.0
9913747,20230601,220115276,E.S.E. Centro de Salud - Floresta,2.1.2.01,ADQUISICION DE ACTIVOS NO FINANCIEROS,GASTOS,FUNCIONAMIENTO,ADQUISICION DE BIENES Y SERVICIOS,ADQUISICION DE ACTIVOS NO FINANCIEROS,No Aplica,No Aplica,No Aplica,No Aplica,No Aplica,No Aplica,VIGENCIA ACTUAL,ENTIDADES DIFERENTES A ENTIDADES TERRITORIALES - UNIDAD DE SALUD,NO DEFINIDO,NO DEFINIDO,NO DEFINIDO,,,2023,Segundo Trimestre,,,,NO DEFINIDO,NO DEFINIDO,,,,,,NO DEFINIDO,,,,,,NO DEFINIDO,NO DEFINIDO,NO DEFINIDO,4327000.0,2025000.0,2025000.0
9916029,20230301,220115276,E.S.E. Centro de Salud - Floresta,2.1.1.01.02.007,APORTES AL SENA,GASTOS,FUNCIONAMIENTO,GASTOS DE PERSONAL,PLANTA DE PERSONAL PERMANENTE,CONTRIBUCIONES INHERENTES A LA NOMINA,APORTES AL SENA,No Aplica,No Aplica,No Aplica,No Aplica,VIGENCIA ACTUAL,ENTIDADES TERRITORIALES - SALUD,NO DEFINIDO,NO DEFINIDO,NO APLICA,,,2023,Primer Trimestre,,,,NO APLICA,INGRESOS CORRIENTES DE LIBRE DESTINACION,,,,,,NO APLICA,,,,,,CON SITUACION DE FONDOS,SERVICIO NACIONAL DE APRENDIZAJE,NO DEFINIDO,254600.0,254600.0,254600.0
9921595,20211201,220115276,E.S.E. Centro de Salud - Floresta,2.1.1.01.01.001.08,PRESTACIONES SOCIALES,GASTOS,FUNCIONAMIENTO,GASTOS DE PERSONAL,PLANTA DE PERSONAL PERMANENTE,FACTORES CONSTITUTIVOS DE SALARIO,FACTORES SALARIALES COMUNES,PRESTACIONES SOCIALES,No Aplica,No Aplica,No Aplica,VIGENCIA ACTUAL,ENTIDADES TERRITORIALES - SALUD,NO DEFINIDO,NO DEFINIDO,NO DEFINIDO,,,2021,Cuarto Trimestre,,,,NO DEFINIDO,NO DEFINIDO,,,,,,NO DEFINIDO,,,,,,NO DEFINIDO,NO DEFINIDO,NO DEFINIDO,24564551.0,24564551.0,24564551.0
9925707,20220601,220115276,E.S.E. Centro de Salud - Floresta,2.4.1.01.01.001.01,SUELDO BASICO,GASTOS,GASTOS DE OPERACION COMERCIAL,GASTOS DE PERSONAL,PLANTA DE PERSONAL PERMANENTE,FACTORES CONSTITUTIVOS DE SALARIO,FACTORES SALARIALES COMUNES,SUELDO BASICO,No Aplica,No Aplica,No Aplica,VIGENCIA ACTUAL,ENTIDADES DIFERENTES A ENTIDADES TERRITORIALES - GESTION GENERAL,NO DEFINIDO,NO DEFINIDO,NO APLICA,,,2022,Segundo Trimestre,,,,NO APLICA,INGRESOS CORRIENTES DE LIBRE DESTINACION,,,,,,NO APLICA,,,,,,CON SITUACION DE FONDOS,E.S.E. CENTRO DE SALUD - FLORESTA,NO DEFINIDO,79070200.0,72423088.0,72423088.0
9928487,20210301,220115276,E.S.E. Centro de Salud - Floresta,2.1.1.01.02.006,APORTES AL ICBF,GASTOS,FUNCIONAMIENTO,GASTOS DE PERSONAL,PLANTA DE PERSONAL PERMANENTE,CONTRIBUCIONES INHERENTES A LA NOMINA,APORTES AL ICBF,No Aplica,No Aplica,No Aplica,No Aplica,VIGENCIA ACTUAL,ENTIDADES DIFERENTES A ENTIDADES TERRITORIALES - UNIDAD DE SALUD,NO DEFINIDO,NO DEFINIDO,NO APLICA,,,2021,Primer Trimestre,,,,NO APLICA,1.2.1.0.00 - INGRESOS CORRIENTES DE LIBRE DESTINACION,,,,,,NO APLICA,,,,,,CON SITUACION DE FONDOS,NO APLICA,NO DEFINIDO,1491200.0,1491200.0,1491200.0
9951273,20220601,220115276,E.S.E. Centro de Salud - Floresta,2.4.1.01.03.001.02,INDEMNIZACION POR VACACIONES,GASTOS,GASTOS DE OPERACION COMERCIAL,GASTOS DE PERSONAL,PLANTA DE PERSONAL PERMANENTE,REMUNERACIONES NO CONSTITUTIVAS DE FACTOR SALARIAL,PRESTACIONES SOCIALES,INDEMNIZACION POR VACACIONES,No Aplica,No Aplica,No Aplica,VIGENCIA ACTUAL,ENTIDADES DIFERENTES A ENTIDADES TERRITORIALES - GESTION GENERAL,NO DEFINIDO,NO DEFINIDO,NO APLICA,,,2022,Segundo Trimestre,,,,NO APLICA,INGRESOS CORRIENTES DE LIBRE DESTINACION,,,,,,NO APLICA,,,,,,CON SITUACION DE FONDOS,NO APLICA,NO DEFINIDO,2520360.0,2520360.0,2520360.0
9953397,20230301,220115276,E.S.E. Centro de Salud - Floresta,2.4.1.01.01.001,FACTORES SALARIALES COMUNES,GASTOS,GASTOS DE OPERACION COMERCIAL,GASTOS DE PERSONAL,PLANTA DE PERSONAL PERMANENTE,FACTORES CONSTITUTIVOS DE SALARIO,FACTORES SALARIALES COMUNES,No Aplica,No Aplica,No Aplica,No Aplica,VIGENCIA ACTUAL,ENTIDADES TERRITORIALES - SALUD,NO DEFINIDO,NO DEFINIDO,NO DEFINIDO,,,2023,Primer Trimestre,,,,NO DEFINIDO,NO DEFINIDO,,,,,,NO DEFINIDO,,,,,,NO DEFINIDO,NO DEFINIDO,NO DEFINIDO,42099367.0,42099367.0,42099367.0
9978140,20211201,220115276,E.S.E. Centro de Salud - Floresta,2.1.1.01.01.001,FACTORES SALARIALES COMUNES,GASTOS,FUNCIONAMIENTO,GASTOS DE PERSONAL,PLANTA DE PERSONAL PERMANENTE,FACTORES CONSTITUTIVOS DE SALARIO,FACTORES SALARIALES COMUNES,No Aplica,No Aplica,No Aplica,No Aplica,VIGENCIA ACTUAL,ENTIDADES TERRITORIALES - SALUD,NO DEFINIDO,NO DEFINIDO,NO DEFINIDO,,,2021,Cuarto Trimestre,,,,NO DEFINIDO,NO DEFINIDO,,,,,,NO DEFINIDO,,,,,,NO DEFINIDO,NO DEFINIDO,NO DEFINIDO,97872836.0,97872836.0,97872836.0
9991627,20220901,220115276,E.S.E. Centro de Salud - Floresta,2.1.1.01,PLANTA DE PERSONAL PERMANENTE,GASTOS,FUNCIONAMIENTO,GASTOS DE PERSONAL,PLANTA DE PERSONAL PERMANENTE,No Aplica,No Aplica,No Aplica,No Aplica,No Aplica,No Aplica,VIGENCIA ACTUAL,ENTIDADES DIFERENTES A ENTIDADES TERRITORIALES - GESTION GENERAL,NO DEFINIDO,NO DEFINIDO,NO DEFINIDO,,,2022,Tercer Trimestre,,,,NO DEFINIDO,NO DEFINIDO,,,,,,NO DEFINIDO,,,,,,NO DEFINIDO,NO DEFINIDO,NO DEFINIDO,95175345.0,93006723.0,93006723.0
10007787,20230601,220115276,E.S.E. Centro de Salud - Floresta,2.4.1.01,PLANTA DE PERSONAL PERMANENTE,GASTOS,GASTOS DE OPERACION COMERCIAL,GASTOS DE PERSONAL,PLANTA DE PERSONAL PERMANENTE,No Aplica,No Aplica,No Aplica,No Aplica,No Aplica,No Aplica,VIGENCIA ACTUAL,ENTIDADES DIFERENTES A ENTIDADES TERRITORIALES - UNIDAD DE SALUD,NO DEFINIDO,NO DEFINIDO,NO DEFINIDO,,,2023,Segundo Trimestre,,,,NO DEFINIDO,NO DEFINIDO,,,,,,NO DEFINIDO,,,,,,NO DEFINIDO,NO DEFINIDO,NO DEFINIDO,137423530.0,137423530.0,137423530.0
10010809,20220901,220115276,E.S.E. Centro de Salud - Floresta,2.4.5,GASTOS DE COMERCIALIZACION Y PRODUCCION,GASTOS,GASTOS DE OPERACION COMERCIAL,GASTOS DE COMERCIALIZACION Y PRODUCCION,No Aplica,No Aplica,No Aplica,No Aplica,No Aplica,No Aplica,No Aplica,VIGENCIA ACTUAL,ENTIDADES DIFERENTES A ENTIDADES TERRITORIALES - GESTION GENERAL,NO DEFINIDO,NO DEFINIDO,NO DEFINIDO,,,2022,Tercer Trimestre,,,,NO DEFINIDO,NO DEFINIDO,,,,,,NO DEFINIDO,,,,,,NO DEFINIDO,NO DEFINIDO,NO DEFINIDO,215007317.0,145335567.0,145335567.0
10014803,20210901,220115276,E.S.E. Centro de Salud - Floresta,2.1.1.01.01.001.08,PRESTACIONES SOCIALES,GASTOS,FUNCIONAMIENTO,GASTOS DE PERSONAL,PLANTA DE PERSONAL PERMANENTE,FACTORES CONSTITUTIVOS DE SALARIO,FACTORES SALARIALES COMUNES,PRESTACIONES SOCIALES,No Aplica,No Aplica,No Aplica,VIGENCIA ACTUAL,ENTIDADES TERRITORIALES - SALUD,NO DEFINIDO,NO DEFINIDO,NO DEFINIDO,,,2021,Tercer Trimestre,,,,NO DEFINIDO,NO DEFINIDO,,,,,,NO DEFINIDO,,,,,,NO DEFINIDO,NO DEFINIDO,NO DEFINIDO,7338305.0,7338305.0,7338305.0
10023748,20220901,220115276,E.S.E. Centro de Salud - Floresta,2.3.2.01.01.004,ACTIVOS FIJOS NO CLASIFICADOS COMO MAQUINARIA Y EQUIPO,GASTOS,INVERSION,ADQUISICION DE BIENES Y SERVICIOS,ADQUISICION DE ACTIVOS NO FINANCIEROS,ACTIVOS FIJOS,ACTIVOS FIJOS NO CLASIFICADOS COMO MAQUINARIA Y EQUIPO,No Aplica,No Aplica,No Aplica,No Aplica,VIGENCIA ACTUAL,ENTIDADES DIFERENTES A ENTIDADES TERRITORIALES - GESTION GENERAL,NO DEFINIDO,NO DEFINIDO,NO DEFINIDO,,,2022,Tercer Trimestre,,,,NO DEFINIDO,NO DEFINIDO,,,,,,NO DEFINIDO,,,,,,NO DEFINIDO,NO DEFINIDO,NO DEFINIDO,9026799.0,9026799.0,9026799.0
10025491,20221201,220115276,E.S.E. Centro de Salud - Floresta,2.4.1.01.01.001.07,BONIFICACION POR SERVICIOS PRESTADOS,GASTOS,GASTOS DE OPERACION COMERCIAL,GASTOS DE PERSONAL,PLANTA DE PERSONAL PERMANENTE,FACTORES CONSTITUTIVOS DE SALARIO,FACTORES SALARIALES COMUNES,BONIFICACION POR SERVICIOS PRESTADOS,No Aplica,No Aplica,No Aplica,VIGENCIA ACTUAL,ENTIDADES DIFERENTES A ENTIDADES TERRITORIALES - GESTION GENERAL,NO DEFINIDO,NO DEFINIDO,NO APLICA,,,2022,Cuarto Trimestre,,,,NO APLICA,INGRESOS CORRIENTES DE LIBRE DESTINACION,,,,,,NO APLICA,,,,,,CON SITUACION DE FONDOS,NO APLICA,NO DEFINIDO,4350233.0,4350233.0,4350233.0
10031462,20220901,220115276,E.S.E. Centro de Salud - Floresta,2.4.1.01.01.001.08,PRESTACIONES SOCIALES,GASTOS,GASTOS DE OPERACION COMERCIAL,GASTOS DE PERSONAL,PLANTA DE PERSONAL PERMANENTE,FACTORES CONSTITUTIVOS DE SALARIO,FACTORES SALARIALES COMUNES,PRESTACIONES SOCIALES,No Aplica,No Aplica,No Aplica,VIGENCIA ACTUAL,ENTIDADES DIFERENTES A ENTIDADES TERRITORIALES - GESTION GENERAL,NO DEFINIDO,NO DEFINIDO,NO DEFINIDO,,,2022,Tercer Trimestre,,,,NO DEFINIDO,NO DEFINIDO,,,,,,NO DEFINIDO,,,,,,NO DEFINIDO,NO DEFINIDO,NO DEFINIDO,3472022.0,3472022.0,3472022.0
10043658,20220901,220115276,E.S.E. Centro de Salud - Floresta,2.4.1.01.03,REMUNERACIONES NO CONSTITUTIVAS DE FACTOR SALARIAL,GASTOS,GASTOS DE OPERACION COMERCIAL,GASTOS DE PERSONAL,PLANTA DE PERSONAL PERMANENTE,REMUNERACIONES NO CONSTITUTIVAS DE FACTOR SALARIAL,No Aplica,No Aplica,No Aplica,No Aplica,No Aplica,VIGENCIA ACTUAL,ENTIDADES DIFERENTES A ENTIDADES TERRITORIALES - GESTION GENERAL,NO DEFINIDO,NO DEFINIDO,NO DEFINIDO,,,2022,Tercer Trimestre,,,,NO DEFINIDO,NO DEFINIDO,,,,,,NO DEFINIDO,,,,,,NO DEFINIDO,NO DEFINIDO,NO DEFINIDO,4031438.0,4031438.0,4031438.0
10046737,20220301,220115276,E.S.E. Centro de Salud - Floresta,2.1.2.02.02.007,SERVICIOS FINANCIEROS Y SERVICIOS CONEXOS; SERVICIOS INMOBILIARIOS; Y SERVICIOS DE ARRENDAMIENTO Y LEASING,GASTOS,FUNCIONAMIENTO,ADQUISICION DE BIENES Y SERVICIOS,ADQUISICIONES DIFERENTES DE ACTIVOS,ADQUISICION DE SERVICIOS,SERVICIOS FINANCIEROS Y SERVICIOS CONEXOS; SERVICIOS INMOBILIARIOS; Y SERVICIOS DE ARRENDAMIENTO Y LEASING,No Aplica,No Aplica,No Aplica,No Aplica,VIGENCIA ACTUAL,ENTIDADES DIFERENTES A ENTIDADES TERRITORIALES - GESTION GENERAL,NO DEFINIDO,NO DEFINIDO,NO APLICA,,,2022,Primer Trimestre,,,,OTROS SERVICIOS DIVERSOS N C P,INGRESOS CORRIENTES DE LIBRE DESTINACION,,,,,,NO APLICA,,,,,,CON SITUACION DE FONDOS,NO APLICA,NO DEFINIDO,226446.0,226446.0,226446.0
10058339,20210601,220115276,E.S.E. Centro de Salud - Floresta,2.1.2.02.01,MATERIALES Y SUMINISTROS,GASTOS,FUNCIONAMIENTO,ADQUISICION DE BIENES Y SERVICIOS,ADQUISICIONES DIFERENTES DE ACTIVOS,MATERIALES Y SUMINISTROS,No Aplica,No Aplica,No Aplica,No Aplica,No Aplica,VIGENCIA ACTUAL,ENTIDADES DIFERENTES A ENTIDADES TERRITORIALES - UNIDAD DE SALUD,NO DEFINIDO,NO DEFINIDO,NO DEFINIDO,,,2021,Segundo Trimestre,,,,NO DEFINIDO,NO DEFINIDO,,,,,,NO DEFINIDO,,,,,,NO DEFINIDO,NO DEFINIDO,NO DEFINIDO,15746337.0,13946337.0,13946337.0
10058836,20210901,220115276,E.S.E. Centro de Salud - Floresta,2.1.1.01.02.006,APORTES AL ICBF,GASTOS,FUNCIONAMIENTO,GASTOS DE PERSONAL,PLANTA DE PERSONAL PERMANENTE,CONTRIBUCIONES INHERENTES A LA NOMINA,APORTES AL ICBF,No Aplica,No Aplica,No Aplica,No Aplica,VIGENCIA ACTUAL,ENTIDADES TERRITORIALES - SALUD,NO DEFINIDO,NO DEFINIDO,NO APLICA,,,2021,Tercer Trimestre,,,,NO APLICA,NO APLICA,,,,,,NO APLICA,,,,,,CON SITUACION DE FONDOS,INSTITUTO COLOMBIANO DE BIENESTAR FAMILIAR,NO DEFINIDO,4186300.0,4186300.0,4186300.0
10060784,20220901,220115276,E.S.E. Centro de Salud - Floresta,2.1.1.01.01.001.10,VIATICOS DE LOS FUNCIONARIOS EN COMISION,GASTOS,FUNCIONAMIENTO,GASTOS DE PERSONAL,PLANTA DE PERSONAL PERMANENTE,FACTORES CONSTITUTIVOS DE SALARIO,FACTORES SALARIALES COMUNES,VIATICOS DE LOS FUNCIONARIOS EN COMISION,No Aplica,No Aplica,No Aplica,VIGENCIA ACTUAL,ENTIDADES DIFERENTES A ENTIDADES TERRITORIALES - GESTION GENERAL,NO DEFINIDO,NO DEFINIDO,NO APLICA,,,2022,Tercer Trimestre,,,,NO APLICA,INGRESOS CORRIENTES DE LIBRE DESTINACION,,,,,,NO APLICA,,,,,,CON SITUACION DE FONDOS,E.S.E. CENTRO DE SALUD - FLORESTA,NO DEFINIDO,3143200.0,3143200.0,3143200.0
10065280,20230601,220115276,E.S.E. Centro de Salud - Floresta,2.1.1.01.02.002,APORTES A LA SEGURIDAD SOCIAL EN SALUD,GASTOS,FUNCIONAMIENTO,GASTOS DE PERSONAL,PLANTA DE PERSONAL PERMANENTE,CONTRIBUCIONES INHERENTES A LA NOMINA,APORTES A LA SEGURIDAD SOCIAL EN SALUD,No Aplica,No Aplica,No Aplica,No Aplica,VIGENCIA ACTUAL,ENTIDADES DIFERENTES A ENTIDADES TERRITORIALES - UNIDAD DE SALUD,NO DEFINIDO,NO DEFINIDO,SALUD Y PROTECCION SOCIAL,,,2023,Segundo Trimestre,,,,NO APLICA,INGRESOS CORRIENTES DE LIBRE DESTINACION,,,,,,NO APLICA,,,,,,CON SITUACION DE FONDOS,E.S.E. CENTRO DE SALUD - FLORESTA,NO DEFINIDO,4003039.0,4003039.0,4003039.0
10069280,20230601,220115276,E.S.E. Centro de Salud - Floresta,2.4.5.02.09,"SERVICIOS PARA LA COMUNIDAD, SOCIALES Y PERSONALES",GASTOS,GASTOS DE OPERACION COMERCIAL,GASTOS DE COMERCIALIZACION Y PRODUCCION,ADQUISICION DE SERVICIOS,"SERVICIOS PARA LA COMUNIDAD, SOCIALES Y PERSONALES",No Aplica,No Aplica,No Aplica,No Aplica,No Aplica,VIGENCIA ACTUAL,ENTIDADES DIFERENTES A ENTIDADES TERRITORIALES - UNIDAD DE SALUD,NO DEFINIDO,NO DEFINIDO,SALUD Y PROTECCION SOCIAL,,,2023,Segundo Trimestre,,,,SERVICIOS DE LA ADMINISTRACION PUBLICA RELACIONADOS CON LA SALUD,INGRESOS CORRIENTES DE LIBRE DESTINACION,,,,,,NO APLICA,,,,,,CON SITUACION DE FONDOS,NO APLICA,NO DEFINIDO,35740000.0,30017706.0,30017706.0
10071445,20230601,220115276,E.S.E. Centro de Salud - Floresta,2.4.1.01.01.001.07,BONIFICACION POR SERVICIOS PRESTADOS,GASTOS,GASTOS DE OPERACION COMERCIAL,GASTOS DE PERSONAL,PLANTA DE PERSONAL PERMANENTE,FACTORES CONSTITUTIVOS DE SALARIO,FACTORES SALARIALES COMUNES,BONIFICACION POR SERVICIOS PRESTADOS,No Aplica,No Aplica,No Aplica,VIGENCIA ACTUAL,ENTIDADES DIFERENTES A ENTIDADES TERRITORIALES - UNIDAD DE SALUD,NO DEFINIDO,NO DEFINIDO,SALUD Y PROTECCION SOCIAL,,,2023,Segundo Trimestre,,,,NO APLICA,INGRESOS CORRIENTES DE LIBRE DESTINACION,,,,,,NO APLICA,,,,,,CON SITUACION DE FONDOS,NO APLICA,NO DEFINIDO,2232317.0,2232317.0,2232317.0
10072165,20220301,220115276,E.S.E. Centro de Salud - Floresta,2.4.1.01.02.006,APORTES AL ICBF,GASTOS,GASTOS DE OPERACION COMERCIAL,GASTOS DE PERSONAL,PLANTA DE PERSONAL PERMANENTE,CONTRIBUCIONES INHERENTES A LA NOMINA,APORTES AL ICBF,No Aplica,No Aplica,No Aplica,No Aplica,VIGENCIA ACTUAL,ENTIDADES DIFERENTES A ENTIDADES TERRITORIALES - GESTION GENERAL,NO DEFINIDO,NO DEFINIDO,NO APLICA,,,2022,Primer Trimestre,,,,NO APLICA,INGRESOS CORRIENTES DE LIBRE DESTINACION,,,,,,NO APLICA,,,,,,CON SITUACION DE FONDOS,INSTITUTO COLOMBIANO DE BIENESTAR FAMILIAR,NO DEFINIDO,1053430.0,1053430.0,1053430.0
10072320,20221201,220115276,E.S.E. Centro de Salud - Floresta,2.1.1.01.02.007,APORTES AL SENA,GASTOS,FUNCIONAMIENTO,GASTOS DE PERSONAL,PLANTA DE PERSONAL PERMANENTE,CONTRIBUCIONES INHERENTES A LA NOMINA,APORTES AL SENA,No Aplica,No Aplica,No Aplica,No Aplica,VIGENCIA ACTUAL,ENTIDADES DIFERENTES A ENTIDADES TERRITORIALES - GESTION GENERAL,NO DEFINIDO,NO DEFINIDO,NO APLICA,,,2022,Cuarto Trimestre,,,,NO APLICA,INGRESOS CORRIENTES DE LIBRE DESTINACION,,,,,,NO APLICA,,,,,,CON SITUACION DE FONDOS,SERVICIO NACIONAL DE APRENDIZAJE,NO DEFINIDO,1511000.0,1511000.0,1511000.0
10072850,20220901,220115276,E.S.E. Centro de Salud - Floresta,2.1.2.02.02,ADQUISICION DE SERVICIOS,GASTOS,FUNCIONAMIENTO,ADQUISICION DE BIENES Y SERVICIOS,ADQUISICIONES DIFERENTES DE ACTIVOS,ADQUISICION DE SERVICIOS,No Aplica,No Aplica,No Aplica,No Aplica,No Aplica,VIGENCIA ACTUAL,ENTIDADES DIFERENTES A ENTIDADES TERRITORIALES - GESTION GENERAL,NO DEFINIDO,NO DEFINIDO,NO DEFINIDO,,,2022,Tercer Trimestre,,,,NO DEFINIDO,NO DEFINIDO,,,,,,NO DEFINIDO,,,,,,NO DEFINIDO,NO DEFINIDO,NO DEFINIDO,172845018.0,108284799.0,108284799.0
10075368,20210601,220115276,E.S.E. Centro de Salud - Floresta,2.1.1.01.03.001.03,BONIFICACION ESPECIAL DE RECREACION,GASTOS,FUNCIONAMIENTO,GASTOS DE PERSONAL,PLANTA DE PERSONAL PERMANENTE,REMUNERACIONES NO CONSTITUTIVAS DE FACTOR SALARIAL,PRESTACIONES SOCIALES,BONIFICACION ESPECIAL DE RECREACION,No Aplica,No Aplica,No Aplica,VIGENCIA ACTUAL,ENTIDADES DIFERENTES A ENTIDADES TERRITORIALES - UNIDAD DE SALUD,NO DEFINIDO,NO DEFINIDO,NO APLICA,,,2021,Segundo Trimestre,,,,NO APLICA,1.2.1.0.00 - INGRESOS CORRIENTES DE LIBRE DESTINACION,,,,,,NO APLICA,,,,,,CON SITUACION DE FONDOS,NO APLICA,NO DEFINIDO,503756.0,503756.0,503756.0
10077231,20220301,220115276,E.S.E. Centro de Salud - Floresta,2.1.1.01.01,FACTORES CONSTITUTIVOS DE SALARIO,GASTOS,FUNCIONAMIENTO,GASTOS DE PERSONAL,PLANTA DE PERSONAL PERMANENTE,FACTORES CONSTITUTIVOS DE SALARIO,No Aplica,No Aplica,No Aplica,No Aplica,No Aplica,VIGENCIA ACTUAL,ENTIDADES DIFERENTES A ENTIDADES TERRITORIALES - GESTION GENERAL,NO DEFINIDO,NO DEFINIDO,NO DEFINIDO,,,2022,Primer Trimestre,,,,NO DEFINIDO,NO DEFINIDO,,,,,,NO DEFINIDO,,,,,,NO DEFINIDO,NO DEFINIDO,NO DEFINIDO,27020058.0,20514192.0,20514192.0
10078325,20230601,220115276,E.S.E. Centro de Salud - Floresta,2.1.1.01.01,FACTORES CONSTITUTIVOS DE SALARIO,GASTOS,FUNCIONAMIENTO,GASTOS DE PERSONAL,PLANTA DE PERSONAL PERMANENTE,FACTORES CONSTITUTIVOS DE SALARIO,No Aplica,No Aplica,No Aplica,No Aplica,No Aplica,VIGENCIA ACTUAL,ENTIDADES DIFERENTES A ENTIDADES TERRITORIALES - UNIDAD DE SALUD,NO DEFINIDO,NO DEFINIDO,NO DEFINIDO,,,2023,Segundo Trimestre,,,,NO DEFINIDO,NO DEFINIDO,,,,,,NO DEFINIDO,,,,,,NO DEFINIDO,NO DEFINIDO,NO DEFINIDO,49125520.0,49125520.0,49125520.0
10080201,20220601,220115276,E.S.E. Centro de Salud - Floresta,2.1.2.02.02.005,CONSTRUCCION Y SERVICIOS DE LA CONSTRUCCION,GASTOS,FUNCIONAMIENTO,ADQUISICION DE BIENES Y SERVICIOS,ADQUISICIONES DIFERENTES DE ACTIVOS,ADQUISICION DE SERVICIOS,CONSTRUCCION Y SERVICIOS DE LA CONSTRUCCION,No Aplica,No Aplica,No Aplica,No Aplica,VIGENCIA ACTUAL,ENTIDADES DIFERENTES A ENTIDADES TERRITORIALES - GESTION GENERAL,NO DEFINIDO,NO DEFINIDO,NO APLICA,,,2022,Segundo Trimestre,,,,OTROS SERVICIOS DIVERSOS N C P,INGRESOS CORRIENTES DE LIBRE DESTINACION,,,,,,NO APLICA,,,,,,CON SITUACION DE FONDOS,NO APLICA,NO DEFINIDO,1600000.0,800000.0,800000.0
10082382,20230301,220115276,E.S.E. Centro de Salud - Floresta,2.1.2.02,ADQUISICIONES DIFERENTES DE ACTIVOS,GASTOS,FUNCIONAMIENTO,ADQUISICION DE BIENES Y SERVICIOS,ADQUISICIONES DIFERENTES DE ACTIVOS,No Aplica,No Aplica,No Aplica,No Aplica,No Aplica,No Aplica,VIGENCIA ACTUAL,ENTIDADES TERRITORIALES - SALUD,NO DEFINIDO,NO DEFINIDO,NO DEFINIDO,,,2023,Primer Trimestre,,,,NO DEFINIDO,NO DEFINIDO,,,,,,NO DEFINIDO,,,,,,NO DEFINIDO,NO DEFINIDO,NO DEFINIDO,88041997.0,28082211.0,28082211.0
10092505,20220601,220115276,E.S.E. Centro de Salud - Floresta,2.3.2.01.01,ACTIVOS FIJOS,GASTOS,INVERSION,ADQUISICION DE BIENES Y SERVICIOS,ADQUISICION DE ACTIVOS NO FINANCIEROS,ACTIVOS FIJOS,No Aplica,No Aplica,No Aplica,No Aplica,No Aplica,VIGENCIA ACTUAL,ENTIDADES DIFERENTES A ENTIDADES TERRITORIALES - GESTION GENERAL,NO DEFINIDO,NO DEFINIDO,NO DEFINIDO,,,2022,Segundo Trimestre,,,,NO DEFINIDO,NO DEFINIDO,,,,,,NO DEFINIDO,,,,,,NO DEFINIDO,NO DEFINIDO,NO DEFINIDO,9026799.0,9026799.0,9026799.0
10093967,20221201,220115276,E.S.E. Centro de Salud - Floresta,2.4,GASTOS DE OPERACION COMERCIAL,GASTOS,GASTOS DE OPERACION COMERCIAL,No Aplica,No Aplica,No Aplica,No Aplica,No Aplica,No Aplica,No Aplica,No Aplica,VIGENCIA ACTUAL,ENTIDADES DIFERENTES A ENTIDADES TERRITORIALES - GESTION GENERAL,NO DEFINIDO,NO DEFINIDO,NO DEFINIDO,,,2022,Cuarto Trimestre,,,,NO DEFINIDO,NO DEFINIDO,,,,,,NO DEFINIDO,,,,,,NO DEFINIDO,NO DEFINIDO,NO DEFINIDO,532900300.0,532900300.0,532900300.0
10095355,20210901,220115276,E.S.E. Centro de Salud - Floresta,2.1.1.01.01.001.01,SUELDO BASICO,GASTOS,FUNCIONAMIENTO,GASTOS DE PERSONAL,PLANTA DE PERSONAL PERMANENTE,FACTORES CONSTITUTIVOS DE SALARIO,FACTORES SALARIALES COMUNES,SUELDO BASICO,No Aplica,No Aplica,No Aplica,VIGENCIA ACTUAL,ENTIDADES TERRITORIALES - SALUD,NO DEFINIDO,NO DEFINIDO,NO APLICA,,,2021,Tercer Trimestre,,,,NO APLICA,NO APLICA,,,,,,NO APLICA,,,,,,CON SITUACION DE FONDOS,E.S.E. CENTRO DE SALUD - FLORESTA,NO DEFINIDO,25814366.0,25814366.0,25814366.0
10111022,20230601,220115276,E.S.E. Centro de Salud - Floresta,2.3.2.01,ADQUISICION DE ACTIVOS NO FINANCIEROS,GASTOS,INVERSION,ADQUISICION DE BIENES Y SERVICIOS,ADQUISICION DE ACTIVOS NO FINANCIEROS,No Aplica,No Aplica,No Aplica,No Aplica,No Aplica,No Aplica,VIGENCIA ACTUAL,ENTIDADES DIFERENTES A ENTIDADES TERRITORIALES - UNIDAD DE SALUD,NO DEFINIDO,NO DEFINIDO,NO DEFINIDO,,,2023,Segundo Trimestre,,,,NO DEFINIDO,NO DEFINIDO,,,,,,NO DEFINIDO,,,,,,NO DEFINIDO,NO DEFINIDO,NO DEFINIDO,20330000.0,20330000.0,20330000.0
10114316,20220601,220115276,E.S.E. Centro de Salud - Floresta,2.1.2.02.01.002,"PRODUCTOS ALIMENTICIOS, BEBIDAS Y TABACO, TEXTILES, PRENDAS DE VESTIR Y PRODUCTOS DE CUERO",GASTOS,FUNCIONAMIENTO,ADQUISICION DE BIENES Y SERVICIOS,ADQUISICIONES DIFERENTES DE ACTIVOS,MATERIALES Y SUMINISTROS,"PRODUCTOS ALIMENTICIOS, BEBIDAS Y TABACO, TEXTILES, PRENDAS DE VESTIR Y PRODUCTOS DE CUERO",No Aplica,No Aplica,No Aplica,No Aplica,VIGENCIA ACTUAL,ENTIDADES DIFERENTES A ENTIDADES TERRITORIALES - GESTION GENERAL,NO DEFINIDO,NO DEFINIDO,NO APLICA,,,2022,Segundo Trimestre,,,,OTROS SERVICIOS DIVERSOS N C P,INGRESOS CORRIENTES DE LIBRE DESTINACION,,,,,,NO APLICA,,,,,,CON SITUACION DE FONDOS,E.S.E. CENTRO DE SALUD - FLORESTA,NO DEFINIDO,165000.0,165000.0,165000.0
10121115,20221201,220115276,E.S.E. Centro de Salud - Floresta,2.1.2.02.02.006,"COMERCIO Y DISTRIBUCION; ALOJAMIENTO; SERVICIOS DE SUMINISTRO DE COMIDAS Y BEBIDAS; SERVICIOS DE TRANSPORTE; Y SERVICIOS DE DISTRIBUCION DE ELECTRICIDAD, GAS Y AGUA",GASTOS,FUNCIONAMIENTO,ADQUISICION DE BIENES Y SERVICIOS,ADQUISICIONES DIFERENTES DE ACTIVOS,ADQUISICION DE SERVICIOS,"COMERCIO Y DISTRIBUCION; ALOJAMIENTO; SERVICIOS DE SUMINISTRO DE COMIDAS Y BEBIDAS; SERVICIOS DE TRANSPORTE; Y SERVICIOS DE DISTRIBUCION DE ELECTRICIDAD, GAS Y AGUA",No Aplica,No Aplica,No Aplica,No Aplica,VIGENCIA ACTUAL,ENTIDADES DIFERENTES A ENTIDADES TERRITORIALES - GESTION GENERAL,NO DEFINIDO,NO DEFINIDO,NO APLICA,,,2022,Cuarto Trimestre,,,,OTROS SERVICIOS DIVERSOS N C P,INGRESOS CORRIENTES DE LIBRE DESTINACION,,,,,,NO APLICA,,,,,,CON SITUACION DE FONDOS,E.S.P. EMPRESA DE ENERGIA DE BOYACA S.A.,NO DEFINIDO,16346590.0,16346590.0,16346590.0
10123093,20221201,220115276,E.S.E. Centro de Salud - Floresta,2.3.2.01.01,ACTIVOS FIJOS,GASTOS,INVERSION,ADQUISICION DE BIENES Y SERVICIOS,ADQUISICION DE ACTIVOS NO FINANCIEROS,ACTIVOS FIJOS,No Aplica,No Aplica,No Aplica,No Aplica,No Aplica,VIGENCIA ACTUAL,ENTIDADES DIFERENTES A ENTIDADES TERRITORIALES - GESTION GENERAL,NO DEFINIDO,NO DEFINIDO,NO DEFINIDO,,,2022,Cuarto Trimestre,,,,NO DEFINIDO,NO DEFINIDO,,,,,,NO DEFINIDO,,,,,,NO DEFINIDO,NO DEFINIDO,NO DEFINIDO,53829158.0,53829158.0,53829158.0
10127018,20221201,220115276,E.S.E. Centro de Salud - Floresta,2.4.1.01.03,REMUNERACIONES NO CONSTITUTIVAS DE FACTOR SALARIAL,GASTOS,GASTOS DE OPERACION COMERCIAL,GASTOS DE PERSONAL,PLANTA DE PERSONAL PERMANENTE,REMUNERACIONES NO CONSTITUTIVAS DE FACTOR SALARIAL,No Aplica,No Aplica,No Aplica,No Aplica,No Aplica,VIGENCIA ACTUAL,ENTIDADES DIFERENTES A ENTIDADES TERRITORIALES - GESTION GENERAL,NO DEFINIDO,NO DEFINIDO,NO DEFINIDO,,,2022,Cuarto Trimestre,,,,NO DEFINIDO,NO DEFINIDO,,,,,,NO DEFINIDO,,,,,,NO DEFINIDO,NO DEFINIDO,NO DEFINIDO,8799375.0,8799375.0,8799375.0
10132845,20230301,220115276,E.S.E. Centro de Salud - Floresta,2.1.1,GASTOS DE PERSONAL,GASTOS,FUNCIONAMIENTO,GASTOS DE PERSONAL,No Aplica,No Aplica,No Aplica,No Aplica,No Aplica,No Aplica,No Aplica,VIGENCIA ACTUAL,ENTIDADES TERRITORIALES - SALUD,NO DEFINIDO,NO DEFINIDO,NO DEFINIDO,,,2023,Primer Trimestre,,,,NO DEFINIDO,NO DEFINIDO,,,,,,NO DEFINIDO,,,,,,NO DEFINIDO,NO DEFINIDO,NO DEFINIDO,25503538.0,25503538.0,25503538.0
10134862,20210901,220115276,E.S.E. Centro de Salud - Floresta,2.1.1.01.01.001.07,BONIFICACION POR SERVICIOS PRESTADOS,GASTOS,FUNCIONAMIENTO,GASTOS DE PERSONAL,PLANTA DE PERSONAL PERMANENTE,FACTORES CONSTITUTIVOS DE SALARIO,FACTORES SALARIALES COMUNES,BONIFICACION POR SERVICIOS PRESTADOS,No Aplica,No Aplica,No Aplica,VIGENCIA ACTUAL,ENTIDADES TERRITORIALES - SALUD,NO DEFINIDO,NO DEFINIDO,NO APLICA,,,2021,Tercer Trimestre,,,,NO APLICA,NO APLICA,,,,,,NO APLICA,,,,,,CON SITUACION DE FONDOS,NO APLICA,NO DEFINIDO,5944685.0,5944685.0,5944685.0
10139244,20221201,220115276,E.S.E. Centro de Salud - Floresta,2.4.1.01.02.002,APORTES A LA SEGURIDAD SOCIAL EN SALUD,GASTOS,GASTOS DE OPERACION COMERCIAL,GASTOS DE PERSONAL,PLANTA DE PERSONAL PERMANENTE,CONTRIBUCIONES INHERENTES A LA NOMINA,APORTES A LA SEGURIDAD SOCIAL EN SALUD,No Aplica,No Aplica,No Aplica,No Aplica,VIGENCIA ACTUAL,ENTIDADES DIFERENTES A ENTIDADES TERRITORIALES - GESTION GENERAL,NO DEFINIDO,NO DEFINIDO,NO APLICA,,,2022,Cuarto Trimestre,,,,NO APLICA,INGRESOS CORRIENTES DE LIBRE DESTINACION,,,,,,NO APLICA,,,,,,CON SITUACION DE FONDOS,E.S.E. CENTRO DE SALUD - FLORESTA,NO DEFINIDO,12466931.0,12466931.0,12466931.0
10143964,20220901,220115276,E.S.E. Centro de Salud - Floresta,2.1.8,"GASTOS POR TRIBUTOS, TASAS, CONTRIBUCIONES, MULTAS, SANCIONES E INTERESES DE MORA",GASTOS,FUNCIONAMIENTO,"GASTOS POR TRIBUTOS, TASAS, CONTRIBUCIONES, MULTAS, SANCIONES E INTERESES DE MORA",No Aplica,No Aplica,No Aplica,No Aplica,No Aplica,No Aplica,No Aplica,VIGENCIA ACTUAL,ENTIDADES DIFERENTES A ENTIDADES TERRITORIALES - GESTION GENERAL,NO DEFINIDO,NO DEFINIDO,NO DEFINIDO,,,2022,Tercer Trimestre,,,,NO DEFINIDO,NO DEFINIDO,,,,,,NO DEFINIDO,,,,,,NO DEFINIDO,NO DEFINIDO,NO DEFINIDO,656211.0,656211.0,656211.0
10144048,20210901,220115276,E.S.E. Centro de Salud - Floresta,2.1.1.01.03.001.02,INDEMNIZACION POR VACACIONES,GASTOS,FUNCIONAMIENTO,GASTOS DE PERSONAL,PLANTA DE PERSONAL PERMANENTE,REMUNERACIONES NO CONSTITUTIVAS DE FACTOR SALARIAL,PRESTACIONES SOCIALES,INDEMNIZACION POR VACACIONES,No Aplica,No Aplica,No Aplica,VIGENCIA ACTUAL,ENTIDADES TERRITORIALES - SALUD,NO DEFINIDO,NO DEFINIDO,NO APLICA,,,2021,Tercer Trimestre,,,,NO APLICA,NO APLICA,,,,,,NO APLICA,,,,,,CON SITUACION DE FONDOS,NO APLICA,NO DEFINIDO,3959211.0,3959211.0,3959211.0
10145924,20230601,220115276,E.S.E. Centro de Salud - Floresta,2.4.5.01,MATERIALES Y SUMINISTROS,GASTOS,GASTOS DE OPERACION COMERCIAL,GASTOS DE COMERCIALIZACION Y PRODUCCION,MATERIALES Y SUMINISTROS,No Aplica,No Aplica,No Aplica,No Aplica,No Aplica,No Aplica,VIGENCIA ACTUAL,ENTIDADES DIFERENTES A ENTIDADES TERRITORIALES - UNIDAD DE SALUD,NO DEFINIDO,NO DEFINIDO,NO DEFINIDO,,,2023,Segundo Trimestre,,,,NO DEFINIDO,NO DEFINIDO,,,,,,NO DEFINIDO,,,,,,NO DEFINIDO,NO DEFINIDO,NO DEFINIDO,38225168.0,5166135.0,5166135.0
10146661,20210601,220115276,E.S.E. Centro de Salud - Floresta,2.1.1.01,PLANTA DE PERSONAL PERMANENTE,GASTOS,FUNCIONAMIENTO,GASTOS DE PERSONAL,PLANTA DE PERSONAL PERMANENTE,No Aplica,No Aplica,No Aplica,No Aplica,No Aplica,No Aplica,VIGENCIA ACTUAL,ENTIDADES DIFERENTES A ENTIDADES TERRITORIALES - UNIDAD DE SALUD,NO DEFINIDO,NO DEFINIDO,NO DEFINIDO,,,2021,Segundo Trimestre,,,,NO DEFINIDO,NO DEFINIDO,,,,,,NO DEFINIDO,,,,,,NO DEFINIDO,NO DEFINIDO,NO DEFINIDO,158799860.0,145313566.0,145313566.0
10168701,20230601,220115276,E.S.E. Centro de Salud - Floresta,2.1.1.01.01.001,FACTORES SALARIALES COMUNES,GASTOS,FUNCIONAMIENTO,GASTOS DE PERSONAL,PLANTA DE PERSONAL PERMANENTE,FACTORES CONSTITUTIVOS DE SALARIO,FACTORES SALARIALES COMUNES,No Aplica,No Aplica,No Aplica,No Aplica,VIGENCIA ACTUAL,ENTIDADES DIFERENTES A ENTIDADES TERRITORIALES - UNIDAD DE SALUD,NO DEFINIDO,NO DEFINIDO,NO DEFINIDO,,,2023,Segundo Trimestre,,,,NO DEFINIDO,NO DEFINIDO,,,,,,NO DEFINIDO,,,,,,NO DEFINIDO,NO DEFINIDO,NO DEFINIDO,49125520.0,49125520.0,49125520.0
10170322,20230601,220115276,E.S.E. Centro de Salud - Floresta,2.1.1.01.03.001.03,BONIFICACION ESPECIAL DE RECREACION,GASTOS,FUNCIONAMIENTO,GASTOS DE PERSONAL,PLANTA DE PERSONAL PERMANENTE,REMUNERACIONES NO CONSTITUTIVAS DE FACTOR SALARIAL,PRESTACIONES SOCIALES,BONIFICACION ESPECIAL DE RECREACION,No Aplica,No Aplica,No Aplica,VIGENCIA ACTUAL,ENTIDADES DIFERENTES A ENTIDADES TERRITORIALES - UNIDAD DE SALUD,NO DEFINIDO,NO DEFINIDO,SALUD Y PROTECCION SOCIAL,,,2023,Segundo Trimestre,,,,NO APLICA,INGRESOS CORRIENTES DE LIBRE DESTINACION,,,,,,NO APLICA,,,,,,CON SITUACION DE FONDOS,NO APLICA,NO DEFINIDO,245059.0,245059.0,245059.0
10175061,20230301,220115276,E.S.E. Centro de Salud - Floresta,2.1.1.01.01.001,FACTORES SALARIALES COMUNES,GASTOS,FUNCIONAMIENTO,GASTOS DE PERSONAL,PLANTA DE PERSONAL PERMANENTE,FACTORES CONSTITUTIVOS DE SALARIO,FACTORES SALARIALES COMUNES,No Aplica,No Aplica,No Aplica,No Aplica,VIGENCIA ACTUAL,ENTIDADES TERRITORIALES - SALUD,NO DEFINIDO,NO DEFINIDO,NO DEFINIDO,,,2023,Primer Trimestre,,,,NO DEFINIDO,NO DEFINIDO,,,,,,NO DEFINIDO,,,,,,NO DEFINIDO,NO DEFINIDO,NO DEFINIDO,20200087.0,20200087.0,20200087.0
10176626,20221201,220115276,E.S.E. Centro de Salud - Floresta,2.1.2.02.01.002,"PRODUCTOS ALIMENTICIOS, BEBIDAS Y TABACO, TEXTILES, PRENDAS DE VESTIR Y PRODUCTOS DE CUERO",GASTOS,FUNCIONAMIENTO,ADQUISICION DE BIENES Y SERVICIOS,ADQUISICIONES DIFERENTES DE ACTIVOS,MATERIALES Y SUMINISTROS,"PRODUCTOS ALIMENTICIOS, BEBIDAS Y TABACO, TEXTILES, PRENDAS DE VESTIR Y PRODUCTOS DE CUERO",No Aplica,No Aplica,No Aplica,No Aplica,VIGENCIA ACTUAL,ENTIDADES DIFERENTES A ENTIDADES TERRITORIALES - GESTION GENERAL,NO DEFINIDO,NO DEFINIDO,NO APLICA,,,2022,Cuarto Trimestre,,,,OTROS SERVICIOS DIVERSOS N C P,INGRESOS CORRIENTES DE LIBRE DESTINACION,,,,,,NO APLICA,,,,,,CON SITUACION DE FONDOS,NO APLICA,NO DEFINIDO,29133500.0,29133500.0,29133500.0
10180236,20230301,220115276,E.S.E. Centro de Salud - Floresta,2.1.2.02.01.002,"PRODUCTOS ALIMENTICIOS, BEBIDAS Y TABACO, TEXTILES, PRENDAS DE VESTIR Y PRODUCTOS DE CUERO",GASTOS,FUNCIONAMIENTO,ADQUISICION DE BIENES Y SERVICIOS,ADQUISICIONES DIFERENTES DE ACTIVOS,MATERIALES Y SUMINISTROS,"PRODUCTOS ALIMENTICIOS, BEBIDAS Y TABACO, TEXTILES, PRENDAS DE VESTIR Y PRODUCTOS DE CUERO",No Aplica,No Aplica,No Aplica,No Aplica,VIGENCIA ACTUAL,ENTIDADES TERRITORIALES - SALUD,NO DEFINIDO,NO DEFINIDO,NO APLICA,,,2023,Primer Trimestre,,,,SERVICIOS DE LA ADMINISTRACION PUBLICA RELACIONADOS CON LA SALUD,INGRESOS CORRIENTES DE LIBRE DESTINACION,,,,,,NO APLICA,,,,,,CON SITUACION DE FONDOS,NO APLICA,NO DEFINIDO,248000.0,248000.0,248000.0
10206579,20230601,220115276,E.S.E. Centro de Salud - Floresta,2.1.1.01.01.001.08.02,PRIMA DE VACACIONES,GASTOS,FUNCIONAMIENTO,GASTOS DE PERSONAL,PLANTA DE PERSONAL PERMANENTE,FACTORES CONSTITUTIVOS DE SALARIO,FACTORES SALARIALES COMUNES,PRESTACIONES SOCIALES,PRIMA DE VACACIONES,No Aplica,No Aplica,VIGENCIA ACTUAL,ENTIDADES DIFERENTES A ENTIDADES TERRITORIALES - UNIDAD DE SALUD,NO DEFINIDO,NO DEFINIDO,SALUD Y PROTECCION SOCIAL,,,2023,Segundo Trimestre,,,,NO APLICA,INGRESOS CORRIENTES DE LIBRE DESTINACION,,,,,,NO APLICA,,,,,,CON SITUACION DE FONDOS,NO APLICA,NO DEFINIDO,1970368.0,1970368.0,1970368.0
10215172,20220601,220115276,E.S.E. Centro de Salud - Floresta,2.3.2.01,ADQUISICION DE ACTIVOS NO FINANCIEROS,GASTOS,INVERSION,ADQUISICION DE BIENES Y SERVICIOS,ADQUISICION DE ACTIVOS NO FINANCIEROS,No Aplica,No Aplica,No Aplica,No Aplica,No Aplica,No Aplica,VIGENCIA ACTUAL,ENTIDADES DIFERENTES A ENTIDADES TERRITORIALES - GESTION GENERAL,NO DEFINIDO,NO DEFINIDO,NO DEFINIDO,,,2022,Segundo Trimestre,,,,NO DEFINIDO,NO DEFINIDO,,,,,,NO DEFINIDO,,,,,,NO DEFINIDO,NO DEFINIDO,NO DEFINIDO,9026799.0,9026799.0,9026799.0
10216235,20220601,220115276,E.S.E. Centro de Salud - Floresta,2.4.1.01.01.001.06,PRIMA DE SERVICIO,GASTOS,GASTOS DE OPERACION COMERCIAL,GASTOS DE PERSONAL,PLANTA DE PERSONAL PERMANENTE,FACTORES CONSTITUTIVOS DE SALARIO,FACTORES SALARIALES COMUNES,PRIMA DE SERVICIO,No Aplica,No Aplica,No Aplica,VIGENCIA ACTUAL,ENTIDADES DIFERENTES A ENTIDADES TERRITORIALES - GESTION GENERAL,NO DEFINIDO,NO DEFINIDO,NO APLICA,,,2022,Segundo Trimestre,,,,NO APLICA,INGRESOS CORRIENTES DE LIBRE DESTINACION,,,,,,NO APLICA,,,,,,CON SITUACION DE FONDOS,E.S.E. CENTRO DE SALUD - FLORESTA,NO DEFINIDO,1728247.0,1728247.0,1728247.0
10216691,20220301,220115276,E.S.E. Centro de Salud - Floresta,2.4.1.01.02.007,APORTES AL SENA,GASTOS,GASTOS DE OPERACION COMERCIAL,GASTOS DE PERSONAL,PLANTA DE PERSONAL PERMANENTE,CONTRIBUCIONES INHERENTES A LA NOMINA,APORTES AL SENA,No Aplica,No Aplica,No Aplica,No Aplica,VIGENCIA ACTUAL,ENTIDADES DIFERENTES A ENTIDADES TERRITORIALES - GESTION GENERAL,NO DEFINIDO,NO DEFINIDO,NO APLICA,,,2022,Primer Trimestre,,,,NO APLICA,INGRESOS CORRIENTES DE LIBRE DESTINACION,,,,,,NO APLICA,,,,,,CON SITUACION DE FONDOS,SERVICIO NACIONAL DE APRENDIZAJE,NO DEFINIDO,651200.0,651200.0,651200.0
10222749,20220601,220115276,E.S.E. Centro de Salud - Floresta,2.4.5.02.09,"SERVICIOS PARA LA COMUNIDAD, SOCIALES Y PERSONALES",GASTOS,GASTOS DE OPERACION COMERCIAL,GASTOS DE COMERCIALIZACION Y PRODUCCION,ADQUISICION DE SERVICIOS,"SERVICIOS PARA LA COMUNIDAD, SOCIALES Y PERSONALES",No Aplica,No Aplica,No Aplica,No Aplica,No Aplica,VIGENCIA ACTUAL,ENTIDADES DIFERENTES A ENTIDADES TERRITORIALES - GESTION GENERAL,NO DEFINIDO,NO DEFINIDO,NO APLICA,,,2022,Segundo Trimestre,,,,OTROS SERVICIOS DIVERSOS N C P,INGRESOS CORRIENTES DE LIBRE DESTINACION,,,,,,NO APLICA,,,,,,CON SITUACION DE FONDOS,E.S.E. CENTRO DE SALUD - FLORESTA,NO DEFINIDO,93254321.0,62219381.0,62219381.0
10225070,20211201,220115276,E.S.E. Centro de Salud - Floresta,2.1.2,ADQUISICION DE BIENES Y SERVICIOS,GASTOS,FUNCIONAMIENTO,ADQUISICION DE BIENES Y SERVICIOS,No Aplica,No Aplica,No Aplica,No Aplica,No Aplica,No Aplica,No Aplica,VIGENCIA ACTUAL,ENTIDADES TERRITORIALES - SALUD,NO DEFINIDO,NO DEFINIDO,NO DEFINIDO,,,2021,Cuarto Trimestre,,,,NO DEFINIDO,NO DEFINIDO,,,,,,NO DEFINIDO,,,,,,NO DEFINIDO,NO DEFINIDO,NO DEFINIDO,462015724.0,462015724.0,448952510.0
10227124,20210301,220115276,E.S.E. Centro de Salud - Floresta,2.1.1.01.03.001.01,VACACIONES,GASTOS,FUNCIONAMIENTO,GASTOS DE PERSONAL,PLANTA DE PERSONAL PERMANENTE,REMUNERACIONES NO CONSTITUTIVAS DE FACTOR SALARIAL,PRESTACIONES SOCIALES,VACACIONES,No Aplica,No Aplica,No Aplica,VIGENCIA ACTUAL,ENTIDADES DIFERENTES A ENTIDADES TERRITORIALES - UNIDAD DE SALUD,NO DEFINIDO,NO DEFINIDO,NO APLICA,,,2021,Primer Trimestre,,,,NO APLICA,1.2.1.0.00 - INGRESOS CORRIENTES DE LIBRE DESTINACION,,,,,,NO APLICA,,,,,,CON SITUACION DE FONDOS,NO APLICA,NO DEFINIDO,1108988.0,1108988.0,1108988.0
10244474,20220601,220115276,E.S.E. Centro de Salud - Floresta,2.4.1.01.02.007,APORTES AL SENA,GASTOS,GASTOS DE OPERACION COMERCIAL,GASTOS DE PERSONAL,PLANTA DE PERSONAL PERMANENTE,CONTRIBUCIONES INHERENTES A LA NOMINA,APORTES AL SENA,No Aplica,No Aplica,No Aplica,No Aplica,VIGENCIA ACTUAL,ENTIDADES DIFERENTES A ENTIDADES TERRITORIALES - GESTION GENERAL,NO DEFINIDO,NO DEFINIDO,NO APLICA,,,2022,Segundo Trimestre,,,,NO APLICA,INGRESOS CORRIENTES DE LIBRE DESTINACION,,,,,,NO APLICA,,,,,,CON SITUACION DE FONDOS,SERVICIO NACIONAL DE APRENDIZAJE,NO DEFINIDO,1391200.0,1391200.0,1391200.0
10245683,20230601,220115276,E.S.E. Centro de Salud - Floresta,2.1.1.01.03.001.02,INDEMNIZACION POR VACACIONES,GASTOS,FUNCIONAMIENTO,GASTOS DE PERSONAL,PLANTA DE PERSONAL PERMANENTE,REMUNERACIONES NO CONSTITUTIVAS DE FACTOR SALARIAL,PRESTACIONES SOCIALES,INDEMNIZACION POR VACACIONES,No Aplica,No Aplica,No Aplica,VIGENCIA ACTUAL,ENTIDADES DIFERENTES A ENTIDADES TERRITORIALES - UNIDAD DE SALUD,NO DEFINIDO,NO DEFINIDO,SALUD Y PROTECCION SOCIAL,,,2023,Segundo Trimestre,,,,NO APLICA,INGRESOS CORRIENTES DE LIBRE DESTINACION,,,,,,NO APLICA,,,,,,CON SITUACION DE FONDOS,NO APLICA,NO DEFINIDO,3021230.0,3021230.0,3021230.0
10261018,20211201,220115276,E.S.E. Centro de Salud - Floresta,2.1.1.01.02.006,APORTES AL ICBF,GASTOS,FUNCIONAMIENTO,GASTOS DE PERSONAL,PLANTA DE PERSONAL PERMANENTE,CONTRIBUCIONES INHERENTES A LA NOMINA,APORTES AL ICBF,No Aplica,No Aplica,No Aplica,No Aplica,VIGENCIA ACTUAL,ENTIDADES TERRITORIALES - SALUD,NO DEFINIDO,NO DEFINIDO,NO APLICA,,,2021,Cuarto Trimestre,,,,NO APLICA,INGRESOS CORRIENTES DE LIBRE DESTINACION,,,,,,NO APLICA,,,,,,CON SITUACION DE FONDOS,INSTITUTO COLOMBIANO DE BIENESTAR FAMILIAR,NO DEFINIDO,6042700.0,6042700.0,6042700.0
10266676,20230301,220115276,E.S.E. Centro de Salud - Floresta,2.1.1.01.02.004,APORTES A CAJAS DE COMPENSACION FAMILIAR,GASTOS,FUNCIONAMIENTO,GASTOS DE PERSONAL,PLANTA DE PERSONAL PERMANENTE,CONTRIBUCIONES INHERENTES A LA NOMINA,APORTES A CAJAS DE COMPENSACION FAMILIAR,No Aplica,No Aplica,No Aplica,No Aplica,VIGENCIA ACTUAL,ENTIDADES TERRITORIALES - SALUD,NO DEFINIDO,NO DEFINIDO,NO APLICA,,,2023,Primer Trimestre,,,,NO APLICA,INGRESOS CORRIENTES DE LIBRE DESTINACION,,,,,,NO APLICA,,,,,,CON SITUACION DE FONDOS,NO APLICA,NO DEFINIDO,509000.0,509000.0,509000.0
10267701,20210901,220115276,E.S.E. Centro de Salud - Floresta,2.1.1.01.02.004,APORTES A CAJAS DE COMPENSACION FAMILIAR,GASTOS,FUNCIONAMIENTO,GASTOS DE PERSONAL,PLANTA DE PERSONAL PERMANENTE,CONTRIBUCIONES INHERENTES A LA NOMINA,APORTES A CAJAS DE COMPENSACION FAMILIAR,No Aplica,No Aplica,No Aplica,No Aplica,VIGENCIA ACTUAL,ENTIDADES TERRITORIALES - SALUD,NO DEFINIDO,NO DEFINIDO,NO APLICA,,,2021,Tercer Trimestre,,,,NO APLICA,NO APLICA,,,,,,NO APLICA,,,,,,CON SITUACION DE FONDOS,E.S.E. CENTRO DE SALUD - FLORESTA,NO DEFINIDO,5579800.0,5579800.0,5579800.0
10269052,20220901,220115276,E.S.E. Centro de Salud - Floresta,2.1.8.04,CONTRIBUCIONES,GASTOS,FUNCIONAMIENTO,"GASTOS POR TRIBUTOS, TASAS, CONTRIBUCIONES, MULTAS, SANCIONES E INTERESES DE MORA",CONTRIBUCIONES,No Aplica,No Aplica,No Aplica,No Aplica,No Aplica,No Aplica,VIGENCIA ACTUAL,ENTIDADES DIFERENTES A ENTIDADES TERRITORIALES - GESTION GENERAL,NO DEFINIDO,NO DEFINIDO,NO DEFINIDO,,,2022,Tercer Trimestre,,,,NO DEFINIDO,NO DEFINIDO,,,,,,NO DEFINIDO,,,,,,NO DEFINIDO,NO DEFINIDO,NO DEFINIDO,656211.0,656211.0,656211.0
10269760,20220901,220115276,E.S.E. Centro de Salud - Floresta,2.4.5.02,ADQUISICION DE SERVICIOS,GASTOS,GASTOS DE OPERACION COMERCIAL,GASTOS DE COMERCIALIZACION Y PRODUCCION,ADQUISICION DE SERVICIOS,No Aplica,No Aplica,No Aplica,No Aplica,No Aplica,No Aplica,VIGENCIA ACTUAL,ENTIDADES DIFERENTES A ENTIDADES TERRITORIALES - GESTION GENERAL,NO DEFINIDO,NO DEFINIDO,NO DEFINIDO,,,2022,Tercer Trimestre,,,,NO DEFINIDO,NO DEFINIDO,,,,,,NO DEFINIDO,,,,,,NO DEFINIDO,NO DEFINIDO,NO DEFINIDO,162090321.0,97804879.0,97804879.0
10271218,20210601,220115276,E.S.E. Centro de Salud - Floresta,2.1.1.01.01.001,FACTORES SALARIALES COMUNES,GASTOS,FUNCIONAMIENTO,GASTOS DE PERSONAL,PLANTA DE PERSONAL PERMANENTE,FACTORES CONSTITUTIVOS DE SALARIO,FACTORES SALARIALES COMUNES,No Aplica,No Aplica,No Aplica,No Aplica,VIGENCIA ACTUAL,ENTIDADES DIFERENTES A ENTIDADES TERRITORIALES - UNIDAD DE SALUD,NO DEFINIDO,NO DEFINIDO,NO DEFINIDO,,,2021,Segundo Trimestre,,,,NO DEFINIDO,NO DEFINIDO,,,,,,NO DEFINIDO,,,,,,NO DEFINIDO,NO DEFINIDO,NO DEFINIDO,119890454.0,106404160.0,106404160.0
10272701,20210301,220115276,E.S.E. Centro de Salud - Floresta,2.1.1.01.02.003,APORTES DE CESANTIAS,GASTOS,FUNCIONAMIENTO,GASTOS DE PERSONAL,PLANTA DE PERSONAL PERMANENTE,CONTRIBUCIONES INHERENTES A LA NOMINA,APORTES DE CESANTIAS,No Aplica,No Aplica,No Aplica,No Aplica,VIGENCIA ACTUAL,ENTIDADES DIFERENTES A ENTIDADES TERRITORIALES - UNIDAD DE SALUD,NO DEFINIDO,NO DEFINIDO,NO APLICA,,,2021,Primer Trimestre,,,,NO APLICA,1.2.1.0.00 - INGRESOS CORRIENTES DE LIBRE DESTINACION,,,,,,NO APLICA,,,,,,CON SITUACION DE FONDOS,NO APLICA,NO DEFINIDO,1592589.0,1592589.0,1592589.0
10281587,20220301,220115276,E.S.E. Centro de Salud - Floresta,2.3.2.01.01,ACTIVOS FIJOS,GASTOS,INVERSION,ADQUISICION DE BIENES Y SERVICIOS,ADQUISICION DE ACTIVOS NO FINANCIEROS,ACTIVOS FIJOS,No Aplica,No Aplica,No Aplica,No Aplica,No Aplica,VIGENCIA ACTUAL,ENTIDADES DIFERENTES A ENTIDADES TERRITORIALES - GESTION GENERAL,NO DEFINIDO,NO DEFINIDO,NO DEFINIDO,,,2022,Primer Trimestre,,,,NO DEFINIDO,NO DEFINIDO,,,,,,NO DEFINIDO,,,,,,NO DEFINIDO,NO DEFINIDO,NO DEFINIDO,9026799.0,9026799.0,9026799.0
10286158,20230301,220115276,E.S.E. Centro de Salud - Floresta,2.1.2.02.02.007,SERVICIOS FINANCIEROS Y SERVICIOS CONEXOS; SERVICIOS INMOBILIARIOS; Y SERVICIOS DE ARRENDAMIENTO Y LEASING,GASTOS,FUNCIONAMIENTO,ADQUISICION DE BIENES Y SERVICIOS,ADQUISICIONES DIFERENTES DE ACTIVOS,ADQUISICION DE SERVICIOS,SERVICIOS FINANCIEROS Y SERVICIOS CONEXOS; SERVICIOS INMOBILIARIOS; Y SERVICIOS DE ARRENDAMIENTO Y LEASING,No Aplica,No Aplica,No Aplica,No Aplica,VIGENCIA ACTUAL,ENTIDADES TERRITORIALES - SALUD,NO DEFINIDO,NO DEFINIDO,NO APLICA,,,2023,Primer Trimestre,,,,SERVICIOS DE LA ADMINISTRACION PUBLICA RELACIONADOS CON LA SALUD,INGRESOS CORRIENTES DE LIBRE DESTINACION,,,,,,NO APLICA,,,,,,CON SITUACION DE FONDOS,NO APLICA,NO DEFINIDO,1005302.0,1005302.0,1005302.0
10300744,20230601,220115276,E.S.E. Centro de Salud - Floresta,2.1.2.02.02,ADQUISICION DE SERVICIOS,GASTOS,FUNCIONAMIENTO,ADQUISICION DE BIENES Y SERVICIOS,ADQUISICIONES DIFERENTES DE ACTIVOS,ADQUISICION DE SERVICIOS,No Aplica,No Aplica,No Aplica,No Aplica,No Aplica,VIGENCIA ACTUAL,ENTIDADES DIFERENTES A ENTIDADES TERRITORIALES - UNIDAD DE SALUD,NO DEFINIDO,NO DEFINIDO,NO DEFINIDO,,,2023,Segundo Trimestre,,,,NO DEFINIDO,NO DEFINIDO,,,,,,NO DEFINIDO,,,,,,NO DEFINIDO,NO DEFINIDO,NO DEFINIDO,192267552.0,65824508.0,65824508.0
10302034,20220901,220115276,E.S.E. Centro de Salud - Floresta,2.1.2.01.01.003.06,"APARATOS MEDICOS, INSTRUMENTOS OPTICOS Y DE PRECISION, RELOJES",GASTOS,FUNCIONAMIENTO,ADQUISICION DE BIENES Y SERVICIOS,ADQUISICION DE ACTIVOS NO FINANCIEROS,ACTIVOS FIJOS,MAQUINARIA Y EQUIPO,"APARATOS MEDICOS, INSTRUMENTOS OPTICOS Y DE PRECISION, RELOJES",No Aplica,No Aplica,No Aplica,VIGENCIA ACTUAL,ENTIDADES DIFERENTES A ENTIDADES TERRITORIALES - GESTION GENERAL,NO DEFINIDO,NO DEFINIDO,NO DEFINIDO,,,2022,Tercer Trimestre,,,,NO DEFINIDO,NO DEFINIDO,,,,,,NO DEFINIDO,,,,,,NO DEFINIDO,NO DEFINIDO,NO DEFINIDO,960000.0,960000.0,960000.0
10302378,20230301,220115276,E.S.E. Centro de Salud - Floresta,2.1.2,ADQUISICION DE BIENES Y SERVICIOS,GASTOS,FUNCIONAMIENTO,ADQUISICION DE BIENES Y SERVICIOS,No Aplica,No Aplica,No Aplica,No Aplica,No Aplica,No Aplica,No Aplica,VIGENCIA ACTUAL,ENTIDADES TERRITORIALES - SALUD,NO DEFINIDO,NO DEFINIDO,NO DEFINIDO,,,2023,Primer Trimestre,,,,NO DEFINIDO,NO DEFINIDO,,,,,,NO DEFINIDO,,,,,,NO DEFINIDO,NO DEFINIDO,NO DEFINIDO,88041997.0,28082211.0,28082211.0
10303690,20230601,220115276,E.S.E. Centro de Salud - Floresta,2.1.2.01.01,ACTIVOS FIJOS,GASTOS,FUNCIONAMIENTO,ADQUISICION DE BIENES Y SERVICIOS,ADQUISICION DE ACTIVOS NO FINANCIEROS,ACTIVOS FIJOS,No Aplica,No Aplica,No Aplica,No Aplica,No Aplica,VIGENCIA ACTUAL,ENTIDADES DIFERENTES A ENTIDADES TERRITORIALES - UNIDAD DE SALUD,NO DEFINIDO,NO DEFINIDO,NO DEFINIDO,,,2023,Segundo Trimestre,,,,NO DEFINIDO,NO DEFINIDO,,,,,,NO DEFINIDO,,,,,,NO DEFINIDO,NO DEFINIDO,NO DEFINIDO,4327000.0,2025000.0,2025000.0
10306068,20230601,220115276,E.S.E. Centro de Salud - Floresta,2.1.2.01.01.003.03.02,"MAQUINARIA DE INFORMATICA Y SUS PARTES, PIEZAS Y ACCESORIOS",GASTOS,FUNCIONAMIENTO,ADQUISICION DE BIENES Y SERVICIOS,ADQUISICION DE ACTIVOS NO FINANCIEROS,ACTIVOS FIJOS,MAQUINARIA Y EQUIPO,"MAQUINARIA DE OFICINA, CONTABILIDAD E INFORMATICA","MAQUINARIA DE INFORMATICA Y SUS PARTES, PIEZAS Y ACCESORIOS",No Aplica,No Aplica,VIGENCIA ACTUAL,ENTIDADES DIFERENTES A ENTIDADES TERRITORIALES - UNIDAD DE SALUD,NO DEFINIDO,NO DEFINIDO,SALUD Y PROTECCION SOCIAL,,,2023,Segundo Trimestre,,,,NO APLICA,INGRESOS CORRIENTES DE LIBRE DESTINACION,,,,,,NO APLICA,,,,,,CON SITUACION DE FONDOS,NO APLICA,NO DEFINIDO,2302000.0,0.0,0.0
10311597,20220601,220115276,E.S.E. Centro de Salud - Floresta,2.1.2.02.02.008,SERVICIOS PRESTADOS A LAS EMPRESAS Y SERVICIOS DE PRODUCCION,GASTOS,FUNCIONAMIENTO,ADQUISICION DE BIENES Y SERVICIOS,ADQUISICIONES DIFERENTES DE ACTIVOS,ADQUISICION DE SERVICIOS,SERVICIOS PRESTADOS A LAS EMPRESAS Y SERVICIOS DE PRODUCCION,No Aplica,No Aplica,No Aplica,No Aplica,VIGENCIA ACTUAL,ENTIDADES DIFERENTES A ENTIDADES TERRITORIALES - GESTION GENERAL,NO DEFINIDO,NO DEFINIDO,NO APLICA,,,2022,Segundo Trimestre,,,,OTROS SERVICIOS DIVERSOS N C P,INGRESOS CORRIENTES DE LIBRE DESTINACION,,,,,,NO APLICA,,,,,,CON SITUACION DE FONDOS,E.S.E. CENTRO DE SALUD - FLORESTA,NO DEFINIDO,74313892.0,59443904.0,59443904.0
10317770,20210901,220115276,E.S.E. Centro de Salud - Floresta,2.1.2.02.02,ADQUISICION DE SERVICIOS,GASTOS,FUNCIONAMIENTO,ADQUISICION DE BIENES Y SERVICIOS,ADQUISICIONES DIFERENTES DE ACTIVOS,ADQUISICION DE SERVICIOS,No Aplica,No Aplica,No Aplica,No Aplica,No Aplica,VIGENCIA ACTUAL,ENTIDADES TERRITORIALES - SALUD,NO DEFINIDO,NO DEFINIDO,NO DEFINIDO,,,2021,Tercer Trimestre,,,,NO DEFINIDO,NO DEFINIDO,,,,,,NO DEFINIDO,,,,,,NO DEFINIDO,NO DEFINIDO,NO DEFINIDO,338022495.0,214469073.0,214469073.0
10317867,20220601,220115276,E.S.E. Centro de Salud - Floresta,2.4.1.01.03.001.01,VACACIONES,GASTOS,GASTOS DE OPERACION COMERCIAL,GASTOS DE PERSONAL,PLANTA DE PERSONAL PERMANENTE,REMUNERACIONES NO CONSTITUTIVAS DE FACTOR SALARIAL,PRESTACIONES SOCIALES,VACACIONES,No Aplica,No Aplica,No Aplica,VIGENCIA ACTUAL,ENTIDADES DIFERENTES A ENTIDADES TERRITORIALES - GESTION GENERAL,NO DEFINIDO,NO DEFINIDO,NO APLICA,,,2022,Segundo Trimestre,,,,NO APLICA,INGRESOS CORRIENTES DE LIBRE DESTINACION,,,,,,NO APLICA,,,,,,CON SITUACION DE FONDOS,NO APLICA,NO DEFINIDO,1168602.0,1168602.0,1168602.0
10334544,20220901,220115276,E.S.E. Centro de Salud - Floresta,2.1.2.02.02.005,CONSTRUCCION Y SERVICIOS DE LA CONSTRUCCION,GASTOS,FUNCIONAMIENTO,ADQUISICION DE BIENES Y SERVICIOS,ADQUISICIONES DIFERENTES DE ACTIVOS,ADQUISICION DE SERVICIOS,CONSTRUCCION Y SERVICIOS DE LA CONSTRUCCION,No Aplica,No Aplica,No Aplica,No Aplica,VIGENCIA ACTUAL,ENTIDADES DIFERENTES A ENTIDADES TERRITORIALES - GESTION GENERAL,NO DEFINIDO,NO DEFINIDO,NO APLICA,,,2022,Tercer Trimestre,,,,OTROS SERVICIOS DIVERSOS N C P,INGRESOS CORRIENTES DE LIBRE DESTINACION,,,,,,NO APLICA,,,,,,CON SITUACION DE FONDOS,NO APLICA,NO DEFINIDO,1600000.0,800000.0,800000.0
10340739,20210601,220115276,E.S.E. Centro de Salud - Floresta,2.1.2,ADQUISICION DE BIENES Y SERVICIOS,GASTOS,FUNCIONAMIENTO,ADQUISICION DE BIENES Y SERVICIOS,No Aplica,No Aplica,No Aplica,No Aplica,No Aplica,No Aplica,No Aplica,VIGENCIA ACTUAL,ENTIDADES DIFERENTES A ENTIDADES TERRITORIALES - UNIDAD DE SALUD,NO DEFINIDO,NO DEFINIDO,NO DEFINIDO,,,2021,Segundo Trimestre,,,,NO DEFINIDO,NO DEFINIDO,,,,,,NO DEFINIDO,,,,,,NO DEFINIDO,NO DEFINIDO,NO DEFINIDO,230261726.0,130154606.0,130154606.0
10345530,20221201,220115276,E.S.E. Centro de Salud - Floresta,2.3.2.01.01.003.06.01,APARATOS MEDICOS Y QUIRURGICOS Y APARATOS ORTESICOS Y PROTESICOS,GASTOS,INVERSION,ADQUISICION DE BIENES Y SERVICIOS,ADQUISICION DE ACTIVOS NO FINANCIEROS,ACTIVOS FIJOS,MAQUINARIA Y EQUIPO,"APARATOS MEDICOS, INSTRUMENTOS OPTICOS Y DE PRECISION, RELOJES",APARATOS MEDICOS Y QUIRURGICOS Y APARATOS ORTESICOS Y PROTESICOS,No Aplica,No Aplica,VIGENCIA ACTUAL,ENTIDADES DIFERENTES A ENTIDADES TERRITORIALES - GESTION GENERAL,NO DEFINIDO,NO DEFINIDO,NO APLICA,,,2022,Cuarto Trimestre,,,,NO APLICA,INGRESOS CORRIENTES DE LIBRE DESTINACION,,,,,,NO APLICA,,,,,,CON SITUACION DE FONDOS,NO APLICA,NO DEFINIDO,42802359.0,42802359.0,42802359.0
10345598,20210301,220115276,E.S.E. Centro de Salud - Floresta,2.1.1.01.02.001,APORTES A LA SEGURIDAD SOCIAL EN PENSIONES,GASTOS,FUNCIONAMIENTO,GASTOS DE PERSONAL,PLANTA DE PERSONAL PERMANENTE,CONTRIBUCIONES INHERENTES A LA NOMINA,APORTES A LA SEGURIDAD SOCIAL EN PENSIONES,No Aplica,No Aplica,No Aplica,No Aplica,VIGENCIA ACTUAL,ENTIDADES DIFERENTES A ENTIDADES TERRITORIALES - UNIDAD DE SALUD,NO DEFINIDO,NO DEFINIDO,NO APLICA,,,2021,Primer Trimestre,,,,NO APLICA,1.2.1.0.00 - INGRESOS CORRIENTES DE LIBRE DESTINACION,,,,,,NO APLICA,,,,,,CON SITUACION DE FONDOS,NO APLICA,NO DEFINIDO,5975012.0,5975012.0,5975012.0
10348062,20220301,220115276,E.S.E. Centro de Salud - Floresta,2.1.1.01.02.007,APORTES AL SENA,GASTOS,FUNCIONAMIENTO,GASTOS DE PERSONAL,PLANTA DE PERSONAL PERMANENTE,CONTRIBUCIONES INHERENTES A LA NOMINA,APORTES AL SENA,No Aplica,No Aplica,No Aplica,No Aplica,VIGENCIA ACTUAL,ENTIDADES DIFERENTES A ENTIDADES TERRITORIALES - GESTION GENERAL,NO DEFINIDO,NO DEFINIDO,NO APLICA,,,2022,Primer Trimestre,,,,NO APLICA,INGRESOS CORRIENTES DE LIBRE DESTINACION,,,,,,NO APLICA,,,,,,CON SITUACION DE FONDOS,SERVICIO NACIONAL DE APRENDIZAJE,NO DEFINIDO,266600.0,266600.0,266600.0
10350481,20220301,220115276,E.S.E. Centro de Salud - Floresta,2.3.2.01,ADQUISICION DE ACTIVOS NO FINANCIEROS,GASTOS,INVERSION,ADQUISICION DE BIENES Y SERVICIOS,ADQUISICION DE ACTIVOS NO FINANCIEROS,No Aplica,No Aplica,No Aplica,No Aplica,No Aplica,No Aplica,VIGENCIA ACTUAL,ENTIDADES DIFERENTES A ENTIDADES TERRITORIALES - GESTION GENERAL,NO DEFINIDO,NO DEFINIDO,NO DEFINIDO,,,2022,Primer Trimestre,,,,NO DEFINIDO,NO DEFINIDO,,,,,,NO DEFINIDO,,,,,,NO DEFINIDO,NO DEFINIDO,NO DEFINIDO,9026799.0,9026799.0,9026799.0
10364632,20220301,220115276,E.S.E. Centro de Salud - Floresta,2.4.1.01.01,FACTORES CONSTITUTIVOS DE SALARIO,GASTOS,GASTOS DE OPERACION COMERCIAL,GASTOS DE PERSONAL,PLANTA DE PERSONAL PERMANENTE,FACTORES CONSTITUTIVOS DE SALARIO,No Aplica,No Aplica,No Aplica,No Aplica,No Aplica,VIGENCIA ACTUAL,ENTIDADES DIFERENTES A ENTIDADES TERRITORIALES - GESTION GENERAL,NO DEFINIDO,NO DEFINIDO,NO DEFINIDO,,,2022,Primer Trimestre,,,,NO DEFINIDO,NO DEFINIDO,,,,,,NO DEFINIDO,,,,,,NO DEFINIDO,NO DEFINIDO,NO DEFINIDO,47336499.0,36755415.0,36755415.0
10364944,20220901,220115276,E.S.E. Centro de Salud - Floresta,2.4.1.01,PLANTA DE PERSONAL PERMANENTE,GASTOS,GASTOS DE OPERACION COMERCIAL,GASTOS DE PERSONAL,PLANTA DE PERSONAL PERMANENTE,No Aplica,No Aplica,No Aplica,No Aplica,No Aplica,No Aplica,VIGENCIA ACTUAL,ENTIDADES DIFERENTES A ENTIDADES TERRITORIALES - GESTION GENERAL,NO DEFINIDO,NO DEFINIDO,NO DEFINIDO,,,2022,Tercer Trimestre,,,,NO DEFINIDO,NO DEFINIDO,,,,,,NO DEFINIDO,,,,,,NO DEFINIDO,NO DEFINIDO,NO DEFINIDO,175406087.0,171879059.0,171879059.0
10369454,20221201,220115276,E.S.E. Centro de Salud - Floresta,2.1.1.01.02.006,APORTES AL ICBF,GASTOS,FUNCIONAMIENTO,GASTOS DE PERSONAL,PLANTA DE PERSONAL PERMANENTE,CONTRIBUCIONES INHERENTES A LA NOMINA,APORTES AL ICBF,No Aplica,No Aplica,No Aplica,No Aplica,VIGENCIA ACTUAL,ENTIDADES DIFERENTES A ENTIDADES TERRITORIALES - GESTION GENERAL,NO DEFINIDO,NO DEFINIDO,NO APLICA,,,2022,Cuarto Trimestre,,,,NO APLICA,INGRESOS CORRIENTES DE LIBRE DESTINACION,,,,,,NO APLICA,,,,,,CON SITUACION DE FONDOS,INSTITUTO COLOMBIANO DE BIENESTAR FAMILIAR,NO DEFINIDO,2353070.0,2353070.0,2353070.0
10369622,20211201,220115276,E.S.E. Centro de Salud - Floresta,2,GASTOS,GASTOS,No Aplica,No Aplica,No Aplica,No Aplica,No Aplica,No Aplica,No Aplica,No Aplica,No Aplica,VIGENCIA ACTUAL,ENTIDADES TERRITORIALES - SALUD,NO DEFINIDO,NO DEFINIDO,NO DEFINIDO,,,2021,Cuarto Trimestre,,,,NO DEFINIDO,NO DEFINIDO,,,,,,NO DEFINIDO,,,,,,NO DEFINIDO,NO DEFINIDO,NO DEFINIDO,650608927.0,650608927.0,637545713.0
10372514,20221201,220115276,E.S.E. Centro de Salud - Floresta,2.4.1.01.02.004,APORTES A CAJAS DE COMPENSACION FAMILIAR,GASTOS,GASTOS DE OPERACION COMERCIAL,GASTOS DE PERSONAL,PLANTA DE PERSONAL PERMANENTE,CONTRIBUCIONES INHERENTES A LA NOMINA,APORTES A CAJAS DE COMPENSACION FAMILIAR,No Aplica,No Aplica,No Aplica,No Aplica,VIGENCIA ACTUAL,ENTIDADES DIFERENTES A ENTIDADES TERRITORIALES - GESTION GENERAL,NO DEFINIDO,NO DEFINIDO,NO APLICA,,,2022,Cuarto Trimestre,,,,NO APLICA,INGRESOS CORRIENTES DE LIBRE DESTINACION,,,,,,NO APLICA,,,,,,CON SITUACION DE FONDOS,NO APLICA,NO DEFINIDO,6138380.0,6138380.0,6138380.0
10376329,20220301,220115276,E.S.E. Centro de Salud - Floresta,2.4.1.01.01.001.01,SUELDO BASICO,GASTOS,GASTOS DE OPERACION COMERCIAL,GASTOS DE PERSONAL,PLANTA DE PERSONAL PERMANENTE,FACTORES CONSTITUTIVOS DE SALARIO,FACTORES SALARIALES COMUNES,SUELDO BASICO,No Aplica,No Aplica,No Aplica,VIGENCIA ACTUAL,ENTIDADES DIFERENTES A ENTIDADES TERRITORIALES - GESTION GENERAL,NO DEFINIDO,NO DEFINIDO,NO APLICA,,,2022,Primer Trimestre,,,,NO APLICA,INGRESOS CORRIENTES DE LIBRE DESTINACION,,,,,,NO APLICA,,,,,,CON SITUACION DE FONDOS,NO APLICA,NO DEFINIDO,44058846.0,34088178.0,34088178.0
10384040,20211201,220115276,E.S.E. Centro de Salud - Floresta,2.1.2.02.02.007,SERVICIOS FINANCIEROS Y SERVICIOS CONEXOS; SERVICIOS INMOBILIARIOS; Y SERVICIOS DE ARRENDAMIENTO Y LEASING,GASTOS,FUNCIONAMIENTO,ADQUISICION DE BIENES Y SERVICIOS,ADQUISICIONES DIFERENTES DE ACTIVOS,ADQUISICION DE SERVICIOS,SERVICIOS FINANCIEROS Y SERVICIOS CONEXOS; SERVICIOS INMOBILIARIOS; Y SERVICIOS DE ARRENDAMIENTO Y LEASING,No Aplica,No Aplica,No Aplica,No Aplica,VIGENCIA ACTUAL,ENTIDADES TERRITORIALES - SALUD,NO DEFINIDO,NO DEFINIDO,NO APLICA,,,2021,Cuarto Trimestre,,,,SERVICIOS DE LA ADMINISTRACION PUBLICA RELACIONADOS CON LA SALUD,INGRESOS CORRIENTES DE LIBRE DESTINACION,,,,,,NO APLICA,,,,,,CON SITUACION DE FONDOS,E.S.E. CENTRO DE SALUD - FLORESTA,NO DEFINIDO,6451708.0,6451708.0,6451708.0
10385937,20221201,220115276,E.S.E. Centro de Salud - Floresta,2.1.1.01.01.001.08.01,PRIMA DE NAVIDAD,GASTOS,FUNCIONAMIENTO,GASTOS DE PERSONAL,PLANTA DE PERSONAL PERMANENTE,FACTORES CONSTITUTIVOS DE SALARIO,FACTORES SALARIALES COMUNES,PRESTACIONES SOCIALES,PRIMA DE NAVIDAD,No Aplica,No Aplica,VIGENCIA ACTUAL,ENTIDADES DIFERENTES A ENTIDADES TERRITORIALES - GESTION GENERAL,NO DEFINIDO,NO DEFINIDO,NO APLICA,,,2022,Cuarto Trimestre,,,,NO APLICA,INGRESOS CORRIENTES DE LIBRE DESTINACION,,,,,,NO APLICA,,,,,,CON SITUACION DE FONDOS,NO APLICA,NO DEFINIDO,7296290.0,7296290.0,7296290.0
10394587,20220601,220115276,E.S.E. Centro de Salud - Floresta,2.4.1.01.02,CONTRIBUCIONES INHERENTES A LA NOMINA,GASTOS,GASTOS DE OPERACION COMERCIAL,GASTOS DE PERSONAL,PLANTA DE PERSONAL PERMANENTE,CONTRIBUCIONES INHERENTES A LA NOMINA,No Aplica,No Aplica,No Aplica,No Aplica,No Aplica,VIGENCIA ACTUAL,ENTIDADES DIFERENTES A ENTIDADES TERRITORIALES - GESTION GENERAL,NO DEFINIDO,NO DEFINIDO,NO DEFINIDO,,,2022,Segundo Trimestre,,,,NO DEFINIDO,NO DEFINIDO,,,,,,NO DEFINIDO,,,,,,NO DEFINIDO,NO DEFINIDO,NO DEFINIDO,26063852.0,26063852.0,26063852.0
10409129,20230301,220115276,E.S.E. Centro de Salud - Floresta,2.4.1.01.03.001.02,INDEMNIZACION POR VACACIONES,GASTOS,GASTOS DE OPERACION COMERCIAL,GASTOS DE PERSONAL,PLANTA DE PERSONAL PERMANENTE,REMUNERACIONES NO CONSTITUTIVAS DE FACTOR SALARIAL,PRESTACIONES SOCIALES,INDEMNIZACION POR VACACIONES,No Aplica,No Aplica,No Aplica,VIGENCIA ACTUAL,ENTIDADES TERRITORIALES - SALUD,NO DEFINIDO,NO DEFINIDO,NO APLICA,,,2023,Primer Trimestre,,,,NO APLICA,INGRESOS CORRIENTES DE LIBRE DESTINACION,,,,,,NO APLICA,,,,,,CON SITUACION DE FONDOS,NO APLICA,NO DEFINIDO,2038784.0,2038784.0,2038784.0
10414800,20220301,220115276,E.S.E. Centro de Salud - Floresta,2.4.1.01.02.001,APORTES A LA SEGURIDAD SOCIAL EN PENSIONES,GASTOS,GASTOS DE OPERACION COMERCIAL,GASTOS DE PERSONAL,PLANTA DE PERSONAL PERMANENTE,CONTRIBUCIONES INHERENTES A LA NOMINA,APORTES A LA SEGURIDAD SOCIAL EN PENSIONES,No Aplica,No Aplica,No Aplica,No Aplica,VIGENCIA ACTUAL,ENTIDADES DIFERENTES A ENTIDADES TERRITORIALES - GESTION GENERAL,NO DEFINIDO,NO DEFINIDO,NO APLICA,,,2022,Primer Trimestre,,,,NO APLICA,INGRESOS CORRIENTES DE LIBRE DESTINACION,,,,,,NO APLICA,,,,,,CON SITUACION DE FONDOS,E.S.E. CENTRO DE SALUD - FLORESTA,NO DEFINIDO,4288772.0,4288772.0,4288772.0
10416236,20220901,220115276,E.S.E. Centro de Salud - Floresta,2.4.1.01.02.002,APORTES A LA SEGURIDAD SOCIAL EN SALUD,GASTOS,GASTOS DE OPERACION COMERCIAL,GASTOS DE PERSONAL,PLANTA DE PERSONAL PERMANENTE,CONTRIBUCIONES INHERENTES A LA NOMINA,APORTES A LA SEGURIDAD SOCIAL EN SALUD,No Aplica,No Aplica,No Aplica,No Aplica,VIGENCIA ACTUAL,ENTIDADES DIFERENTES A ENTIDADES TERRITORIALES - GESTION GENERAL,NO DEFINIDO,NO DEFINIDO,NO APLICA,,,2022,Tercer Trimestre,,,,NO APLICA,INGRESOS CORRIENTES DE LIBRE DESTINACION,,,,,,NO APLICA,,,,,,CON SITUACION DE FONDOS,E.S.E. CENTRO DE SALUD - FLORESTA,NO DEFINIDO,9326018.0,9326018.0,9326018.0
10422466,20220601,220115276,E.S.E. Centro de Salud - Floresta,2.1.1.01.02.002,APORTES A LA SEGURIDAD SOCIAL EN SALUD,GASTOS,FUNCIONAMIENTO,GASTOS DE PERSONAL,PLANTA DE PERSONAL PERMANENTE,CONTRIBUCIONES INHERENTES A LA NOMINA,APORTES A LA SEGURIDAD SOCIAL EN SALUD,No Aplica,No Aplica,No Aplica,No Aplica,VIGENCIA ACTUAL,ENTIDADES DIFERENTES A ENTIDADES TERRITORIALES - GESTION GENERAL,NO DEFINIDO,NO DEFINIDO,NO APLICA,,,2022,Segundo Trimestre,,,,NO APLICA,INGRESOS CORRIENTES DE LIBRE DESTINACION,,,,,,NO APLICA,,,,,,CON SITUACION DE FONDOS,E.S.E. CENTRO DE SALUD - FLORESTA,NO DEFINIDO,3190298.0,3190298.0,3190298.0
10424299,20220901,220115276,E.S.E. Centro de Salud - Floresta,2.1.1.01.02.001,APORTES A LA SEGURIDAD SOCIAL EN PENSIONES,GASTOS,FUNCIONAMIENTO,GASTOS DE PERSONAL,PLANTA DE PERSONAL PERMANENTE,CONTRIBUCIONES INHERENTES A LA NOMINA,APORTES A LA SEGURIDAD SOCIAL EN PENSIONES,No Aplica,No Aplica,No Aplica,No Aplica,VIGENCIA ACTUAL,ENTIDADES DIFERENTES A ENTIDADES TERRITORIALES - GESTION GENERAL,NO DEFINIDO,NO DEFINIDO,NO APLICA,,,2022,Tercer Trimestre,,,,NO APLICA,INGRESOS CORRIENTES DE LIBRE DESTINACION,,,,,,NO APLICA,,,,,,CON SITUACION DE FONDOS,E.S.E. CENTRO DE SALUD - FLORESTA,NO DEFINIDO,6914885.0,6914885.0,6914885.0
10424983,20210601,220115276,E.S.E. Centro de Salud - Floresta,2.1.1.01.02,CONTRIBUCIONES INHERENTES A LA NOMINA,GASTOS,FUNCIONAMIENTO,GASTOS DE PERSONAL,PLANTA DE PERSONAL PERMANENTE,CONTRIBUCIONES INHERENTES A LA NOMINA,No Aplica,No Aplica,No Aplica,No Aplica,No Aplica,VIGENCIA ACTUAL,ENTIDADES DIFERENTES A ENTIDADES TERRITORIALES - UNIDAD DE SALUD,NO DEFINIDO,NO DEFINIDO,NO DEFINIDO,,,2021,Segundo Trimestre,,,,NO DEFINIDO,NO DEFINIDO,,,,,,NO DEFINIDO,,,,,,NO DEFINIDO,NO DEFINIDO,NO DEFINIDO,32444802.0,32444802.0,32444802.0
10425423,20221201,220115276,E.S.E. Centro de Salud - Floresta,2.1.1.01.01.001.06,PRIMA DE SERVICIO,GASTOS,FUNCIONAMIENTO,GASTOS DE PERSONAL,PLANTA DE PERSONAL PERMANENTE,FACTORES CONSTITUTIVOS DE SALARIO,FACTORES SALARIALES COMUNES,PRIMA DE SERVICIO,No Aplica,No Aplica,No Aplica,VIGENCIA ACTUAL,ENTIDADES DIFERENTES A ENTIDADES TERRITORIALES - GESTION GENERAL,NO DEFINIDO,NO DEFINIDO,NO APLICA,,,2022,Cuarto Trimestre,,,,NO APLICA,INGRESOS CORRIENTES DE LIBRE DESTINACION,,,,,,NO APLICA,,,,,,CON SITUACION DE FONDOS,NO APLICA,NO DEFINIDO,3329783.0,3329783.0,3329783.0
10427895,20230301,220115276,E.S.E. Centro de Salud - Floresta,2.4.1.01.01.001.08.02,PRIMA DE VACACIONES,GASTOS,GASTOS DE OPERACION COMERCIAL,GASTOS DE PERSONAL,PLANTA DE PERSONAL PERMANENTE,FACTORES CONSTITUTIVOS DE SALARIO,FACTORES SALARIALES COMUNES,PRESTACIONES SOCIALES,PRIMA DE VACACIONES,No Aplica,No Aplica,VIGENCIA ACTUAL,ENTIDADES TERRITORIALES - SALUD,NO DEFINIDO,NO DEFINIDO,NO APLICA,,,2023,Primer Trimestre,,,,NO APLICA,INGRESOS CORRIENTES DE LIBRE DESTINACION,,,,,,NO APLICA,,,,,,CON SITUACION DE FONDOS,NO APLICA,NO DEFINIDO,2288465.0,2288465.0,2288465.0
10446815,20221201,220115276,E.S.E. Centro de Salud - Floresta,2.4.1.01.01.001.08.01,PRIMA DE NAVIDAD,GASTOS,GASTOS DE OPERACION COMERCIAL,GASTOS DE PERSONAL,PLANTA DE PERSONAL PERMANENTE,FACTORES CONSTITUTIVOS DE SALARIO,FACTORES SALARIALES COMUNES,PRESTACIONES SOCIALES,PRIMA DE NAVIDAD,No Aplica,No Aplica,VIGENCIA ACTUAL,ENTIDADES DIFERENTES A ENTIDADES TERRITORIALES - GESTION GENERAL,NO DEFINIDO,NO DEFINIDO,NO APLICA,,,2022,Cuarto Trimestre,,,,NO APLICA,INGRESOS CORRIENTES DE LIBRE DESTINACION,,,,,,NO APLICA,,,,,,CON SITUACION DE FONDOS,NO APLICA,NO DEFINIDO,13790349.0,13790349.0,13790349.0
10468473,20220601,220115276,E.S.E. Centro de Salud - Floresta,2.1.1.01.02.006,APORTES AL ICBF,GASTOS,FUNCIONAMIENTO,GASTOS DE PERSONAL,PLANTA DE PERSONAL PERMANENTE,CONTRIBUCIONES INHERENTES A LA NOMINA,APORTES AL ICBF,No Aplica,No Aplica,No Aplica,No Aplica,VIGENCIA ACTUAL,ENTIDADES DIFERENTES A ENTIDADES TERRITORIALES - GESTION GENERAL,NO DEFINIDO,NO DEFINIDO,NO APLICA,,,2022,Segundo Trimestre,,,,NO APLICA,INGRESOS CORRIENTES DE LIBRE DESTINACION,,,,,,NO APLICA,,,,,,CON SITUACION DE FONDOS,INSTITUTO COLOMBIANO DE BIENESTAR FAMILIAR,NO DEFINIDO,1056370.0,1056370.0,1056370.0
10468580,20220301,220115276,E.S.E. Centro de Salud - Floresta,2.4.5.01,MATERIALES Y SUMINISTROS,GASTOS,GASTOS DE OPERACION COMERCIAL,GASTOS DE COMERCIALIZACION Y PRODUCCION,MATERIALES Y SUMINISTROS,No Aplica,No Aplica,No Aplica,No Aplica,No Aplica,No Aplica,VIGENCIA ACTUAL,ENTIDADES DIFERENTES A ENTIDADES TERRITORIALES - GESTION GENERAL,NO DEFINIDO,NO DEFINIDO,NO DEFINIDO,,,2022,Primer Trimestre,,,,NO DEFINIDO,NO DEFINIDO,,,,,,NO DEFINIDO,,,,,,NO DEFINIDO,NO DEFINIDO,NO DEFINIDO,6000000.0,1843164.0,1843164.0
10476891,20220601,220115276,E.S.E. Centro de Salud - Floresta,2.4.1.01.02.003,APORTES DE CESANTIAS,GASTOS,GASTOS DE OPERACION COMERCIAL,GASTOS DE PERSONAL,PLANTA DE PERSONAL PERMANENTE,CONTRIBUCIONES INHERENTES A LA NOMINA,APORTES DE CESANTIAS,No Aplica,No Aplica,No Aplica,No Aplica,VIGENCIA ACTUAL,ENTIDADES DIFERENTES A ENTIDADES TERRITORIALES - GESTION GENERAL,NO DEFINIDO,NO DEFINIDO,NO APLICA,,,2022,Segundo Trimestre,,,,NO APLICA,INGRESOS CORRIENTES DE LIBRE DESTINACION,,,,,,NO APLICA,,,,,,CON SITUACION DE FONDOS,E.S.E. CENTRO DE SALUD - FLORESTA,NO DEFINIDO,3050072.0,3050072.0,3050072.0
10480292,20221201,220115276,E.S.E. Centro de Salud - Floresta,2.4.5.02.09,"SERVICIOS PARA LA COMUNIDAD, SOCIALES Y PERSONALES",GASTOS,GASTOS DE OPERACION COMERCIAL,GASTOS DE COMERCIALIZACION Y PRODUCCION,ADQUISICION DE SERVICIOS,"SERVICIOS PARA LA COMUNIDAD, SOCIALES Y PERSONALES",No Aplica,No Aplica,No Aplica,No Aplica,No Aplica,VIGENCIA ACTUAL,ENTIDADES DIFERENTES A ENTIDADES TERRITORIALES - GESTION GENERAL,NO DEFINIDO,NO DEFINIDO,NO APLICA,,,2022,Cuarto Trimestre,,,,OTROS SERVICIOS DIVERSOS N C P,INGRESOS CORRIENTES DE LIBRE DESTINACION,,,,,,NO APLICA,,,,,,CON SITUACION DE FONDOS,NO APLICA,NO DEFINIDO,171394721.0,171394721.0,171394721.0
10482027,20220901,220115276,E.S.E. Centro de Salud - Floresta,2.1,FUNCIONAMIENTO,GASTOS,FUNCIONAMIENTO,No Aplica,No Aplica,No Aplica,No Aplica,No Aplica,No Aplica,No Aplica,No Aplica,VIGENCIA ACTUAL,ENTIDADES DIFERENTES A ENTIDADES TERRITORIALES - GESTION GENERAL,NO DEFINIDO,NO DEFINIDO,NO DEFINIDO,,,2022,Tercer Trimestre,,,,NO DEFINIDO,NO DEFINIDO,,,,,,NO DEFINIDO,,,,,,NO DEFINIDO,NO DEFINIDO,NO DEFINIDO,309476776.0,232737890.0,232737890.0
10482305,20221201,220115276,E.S.E. Centro de Salud - Floresta,2.4.1.01.02.006,APORTES AL ICBF,GASTOS,GASTOS DE OPERACION COMERCIAL,GASTOS DE PERSONAL,PLANTA DE PERSONAL PERMANENTE,CONTRIBUCIONES INHERENTES A LA NOMINA,APORTES AL ICBF,No Aplica,No Aplica,No Aplica,No Aplica,VIGENCIA ACTUAL,ENTIDADES DIFERENTES A ENTIDADES TERRITORIALES - GESTION GENERAL,NO DEFINIDO,NO DEFINIDO,NO APLICA,,,2022,Cuarto Trimestre,,,,NO APLICA,INGRESOS CORRIENTES DE LIBRE DESTINACION,,,,,,NO APLICA,,,,,,CON SITUACION DE FONDOS,INSTITUTO COLOMBIANO DE BIENESTAR FAMILIAR,NO DEFINIDO,4604930.0,4604930.0,4604930.0
10489651,20210901,220115276,E.S.E. Centro de Salud - Floresta,2.1.1.01.01.001.08.01,PRIMA DE NAVIDAD,GASTOS,FUNCIONAMIENTO,GASTOS DE PERSONAL,PLANTA DE PERSONAL PERMANENTE,FACTORES CONSTITUTIVOS DE SALARIO,FACTORES SALARIALES COMUNES,PRESTACIONES SOCIALES,PRIMA DE NAVIDAD,No Aplica,No Aplica,VIGENCIA ACTUAL,ENTIDADES TERRITORIALES - SALUD,NO DEFINIDO,NO DEFINIDO,NO APLICA,,,2021,Tercer Trimestre,,,,NO APLICA,NO APLICA,,,,,,NO APLICA,,,,,,CON SITUACION DE FONDOS,NO APLICA,NO DEFINIDO,1963894.0,1963894.0,1963894.0
10490341,20220601,220115276,E.S.E. Centro de Salud - Floresta,2.1.1.01.02.003,APORTES DE CESANTIAS,GASTOS,FUNCIONAMIENTO,GASTOS DE PERSONAL,PLANTA DE PERSONAL PERMANENTE,CONTRIBUCIONES INHERENTES A LA NOMINA,APORTES DE CESANTIAS,No Aplica,No Aplica,No Aplica,No Aplica,VIGENCIA ACTUAL,ENTIDADES DIFERENTES A ENTIDADES TERRITORIALES - GESTION GENERAL,NO DEFINIDO,NO DEFINIDO,NO APLICA,,,2022,Segundo Trimestre,,,,NO APLICA,INGRESOS CORRIENTES DE LIBRE DESTINACION,,,,,,NO APLICA,,,,,,CON SITUACION DE FONDOS,E.S.E. CENTRO DE SALUD - FLORESTA,NO DEFINIDO,777872.0,777872.0,777872.0
10491528,20220301,220115276,E.S.E. Centro de Salud - Floresta,2.4.1.01.01.001.08,PRESTACIONES SOCIALES,GASTOS,GASTOS DE OPERACION COMERCIAL,GASTOS DE PERSONAL,PLANTA DE PERSONAL PERMANENTE,FACTORES CONSTITUTIVOS DE SALARIO,FACTORES SALARIALES COMUNES,PRESTACIONES SOCIALES,No Aplica,No Aplica,No Aplica,VIGENCIA ACTUAL,ENTIDADES DIFERENTES A ENTIDADES TERRITORIALES - GESTION GENERAL,NO DEFINIDO,NO DEFINIDO,NO DEFINIDO,,,2022,Primer Trimestre,,,,NO DEFINIDO,NO DEFINIDO,,,,,,NO DEFINIDO,,,,,,NO DEFINIDO,NO DEFINIDO,NO DEFINIDO,748627.0,748627.0,748627.0
10508934,20210901,220115276,E.S.E. Centro de Salud - Floresta,2.1.1.01,PLANTA DE PERSONAL PERMANENTE,GASTOS,FUNCIONAMIENTO,GASTOS DE PERSONAL,PLANTA DE PERSONAL PERMANENTE,No Aplica,No Aplica,No Aplica,No Aplica,No Aplica,No Aplica,VIGENCIA ACTUAL,ENTIDADES TERRITORIALES - SALUD,NO DEFINIDO,NO DEFINIDO,NO DEFINIDO,,,2021,Tercer Trimestre,,,,NO DEFINIDO,NO DEFINIDO,,,,,,NO DEFINIDO,,,,,,NO DEFINIDO,NO DEFINIDO,NO DEFINIDO,106669771.0,106450180.0,106450180.0
10508973,20211201,220115276,E.S.E. Centro de Salud - Floresta,2.1.1.01.03.001,PRESTACIONES SOCIALES,GASTOS,FUNCIONAMIENTO,GASTOS DE PERSONAL,PLANTA DE PERSONAL PERMANENTE,REMUNERACIONES NO CONSTITUTIVAS DE FACTOR SALARIAL,PRESTACIONES SOCIALES,No Aplica,No Aplica,No Aplica,No Aplica,VIGENCIA ACTUAL,ENTIDADES TERRITORIALES - SALUD,NO DEFINIDO,NO DEFINIDO,NO DEFINIDO,,,2021,Cuarto Trimestre,,,,NO DEFINIDO,NO DEFINIDO,,,,,,NO DEFINIDO,,,,,,NO DEFINIDO,NO DEFINIDO,NO DEFINIDO,12441589.0,12441589.0,12441589.0
10520986,20230601,220115276,E.S.E. Centro de Salud - Floresta,2.4.5.02,ADQUISICION DE SERVICIOS,GASTOS,GASTOS DE OPERACION COMERCIAL,GASTOS DE COMERCIALIZACION Y PRODUCCION,ADQUISICION DE SERVICIOS,No Aplica,No Aplica,No Aplica,No Aplica,No Aplica,No Aplica,VIGENCIA ACTUAL,ENTIDADES DIFERENTES A ENTIDADES TERRITORIALES - UNIDAD DE SALUD,NO DEFINIDO,NO DEFINIDO,NO DEFINIDO,,,2023,Segundo Trimestre,,,,NO DEFINIDO,NO DEFINIDO,,,,,,NO DEFINIDO,,,,,,NO DEFINIDO,NO DEFINIDO,NO DEFINIDO,138537000.0,52562906.0,52562906.0
10524511,20221201,220115276,E.S.E. Centro de Salud - Floresta,2.1.8.04,CONTRIBUCIONES,GASTOS,FUNCIONAMIENTO,"GASTOS POR TRIBUTOS, TASAS, CONTRIBUCIONES, MULTAS, SANCIONES E INTERESES DE MORA",CONTRIBUCIONES,No Aplica,No Aplica,No Aplica,No Aplica,No Aplica,No Aplica,VIGENCIA ACTUAL,ENTIDADES DIFERENTES A ENTIDADES TERRITORIALES - GESTION GENERAL,NO DEFINIDO,NO DEFINIDO,NO DEFINIDO,,,2022,Cuarto Trimestre,,,,NO DEFINIDO,NO DEFINIDO,,,,,,NO DEFINIDO,,,,,,NO DEFINIDO,NO DEFINIDO,NO DEFINIDO,656211.0,656211.0,656211.0
10533152,20221201,220115276,E.S.E. Centro de Salud - Floresta,2.1.2.01.01.001.02.08,EDIFICIOS RELACIONADOS CON SALUD,GASTOS,FUNCIONAMIENTO,ADQUISICION DE BIENES Y SERVICIOS,ADQUISICION DE ACTIVOS NO FINANCIEROS,ACTIVOS FIJOS,EDIFICACIONES Y ESTRUCTURAS,EDIFICACIONES DISTINTAS A VIVIENDAS,EDIFICIOS RELACIONADOS CON SALUD,No Aplica,No Aplica,VIGENCIA ACTUAL,ENTIDADES DIFERENTES A ENTIDADES TERRITORIALES - GESTION GENERAL,NO DEFINIDO,NO DEFINIDO,NO APLICA,,,2022,Cuarto Trimestre,,,,NO APLICA,INGRESOS CORRIENTES DE LIBRE DESTINACION,,,,,,NO APLICA,,,,,,CON SITUACION DE FONDOS,NO APLICA,NO DEFINIDO,11600000.0,11600000.0,11600000.0
10536042,20220301,220115276,E.S.E. Centro de Salud - Floresta,2.4.1.01.03,REMUNERACIONES NO CONSTITUTIVAS DE FACTOR SALARIAL,GASTOS,GASTOS DE OPERACION COMERCIAL,GASTOS DE PERSONAL,PLANTA DE PERSONAL PERMANENTE,REMUNERACIONES NO CONSTITUTIVAS DE FACTOR SALARIAL,No Aplica,No Aplica,No Aplica,No Aplica,No Aplica,VIGENCIA ACTUAL,ENTIDADES DIFERENTES A ENTIDADES TERRITORIALES - GESTION GENERAL,NO DEFINIDO,NO DEFINIDO,NO DEFINIDO,,,2022,Primer Trimestre,,,,NO DEFINIDO,NO DEFINIDO,,,,,,NO DEFINIDO,,,,,,NO DEFINIDO,NO DEFINIDO,NO DEFINIDO,966893.0,966893.0,966893.0
10537097,20211201,220115276,E.S.E. Centro de Salud - Floresta,2.1.8.03,TASAS Y DERECHOS ADMINISTRATIVOS,GASTOS,FUNCIONAMIENTO,"GASTOS POR TRIBUTOS, TASAS, CONTRIBUCIONES, MULTAS, SANCIONES E INTERESES DE MORA",TASAS Y DERECHOS ADMINISTRATIVOS,No Aplica,No Aplica,No Aplica,No Aplica,No Aplica,No Aplica,VIGENCIA ACTUAL,ENTIDADES TERRITORIALES - SALUD,NO DEFINIDO,NO DEFINIDO,NO APLICA,,,2021,Cuarto Trimestre,,,,NO APLICA,INGRESOS CORRIENTES DE LIBRE DESTINACION,,,,,,NO APLICA,,,,,,CON SITUACION DE FONDOS,SUPERINTENDENCIA NACIONAL DE SALUD,NO DEFINIDO,589087.0,589087.0,589087.0
10553655,20221201,220115276,E.S.E. Centro de Salud - Floresta,2.1.1.01.02,CONTRIBUCIONES INHERENTES A LA NOMINA,GASTOS,FUNCIONAMIENTO,GASTOS DE PERSONAL,PLANTA DE PERSONAL PERMANENTE,CONTRIBUCIONES INHERENTES A LA NOMINA,No Aplica,No Aplica,No Aplica,No Aplica,No Aplica,VIGENCIA ACTUAL,ENTIDADES DIFERENTES A ENTIDADES TERRITORIALES - GESTION GENERAL,NO DEFINIDO,NO DEFINIDO,NO DEFINIDO,,,2022,Cuarto Trimestre,,,,NO DEFINIDO,NO DEFINIDO,,,,,,NO DEFINIDO,,,,,,NO DEFINIDO,NO DEFINIDO,NO DEFINIDO,33515697.0,33515697.0,33515697.0
10563317,20220301,220115276,E.S.E. Centro de Salud - Floresta,2.4.5.02,ADQUISICION DE SERVICIOS,GASTOS,GASTOS DE OPERACION COMERCIAL,GASTOS DE COMERCIALIZACION Y PRODUCCION,ADQUISICION DE SERVICIOS,No Aplica,No Aplica,No Aplica,No Aplica,No Aplica,No Aplica,VIGENCIA ACTUAL,ENTIDADES DIFERENTES A ENTIDADES TERRITORIALES - GESTION GENERAL,NO DEFINIDO,NO DEFINIDO,NO DEFINIDO,,,2022,Primer Trimestre,,,,NO DEFINIDO,NO DEFINIDO,,,,,,NO DEFINIDO,,,,,,NO DEFINIDO,NO DEFINIDO,NO DEFINIDO,74254321.0,21620568.0,21620568.0
10565701,20210301,220115276,E.S.E. Centro de Salud - Floresta,2.1.2.02.01,MATERIALES Y SUMINISTROS,GASTOS,FUNCIONAMIENTO,ADQUISICION DE BIENES Y SERVICIOS,ADQUISICIONES DIFERENTES DE ACTIVOS,MATERIALES Y SUMINISTROS,No Aplica,No Aplica,No Aplica,No Aplica,No Aplica,VIGENCIA ACTUAL,ENTIDADES DIFERENTES A ENTIDADES TERRITORIALES - UNIDAD DE SALUD,NO DEFINIDO,NO DEFINIDO,NO DEFINIDO,,,2021,Primer Trimestre,,,,NO DEFINIDO,NO DEFINIDO,,,,,,NO DEFINIDO,,,,,,NO DEFINIDO,NO DEFINIDO,NO DEFINIDO,5182337.0,5182337.0,5182337.0
10571534,20230301,220115276,E.S.E. Centro de Salud - Floresta,2.1.2.02.02.006,"COMERCIO Y DISTRIBUCION; ALOJAMIENTO; SERVICIOS DE SUMINISTRO DE COMIDAS Y BEBIDAS; SERVICIOS DE TRANSPORTE; Y SERVICIOS DE DISTRIBUCION DE ELECTRICIDAD, GAS Y AGUA",GASTOS,FUNCIONAMIENTO,ADQUISICION DE BIENES Y SERVICIOS,ADQUISICIONES DIFERENTES DE ACTIVOS,ADQUISICION DE SERVICIOS,"COMERCIO Y DISTRIBUCION; ALOJAMIENTO; SERVICIOS DE SUMINISTRO DE COMIDAS Y BEBIDAS; SERVICIOS DE TRANSPORTE; Y SERVICIOS DE DISTRIBUCION DE ELECTRICIDAD, GAS Y AGUA",No Aplica,No Aplica,No Aplica,No Aplica,VIGENCIA ACTUAL,ENTIDADES TERRITORIALES - SALUD,NO DEFINIDO,NO DEFINIDO,NO APLICA,,,2023,Primer Trimestre,,,,SERVICIOS DE LA ADMINISTRACION PUBLICA RELACIONADOS CON LA SALUD,INGRESOS CORRIENTES DE LIBRE DESTINACION,,,,,,NO APLICA,,,,,,CON SITUACION DE FONDOS,E.S.P. EMPRESA DE ENERGIA DE BOYACA S.A.,NO DEFINIDO,3598380.0,3598380.0,3598380.0
10581673,20230601,220115276,E.S.E. Centro de Salud - Floresta,2.1.1.01,PLANTA DE PERSONAL PERMANENTE,GASTOS,FUNCIONAMIENTO,GASTOS DE PERSONAL,PLANTA DE PERSONAL PERMANENTE,No Aplica,No Aplica,No Aplica,No Aplica,No Aplica,No Aplica,VIGENCIA ACTUAL,ENTIDADES DIFERENTES A ENTIDADES TERRITORIALES - UNIDAD DE SALUD,NO DEFINIDO,NO DEFINIDO,NO DEFINIDO,,,2023,Segundo Trimestre,,,,NO DEFINIDO,NO DEFINIDO,,,,,,NO DEFINIDO,,,,,,NO DEFINIDO,NO DEFINIDO,NO DEFINIDO,68681990.0,68681990.0,68681990.0
10590013,20210901,220115276,E.S.E. Centro de Salud - Floresta,2,GASTOS,GASTOS,No Aplica,No Aplica,No Aplica,No Aplica,No Aplica,No Aplica,No Aplica,No Aplica,No Aplica,VIGENCIA ACTUAL,ENTIDADES TERRITORIALES - SALUD,NO DEFINIDO,NO DEFINIDO,NO DEFINIDO,,,2021,Tercer Trimestre,,,,NO DEFINIDO,NO DEFINIDO,,,,,,NO DEFINIDO,,,,,,NO DEFINIDO,NO DEFINIDO,NO DEFINIDO,463888412.0,340115399.0,340115399.0
10596282,20210901,220115276,E.S.E. Centro de Salud - Floresta,2.1.1.01.01,FACTORES CONSTITUTIVOS DE SALARIO,GASTOS,FUNCIONAMIENTO,GASTOS DE PERSONAL,PLANTA DE PERSONAL PERMANENTE,FACTORES CONSTITUTIVOS DE SALARIO,No Aplica,No Aplica,No Aplica,No Aplica,No Aplica,VIGENCIA ACTUAL,ENTIDADES TERRITORIALES - SALUD,NO DEFINIDO,NO DEFINIDO,NO DEFINIDO,,,2021,Tercer Trimestre,,,,NO DEFINIDO,NO DEFINIDO,,,,,,NO DEFINIDO,,,,,,NO DEFINIDO,NO DEFINIDO,NO DEFINIDO,51474213.0,51254622.0,51254622.0
10604201,20220601,220115276,E.S.E. Centro de Salud - Floresta,2.4.1.01.02.001,APORTES A LA SEGURIDAD SOCIAL EN PENSIONES,GASTOS,GASTOS DE OPERACION COMERCIAL,GASTOS DE PERSONAL,PLANTA DE PERSONAL PERMANENTE,CONTRIBUCIONES INHERENTES A LA NOMINA,APORTES A LA SEGURIDAD SOCIAL EN PENSIONES,No Aplica,No Aplica,No Aplica,No Aplica,VIGENCIA ACTUAL,ENTIDADES DIFERENTES A ENTIDADES TERRITORIALES - GESTION GENERAL,NO DEFINIDO,NO DEFINIDO,NO APLICA,,,2022,Segundo Trimestre,,,,NO APLICA,INGRESOS CORRIENTES DE LIBRE DESTINACION,,,,,,NO APLICA,,,,,,CON SITUACION DE FONDOS,E.S.E. CENTRO DE SALUD - FLORESTA,NO DEFINIDO,8722585.0,8722585.0,8722585.0
10609150,20221201,220115276,E.S.E. Centro de Salud - Floresta,2.1.1.01.01,FACTORES CONSTITUTIVOS DE SALARIO,GASTOS,FUNCIONAMIENTO,GASTOS DE PERSONAL,PLANTA DE PERSONAL PERMANENTE,FACTORES CONSTITUTIVOS DE SALARIO,No Aplica,No Aplica,No Aplica,No Aplica,No Aplica,VIGENCIA ACTUAL,ENTIDADES DIFERENTES A ENTIDADES TERRITORIALES - GESTION GENERAL,NO DEFINIDO,NO DEFINIDO,NO DEFINIDO,,,2022,Cuarto Trimestre,,,,NO DEFINIDO,NO DEFINIDO,,,,,,NO DEFINIDO,,,,,,NO DEFINIDO,NO DEFINIDO,NO DEFINIDO,101726433.0,101726433.0,101726433.0
10609474,20220301,220115276,E.S.E. Centro de Salud - Floresta,2.4.1.01.01.001.10,VIATICOS DE LOS FUNCIONARIOS EN COMISION,GASTOS,GASTOS DE OPERACION COMERCIAL,GASTOS DE PERSONAL,PLANTA DE PERSONAL PERMANENTE,FACTORES CONSTITUTIVOS DE SALARIO,FACTORES SALARIALES COMUNES,VIATICOS DE LOS FUNCIONARIOS EN COMISION,No Aplica,No Aplica,No Aplica,VIGENCIA ACTUAL,ENTIDADES DIFERENTES A ENTIDADES TERRITORIALES - GESTION GENERAL,NO DEFINIDO,NO DEFINIDO,NO APLICA,,,2022,Primer Trimestre,,,,NO APLICA,INGRESOS CORRIENTES DE LIBRE DESTINACION,,,,,,NO APLICA,,,,,,CON SITUACION DE FONDOS,NO APLICA,NO DEFINIDO,141900.0,141900.0,141900.0
10616100,20230601,220115276,E.S.E. Centro de Salud - Floresta,2.1.2.02.02.007,SERVICIOS FINANCIEROS Y SERVICIOS CONEXOS; SERVICIOS INMOBILIARIOS; Y SERVICIOS DE ARRENDAMIENTO Y LEASING,GASTOS,FUNCIONAMIENTO,ADQUISICION DE BIENES Y SERVICIOS,ADQUISICIONES DIFERENTES DE ACTIVOS,ADQUISICION DE SERVICIOS,SERVICIOS FINANCIEROS Y SERVICIOS CONEXOS; SERVICIOS INMOBILIARIOS; Y SERVICIOS DE ARRENDAMIENTO Y LEASING,No Aplica,No Aplica,No Aplica,No Aplica,VIGENCIA ACTUAL,ENTIDADES DIFERENTES A ENTIDADES TERRITORIALES - UNIDAD DE SALUD,NO DEFINIDO,NO DEFINIDO,SALUD Y PROTECCION SOCIAL,,,2023,Segundo Trimestre,,,,SERVICIOS DE SEGUROS GENERALES DE RESPONSABILIDAD CIVIL,INGRESOS CORRIENTES DE LIBRE DESTINACION,,,,,,NO APLICA,,,,,,CON SITUACION DE FONDOS,NO APLICA,NO DEFINIDO,2346140.0,2346140.0,2346140.0
10616154,20221201,220115276,E.S.E. Centro de Salud - Floresta,2.1.1.01.02.004,APORTES A CAJAS DE COMPENSACION FAMILIAR,GASTOS,FUNCIONAMIENTO,GASTOS DE PERSONAL,PLANTA DE PERSONAL PERMANENTE,CONTRIBUCIONES INHERENTES A LA NOMINA,APORTES A CAJAS DE COMPENSACION FAMILIAR,No Aplica,No Aplica,No Aplica,No Aplica,VIGENCIA ACTUAL,ENTIDADES DIFERENTES A ENTIDADES TERRITORIALES - GESTION GENERAL,NO DEFINIDO,NO DEFINIDO,NO APLICA,,,2022,Cuarto Trimestre,,,,NO APLICA,INGRESOS CORRIENTES DE LIBRE DESTINACION,,,,,,NO APLICA,,,,,,CON SITUACION DE FONDOS,NO APLICA,NO DEFINIDO,3058050.0,3058050.0,3058050.0
10620625,20220901,220115276,E.S.E. Centro de Salud - Floresta,2.4.1.01.01,FACTORES CONSTITUTIVOS DE SALARIO,GASTOS,GASTOS DE OPERACION COMERCIAL,GASTOS DE PERSONAL,PLANTA DE PERSONAL PERMANENTE,FACTORES CONSTITUTIVOS DE SALARIO,No Aplica,No Aplica,No Aplica,No Aplica,No Aplica,VIGENCIA ACTUAL,ENTIDADES DIFERENTES A ENTIDADES TERRITORIALES - GESTION GENERAL,NO DEFINIDO,NO DEFINIDO,NO DEFINIDO,,,2022,Tercer Trimestre,,,,NO DEFINIDO,NO DEFINIDO,,,,,,NO DEFINIDO,,,,,,NO DEFINIDO,NO DEFINIDO,NO DEFINIDO,133128071.0,129601043.0,129601043.0
10629604,20230301,220115276,E.S.E. Centro de Salud - Floresta,2.1.2.02.02,ADQUISICION DE SERVICIOS,GASTOS,FUNCIONAMIENTO,ADQUISICION DE BIENES Y SERVICIOS,ADQUISICIONES DIFERENTES DE ACTIVOS,ADQUISICION DE SERVICIOS,No Aplica,No Aplica,No Aplica,No Aplica,No Aplica,VIGENCIA ACTUAL,ENTIDADES TERRITORIALES - SALUD,NO DEFINIDO,NO DEFINIDO,NO DEFINIDO,,,2023,Primer Trimestre,,,,NO DEFINIDO,NO DEFINIDO,,,,,,NO DEFINIDO,,,,,,NO DEFINIDO,NO DEFINIDO,NO DEFINIDO,83668997.0,25497696.0,25497696.0
10633605,20220901,220115276,E.S.E. Centro de Salud - Floresta,2.1.1.01.02.007,APORTES AL SENA,GASTOS,FUNCIONAMIENTO,GASTOS DE PERSONAL,PLANTA DE PERSONAL PERMANENTE,CONTRIBUCIONES INHERENTES A LA NOMINA,APORTES AL SENA,No Aplica,No Aplica,No Aplica,No Aplica,VIGENCIA ACTUAL,ENTIDADES DIFERENTES A ENTIDADES TERRITORIALES - GESTION GENERAL,NO DEFINIDO,NO DEFINIDO,NO APLICA,,,2022,Tercer Trimestre,,,,NO APLICA,INGRESOS CORRIENTES DE LIBRE DESTINACION,,,,,,NO APLICA,,,,,,CON SITUACION DE FONDOS,SERVICIO NACIONAL DE APRENDIZAJE,NO DEFINIDO,1087900.0,1087900.0,1087900.0
10639428,20210301,220115276,E.S.E. Centro de Salud - Floresta,2.1.1.01.01.001.08,PRESTACIONES SOCIALES,GASTOS,FUNCIONAMIENTO,GASTOS DE PERSONAL,PLANTA DE PERSONAL PERMANENTE,FACTORES CONSTITUTIVOS DE SALARIO,FACTORES SALARIALES COMUNES,PRESTACIONES SOCIALES,No Aplica,No Aplica,No Aplica,VIGENCIA ACTUAL,ENTIDADES DIFERENTES A ENTIDADES TERRITORIALES - UNIDAD DE SALUD,NO DEFINIDO,NO DEFINIDO,NO DEFINIDO,,,2021,Primer Trimestre,,,,NO DEFINIDO,NO DEFINIDO,,,,,,NO DEFINIDO,,,,,,NO DEFINIDO,NO DEFINIDO,NO DEFINIDO,756128.0,756128.0,756128.0
10647229,20220301,220115276,E.S.E. Centro de Salud - Floresta,2.1.2.02.01.003,"OTROS BIENES TRANSPORTABLES EXCEPTO PRODUCTOS METALICOS, MAQUINARIA Y EQUIPO",GASTOS,FUNCIONAMIENTO,ADQUISICION DE BIENES Y SERVICIOS,ADQUISICIONES DIFERENTES DE ACTIVOS,MATERIALES Y SUMINISTROS,"OTROS BIENES TRANSPORTABLES EXCEPTO PRODUCTOS METALICOS, MAQUINARIA Y EQUIPO",No Aplica,No Aplica,No Aplica,No Aplica,VIGENCIA ACTUAL,ENTIDADES DIFERENTES A ENTIDADES TERRITORIALES - GESTION GENERAL,NO DEFINIDO,NO DEFINIDO,NO APLICA,,,2022,Primer Trimestre,,,,OTROS SERVICIOS DIVERSOS N C P,INGRESOS CORRIENTES DE LIBRE DESTINACION,,,,,,NO APLICA,,,,,,CON SITUACION DE FONDOS,E.S.E. CENTRO DE SALUD - FLORESTA,NO DEFINIDO,477432.0,477432.0,477432.0
10658281,20220901,220115276,E.S.E. Centro de Salud - Floresta,2.1.1.01.02.003,APORTES DE CESANTIAS,GASTOS,FUNCIONAMIENTO,GASTOS DE PERSONAL,PLANTA DE PERSONAL PERMANENTE,CONTRIBUCIONES INHERENTES A LA NOMINA,APORTES DE CESANTIAS,No Aplica,No Aplica,No Aplica,No Aplica,VIGENCIA ACTUAL,ENTIDADES DIFERENTES A ENTIDADES TERRITORIALES - GESTION GENERAL,NO DEFINIDO,NO DEFINIDO,NO APLICA,,,2022,Tercer Trimestre,,,,NO APLICA,INGRESOS CORRIENTES DE LIBRE DESTINACION,,,,,,NO APLICA,,,,,,CON SITUACION DE FONDOS,E.S.E. CENTRO DE SALUD - FLORESTA,NO DEFINIDO,777872.0,777872.0,777872.0
10659627,20210301,220115276,E.S.E. Centro de Salud - Floresta,2.1.1,GASTOS DE PERSONAL,GASTOS,FUNCIONAMIENTO,GASTOS DE PERSONAL,No Aplica,No Aplica,No Aplica,No Aplica,No Aplica,No Aplica,No Aplica,VIGENCIA ACTUAL,ENTIDADES DIFERENTES A ENTIDADES TERRITORIALES - UNIDAD DE SALUD,NO DEFINIDO,NO DEFINIDO,NO DEFINIDO,,,2021,Primer Trimestre,,,,NO DEFINIDO,NO DEFINIDO,,,,,,NO DEFINIDO,,,,,,NO DEFINIDO,NO DEFINIDO,NO DEFINIDO,81060997.0,70431556.0,70431556.0
10670245,20220901,220115276,E.S.E. Centro de Salud - Floresta,2.1.2.01.01.003.07.01,"VEHICULOS AUTOMOTORES, REMOLQUES Y SEMIRREMOLQUES, Y SUS PARTES, PIEZAS Y ACCESORIOS",GASTOS,FUNCIONAMIENTO,ADQUISICION DE BIENES Y SERVICIOS,ADQUISICION DE ACTIVOS NO FINANCIEROS,ACTIVOS FIJOS,MAQUINARIA Y EQUIPO,EQUIPO DE TRANSPORTE,"VEHICULOS AUTOMOTORES, REMOLQUES Y SEMIRREMOLQUES, Y SUS PARTES, PIEZAS Y ACCESORIOS",No Aplica,No Aplica,VIGENCIA ACTUAL,ENTIDADES DIFERENTES A ENTIDADES TERRITORIALES - GESTION GENERAL,NO DEFINIDO,NO DEFINIDO,NO APLICA,,,2022,Tercer Trimestre,,,,NO APLICA,INGRESOS CORRIENTES DE LIBRE DESTINACION,,,,,,NO APLICA,,,,,,CON SITUACION DE FONDOS,E.S.E. CENTRO DE SALUD - FLORESTA,NO DEFINIDO,9405760.0,0.0,0.0
10677762,20230601,220115276,E.S.E. Centro de Salud - Floresta,2.1.2.02.01.002,"PRODUCTOS ALIMENTICIOS, BEBIDAS Y TABACO, TEXTILES, PRENDAS DE VESTIR Y PRODUCTOS DE CUERO",GASTOS,FUNCIONAMIENTO,ADQUISICION DE BIENES Y SERVICIOS,ADQUISICIONES DIFERENTES DE ACTIVOS,MATERIALES Y SUMINISTROS,"PRODUCTOS ALIMENTICIOS, BEBIDAS Y TABACO, TEXTILES, PRENDAS DE VESTIR Y PRODUCTOS DE CUERO",No Aplica,No Aplica,No Aplica,No Aplica,VIGENCIA ACTUAL,ENTIDADES DIFERENTES A ENTIDADES TERRITORIALES - UNIDAD DE SALUD,NO DEFINIDO,NO DEFINIDO,SALUD Y PROTECCION SOCIAL,,,2023,Segundo Trimestre,,,,ARTICULOS DE ASEO PERSONAL EN ESTROPAJO MEZCLADO CON FIBRAS TEXTILES,INGRESOS CORRIENTES DE LIBRE DESTINACION,,,,,,NO APLICA,,,,,,CON SITUACION DE FONDOS,NO APLICA,NO DEFINIDO,31441800.0,18205540.0,18205540.0
10681417,20220601,220115276,E.S.E. Centro de Salud - Floresta,2.4.1.01.02.002,APORTES A LA SEGURIDAD SOCIAL EN SALUD,GASTOS,GASTOS DE OPERACION COMERCIAL,GASTOS DE PERSONAL,PLANTA DE PERSONAL PERMANENTE,CONTRIBUCIONES INHERENTES A LA NOMINA,APORTES A LA SEGURIDAD SOCIAL EN SALUD,No Aplica,No Aplica,No Aplica,No Aplica,VIGENCIA ACTUAL,ENTIDADES DIFERENTES A ENTIDADES TERRITORIALES - GESTION GENERAL,NO DEFINIDO,NO DEFINIDO,NO APLICA,,,2022,Segundo Trimestre,,,,NO APLICA,INGRESOS CORRIENTES DE LIBRE DESTINACION,,,,,,NO APLICA,,,,,,CON SITUACION DE FONDOS,E.S.E. CENTRO DE SALUD - FLORESTA,NO DEFINIDO,6185005.0,6185005.0,6185005.0
10683145,20221201,220115276,E.S.E. Centro de Salud - Floresta,2.1.1.01.01.001.08.02,PRIMA DE VACACIONES,GASTOS,FUNCIONAMIENTO,GASTOS DE PERSONAL,PLANTA DE PERSONAL PERMANENTE,FACTORES CONSTITUTIVOS DE SALARIO,FACTORES SALARIALES COMUNES,PRESTACIONES SOCIALES,PRIMA DE VACACIONES,No Aplica,No Aplica,VIGENCIA ACTUAL,ENTIDADES DIFERENTES A ENTIDADES TERRITORIALES - GESTION GENERAL,NO DEFINIDO,NO DEFINIDO,NO APLICA,,,2022,Cuarto Trimestre,,,,NO APLICA,INGRESOS CORRIENTES DE LIBRE DESTINACION,,,,,,NO APLICA,,,,,,CON SITUACION DE FONDOS,NO APLICA,NO DEFINIDO,3716845.0,3716845.0,3716845.0
10687048,20221201,220115276,E.S.E. Centro de Salud - Floresta,2.1.2.01.01.001,EDIFICACIONES Y ESTRUCTURAS,GASTOS,FUNCIONAMIENTO,ADQUISICION DE BIENES Y SERVICIOS,ADQUISICION DE ACTIVOS NO FINANCIEROS,ACTIVOS FIJOS,EDIFICACIONES Y ESTRUCTURAS,No Aplica,No Aplica,No Aplica,No Aplica,VIGENCIA ACTUAL,ENTIDADES DIFERENTES A ENTIDADES TERRITORIALES - GESTION GENERAL,NO DEFINIDO,NO DEFINIDO,NO DEFINIDO,,,2022,Cuarto Trimestre,,,,NO DEFINIDO,NO DEFINIDO,,,,,,NO DEFINIDO,,,,,,NO DEFINIDO,NO DEFINIDO,NO DEFINIDO,11600000.0,11600000.0,11600000.0
10695758,20221201,220115276,E.S.E. Centro de Salud - Floresta,2.4.1.01.01.001.04,SUBSIDIO DE ALIMENTACION,GASTOS,GASTOS DE OPERACION COMERCIAL,GASTOS DE PERSONAL,PLANTA DE PERSONAL PERMANENTE,FACTORES CONSTITUTIVOS DE SALARIO,FACTORES SALARIALES COMUNES,SUBSIDIO DE ALIMENTACION,No Aplica,No Aplica,No Aplica,VIGENCIA ACTUAL,ENTIDADES DIFERENTES A ENTIDADES TERRITORIALES - GESTION GENERAL,NO DEFINIDO,NO DEFINIDO,NO APLICA,,,2022,Cuarto Trimestre,,,,NO APLICA,INGRESOS CORRIENTES DE LIBRE DESTINACION,,,,,,NO APLICA,,,,,,CON SITUACION DE FONDOS,NO APLICA,NO DEFINIDO,2603063.0,2603063.0,2603063.0
10698712,20220901,220115276,E.S.E. Centro de Salud - Floresta,2.4.1.01.01.001.10,VIATICOS DE LOS FUNCIONARIOS EN COMISION,GASTOS,GASTOS DE OPERACION COMERCIAL,GASTOS DE PERSONAL,PLANTA DE PERSONAL PERMANENTE,FACTORES CONSTITUTIVOS DE SALARIO,FACTORES SALARIALES COMUNES,VIATICOS DE LOS FUNCIONARIOS EN COMISION,No Aplica,No Aplica,No Aplica,VIGENCIA ACTUAL,ENTIDADES DIFERENTES A ENTIDADES TERRITORIALES - GESTION GENERAL,NO DEFINIDO,NO DEFINIDO,NO APLICA,,,2022,Tercer Trimestre,,,,NO APLICA,INGRESOS CORRIENTES DE LIBRE DESTINACION,,,,,,NO APLICA,,,,,,CON SITUACION DE FONDOS,E.S.E. CENTRO DE SALUD - FLORESTA,NO DEFINIDO,1869300.0,1869300.0,1869300.0
10709096,20221201,220115276,E.S.E. Centro de Salud - Floresta,2.1.1.01.01.001,FACTORES SALARIALES COMUNES,GASTOS,FUNCIONAMIENTO,GASTOS DE PERSONAL,PLANTA DE PERSONAL PERMANENTE,FACTORES CONSTITUTIVOS DE SALARIO,FACTORES SALARIALES COMUNES,No Aplica,No Aplica,No Aplica,No Aplica,VIGENCIA ACTUAL,ENTIDADES DIFERENTES A ENTIDADES TERRITORIALES - GESTION GENERAL,NO DEFINIDO,NO DEFINIDO,NO DEFINIDO,,,2022,Cuarto Trimestre,,,,NO DEFINIDO,NO DEFINIDO,,,,,,NO DEFINIDO,,,,,,NO DEFINIDO,NO DEFINIDO,NO DEFINIDO,101726433.0,101726433.0,101726433.0
10715266,20211201,220115276,E.S.E. Centro de Salud - Floresta,2.1.1.01.03.001.03,BONIFICACION ESPECIAL DE RECREACION,GASTOS,FUNCIONAMIENTO,GASTOS DE PERSONAL,PLANTA DE PERSONAL PERMANENTE,REMUNERACIONES NO CONSTITUTIVAS DE FACTOR SALARIAL,PRESTACIONES SOCIALES,BONIFICACION ESPECIAL DE RECREACION,No Aplica,No Aplica,No Aplica,VIGENCIA ACTUAL,ENTIDADES TERRITORIALES - SALUD,NO DEFINIDO,NO DEFINIDO,NO APLICA,,,2021,Cuarto Trimestre,,,,NO APLICA,INGRESOS CORRIENTES DE LIBRE DESTINACION,,,,,,NO APLICA,,,,,,CON SITUACION DE FONDOS,E.S.E. CENTRO DE SALUD - FLORESTA,NO DEFINIDO,967381.0,967381.0,967381.0
10719187,20221201,220115276,E.S.E. Centro de Salud - Floresta,2.4.1.01.01,FACTORES CONSTITUTIVOS DE SALARIO,GASTOS,GASTOS DE OPERACION COMERCIAL,GASTOS DE PERSONAL,PLANTA DE PERSONAL PERMANENTE,FACTORES CONSTITUTIVOS DE SALARIO,No Aplica,No Aplica,No Aplica,No Aplica,No Aplica,VIGENCIA ACTUAL,ENTIDADES DIFERENTES A ENTIDADES TERRITORIALES - GESTION GENERAL,NO DEFINIDO,NO DEFINIDO,NO DEFINIDO,,,2022,Cuarto Trimestre,,,,NO DEFINIDO,NO DEFINIDO,,,,,,NO DEFINIDO,,,,,,NO DEFINIDO,NO DEFINIDO,NO DEFINIDO,193428132.0,193428132.0,193428132.0
10730602,20211201,220115276,E.S.E. Centro de Salud - Floresta,2.1.1.01.01.001.10,VIATICOS DE LOS FUNCIONARIOS EN COMISION,GASTOS,FUNCIONAMIENTO,GASTOS DE PERSONAL,PLANTA DE PERSONAL PERMANENTE,FACTORES CONSTITUTIVOS DE SALARIO,FACTORES SALARIALES COMUNES,VIATICOS DE LOS FUNCIONARIOS EN COMISION,No Aplica,No Aplica,No Aplica,VIGENCIA ACTUAL,ENTIDADES TERRITORIALES - SALUD,NO DEFINIDO,NO DEFINIDO,NO APLICA,,,2021,Cuarto Trimestre,,,,NO APLICA,INGRESOS CORRIENTES DE LIBRE DESTINACION,,,,,,NO APLICA,,,,,,CON SITUACION DE FONDOS,E.S.E. CENTRO DE SALUD - FLORESTA,NO DEFINIDO,2532600.0,2532600.0,2532600.0
10732642,20220601,220115276,E.S.E. Centro de Salud - Floresta,2.1.2.02.02,ADQUISICION DE SERVICIOS,GASTOS,FUNCIONAMIENTO,ADQUISICION DE BIENES Y SERVICIOS,ADQUISICIONES DIFERENTES DE ACTIVOS,ADQUISICION DE SERVICIOS,No Aplica,No Aplica,No Aplica,No Aplica,No Aplica,VIGENCIA ACTUAL,ENTIDADES DIFERENTES A ENTIDADES TERRITORIALES - GESTION GENERAL,NO DEFINIDO,NO DEFINIDO,NO DEFINIDO,,,2022,Segundo Trimestre,,,,NO DEFINIDO,NO DEFINIDO,,,,,,NO DEFINIDO,,,,,,NO DEFINIDO,NO DEFINIDO,NO DEFINIDO,85047954.0,68263478.0,68263478.0
10739832,20220601,220115276,E.S.E. Centro de Salud - Floresta,2.4.1.01,PLANTA DE PERSONAL PERMANENTE,GASTOS,GASTOS DE OPERACION COMERCIAL,GASTOS DE PERSONAL,PLANTA DE PERSONAL PERMANENTE,No Aplica,No Aplica,No Aplica,No Aplica,No Aplica,No Aplica,VIGENCIA ACTUAL,ENTIDADES DIFERENTES A ENTIDADES TERRITORIALES - GESTION GENERAL,NO DEFINIDO,NO DEFINIDO,NO DEFINIDO,,,2022,Segundo Trimestre,,,,NO DEFINIDO,NO DEFINIDO,,,,,,NO DEFINIDO,,,,,,NO DEFINIDO,NO DEFINIDO,NO DEFINIDO,118299397.0,111245341.0,111245341.0
10741766,20230601,220115276,E.S.E. Centro de Salud - Floresta,2.1.1.01.01.001.07,BONIFICACION POR SERVICIOS PRESTADOS,GASTOS,FUNCIONAMIENTO,GASTOS DE PERSONAL,PLANTA DE PERSONAL PERMANENTE,FACTORES CONSTITUTIVOS DE SALARIO,FACTORES SALARIALES COMUNES,BONIFICACION POR SERVICIOS PRESTADOS,No Aplica,No Aplica,No Aplica,VIGENCIA ACTUAL,ENTIDADES DIFERENTES A ENTIDADES TERRITORIALES - UNIDAD DE SALUD,NO DEFINIDO,NO DEFINIDO,SALUD Y PROTECCION SOCIAL,,,2023,Segundo Trimestre,,,,NO APLICA,INGRESOS CORRIENTES DE LIBRE DESTINACION,,,,,,NO APLICA,,,,,,CON SITUACION DE FONDOS,NO APLICA,NO DEFINIDO,1286562.0,1286562.0,1286562.0
10749643,20221201,220115276,E.S.E. Centro de Salud - Floresta,2.4.5,GASTOS DE COMERCIALIZACION Y PRODUCCION,GASTOS,GASTOS DE OPERACION COMERCIAL,GASTOS DE COMERCIALIZACION Y PRODUCCION,No Aplica,No Aplica,No Aplica,No Aplica,No Aplica,No Aplica,No Aplica,VIGENCIA ACTUAL,ENTIDADES DIFERENTES A ENTIDADES TERRITORIALES - GESTION GENERAL,NO DEFINIDO,NO DEFINIDO,NO DEFINIDO,,,2022,Cuarto Trimestre,,,,NO DEFINIDO,NO DEFINIDO,,,,,,NO DEFINIDO,,,,,,NO DEFINIDO,NO DEFINIDO,NO DEFINIDO,265718050.0,265718050.0,265718050.0
10750401,20220301,220115276,E.S.E. Centro de Salud - Floresta,2.4.1.01.01.001.04,SUBSIDIO DE ALIMENTACION,GASTOS,GASTOS DE OPERACION COMERCIAL,GASTOS DE PERSONAL,PLANTA DE PERSONAL PERMANENTE,FACTORES CONSTITUTIVOS DE SALARIO,FACTORES SALARIALES COMUNES,SUBSIDIO DE ALIMENTACION,No Aplica,No Aplica,No Aplica,VIGENCIA ACTUAL,ENTIDADES DIFERENTES A ENTIDADES TERRITORIALES - GESTION GENERAL,NO DEFINIDO,NO DEFINIDO,NO APLICA,,,2022,Primer Trimestre,,,,NO APLICA,INGRESOS CORRIENTES DE LIBRE DESTINACION,,,,,,NO APLICA,,,,,,CON SITUACION DE FONDOS,NO APLICA,NO DEFINIDO,1220832.0,610416.0,610416.0
10754870,20221201,220115276,E.S.E. Centro de Salud - Floresta,2.1.8,"GASTOS POR TRIBUTOS, TASAS, CONTRIBUCIONES, MULTAS, SANCIONES E INTERESES DE MORA",GASTOS,FUNCIONAMIENTO,"GASTOS POR TRIBUTOS, TASAS, CONTRIBUCIONES, MULTAS, SANCIONES E INTERESES DE MORA",No Aplica,No Aplica,No Aplica,No Aplica,No Aplica,No Aplica,No Aplica,VIGENCIA ACTUAL,ENTIDADES DIFERENTES A ENTIDADES TERRITORIALES - GESTION GENERAL,NO DEFINIDO,NO DEFINIDO,NO DEFINIDO,,,2022,Cuarto Trimestre,,,,NO DEFINIDO,NO DEFINIDO,,,,,,NO DEFINIDO,,,,,,NO DEFINIDO,NO DEFINIDO,NO DEFINIDO,656211.0,656211.0,656211.0
10760811,20220901,220115276,E.S.E. Centro de Salud - Floresta,2.3.2.01.01.003.06,"APARATOS MEDICOS, INSTRUMENTOS OPTICOS Y DE PRECISION, RELOJES",GASTOS,INVERSION,ADQUISICION DE BIENES Y SERVICIOS,ADQUISICION DE ACTIVOS NO FINANCIEROS,ACTIVOS FIJOS,MAQUINARIA Y EQUIPO,"APARATOS MEDICOS, INSTRUMENTOS OPTICOS Y DE PRECISION, RELOJES",No Aplica,No Aplica,No Aplica,VIGENCIA ACTUAL,ENTIDADES DIFERENTES A ENTIDADES TERRITORIALES - GESTION GENERAL,NO DEFINIDO,NO DEFINIDO,NO DEFINIDO,,,2022,Tercer Trimestre,,,,NO DEFINIDO,NO DEFINIDO,,,,,,NO DEFINIDO,,,,,,NO DEFINIDO,NO DEFINIDO,NO DEFINIDO,23216871.0,7224371.0,7224371.0
10761506,20230601,220115276,E.S.E. Centro de Salud - Floresta,2.4.1.01.03.001.02,INDEMNIZACION POR VACACIONES,GASTOS,GASTOS DE OPERACION COMERCIAL,GASTOS DE PERSONAL,PLANTA DE PERSONAL PERMANENTE,REMUNERACIONES NO CONSTITUTIVAS DE FACTOR SALARIAL,PRESTACIONES SOCIALES,INDEMNIZACION POR VACACIONES,No Aplica,No Aplica,No Aplica,VIGENCIA ACTUAL,ENTIDADES DIFERENTES A ENTIDADES TERRITORIALES - UNIDAD DE SALUD,NO DEFINIDO,NO DEFINIDO,SALUD Y PROTECCION SOCIAL,,,2023,Segundo Trimestre,,,,NO APLICA,INGRESOS CORRIENTES DE LIBRE DESTINACION,,,,,,NO APLICA,,,,,,CON SITUACION DE FONDOS,NO APLICA,NO DEFINIDO,4557486.0,4557486.0,4557486.0
10775305,20220901,220115276,E.S.E. Centro de Salud - Floresta,2.4.1.01.03.001.03,BONIFICACION ESPECIAL DE RECREACION,GASTOS,GASTOS DE OPERACION COMERCIAL,GASTOS DE PERSONAL,PLANTA DE PERSONAL PERMANENTE,REMUNERACIONES NO CONSTITUTIVAS DE FACTOR SALARIAL,PRESTACIONES SOCIALES,BONIFICACION ESPECIAL DE RECREACION,No Aplica,No Aplica,No Aplica,VIGENCIA ACTUAL,ENTIDADES DIFERENTES A ENTIDADES TERRITORIALES - GESTION GENERAL,NO DEFINIDO,NO DEFINIDO,NO APLICA,,,2022,Tercer Trimestre,,,,NO APLICA,INGRESOS CORRIENTES DE LIBRE DESTINACION,,,,,,NO APLICA,,,,,,CON SITUACION DE FONDOS,NO APLICA,NO DEFINIDO,342476.0,342476.0,342476.0
10779413,20220901,220115276,E.S.E. Centro de Salud - Floresta,2.1.1.01.03.001,PRESTACIONES SOCIALES,GASTOS,FUNCIONAMIENTO,GASTOS DE PERSONAL,PLANTA DE PERSONAL PERMANENTE,REMUNERACIONES NO CONSTITUTIVAS DE FACTOR SALARIAL,PRESTACIONES SOCIALES,No Aplica,No Aplica,No Aplica,No Aplica,VIGENCIA ACTUAL,ENTIDADES DIFERENTES A ENTIDADES TERRITORIALES - GESTION GENERAL,NO DEFINIDO,NO DEFINIDO,NO DEFINIDO,,,2022,Tercer Trimestre,,,,NO DEFINIDO,NO DEFINIDO,,,,,,NO DEFINIDO,,,,,,NO DEFINIDO,NO DEFINIDO,NO DEFINIDO,3516289.0,3516289.0,3516289.0
10783965,20220601,220115276,E.S.E. Centro de Salud - Floresta,2.1.2.02.01.004,PRODUCTOS METALICOS Y PAQUETES DE SOFTWARE,GASTOS,FUNCIONAMIENTO,ADQUISICION DE BIENES Y SERVICIOS,ADQUISICIONES DIFERENTES DE ACTIVOS,MATERIALES Y SUMINISTROS,PRODUCTOS METALICOS Y PAQUETES DE SOFTWARE,No Aplica,No Aplica,No Aplica,No Aplica,VIGENCIA ACTUAL,ENTIDADES DIFERENTES A ENTIDADES TERRITORIALES - GESTION GENERAL,NO DEFINIDO,NO DEFINIDO,NO APLICA,,,2022,Segundo Trimestre,,,,OTROS SERVICIOS DIVERSOS N C P,INGRESOS CORRIENTES DE LIBRE DESTINACION,,,,,,NO APLICA,,,,,,CON SITUACION DE FONDOS,NO APLICA,NO DEFINIDO,3200000.0,1600000.0,1600000.0
10785943,20230301,220115276,E.S.E. Centro de Salud - Floresta,2.4.1.01.02.002,APORTES A LA SEGURIDAD SOCIAL EN SALUD,GASTOS,GASTOS DE OPERACION COMERCIAL,GASTOS DE PERSONAL,PLANTA DE PERSONAL PERMANENTE,CONTRIBUCIONES INHERENTES A LA NOMINA,APORTES A LA SEGURIDAD SOCIAL EN SALUD,No Aplica,No Aplica,No Aplica,No Aplica,VIGENCIA ACTUAL,ENTIDADES TERRITORIALES - SALUD,NO DEFINIDO,NO DEFINIDO,NO APLICA,,,2023,Primer Trimestre,,,,NO APLICA,INGRESOS CORRIENTES DE LIBRE DESTINACION,,,,,,NO APLICA,,,,,,CON SITUACION DE FONDOS,E.S.E. CENTRO DE SALUD - FLORESTA,NO DEFINIDO,2079208.0,2079208.0,2079208.0
10786970,20220601,220115276,E.S.E. Centro de Salud - Floresta,2.4.1.01.03.001.03,BONIFICACION ESPECIAL DE RECREACION,GASTOS,GASTOS DE OPERACION COMERCIAL,GASTOS DE PERSONAL,PLANTA DE PERSONAL PERMANENTE,REMUNERACIONES NO CONSTITUTIVAS DE FACTOR SALARIAL,PRESTACIONES SOCIALES,BONIFICACION ESPECIAL DE RECREACION,No Aplica,No Aplica,No Aplica,VIGENCIA ACTUAL,ENTIDADES DIFERENTES A ENTIDADES TERRITORIALES - GESTION GENERAL,NO DEFINIDO,NO DEFINIDO,NO APLICA,,,2022,Segundo Trimestre,,,,NO APLICA,INGRESOS CORRIENTES DE LIBRE DESTINACION,,,,,,NO APLICA,,,,,,CON SITUACION DE FONDOS,NO APLICA,NO DEFINIDO,342476.0,342476.0,342476.0
10796948,20230601,220115276,E.S.E. Centro de Salud - Floresta,2,GASTOS,GASTOS,No Aplica,No Aplica,No Aplica,No Aplica,No Aplica,No Aplica,No Aplica,No Aplica,No Aplica,VIGENCIA ACTUAL,ENTIDADES DIFERENTES A ENTIDADES TERRITORIALES - UNIDAD DE SALUD,NO DEFINIDO,NO DEFINIDO,NO DEFINIDO,,,2023,Segundo Trimestre,,,,NO DEFINIDO,NO DEFINIDO,,,,,,NO DEFINIDO,,,,,,NO DEFINIDO,NO DEFINIDO,NO DEFINIDO,678381535.0,392594606.0,392594606.0
10804403,20220901,220115276,E.S.E. Centro de Salud - Floresta,2.3,INVERSION,GASTOS,INVERSION,No Aplica,No Aplica,No Aplica,No Aplica,No Aplica,No Aplica,No Aplica,No Aplica,VIGENCIA ACTUAL,ENTIDADES DIFERENTES A ENTIDADES TERRITORIALES - GESTION GENERAL,NO DEFINIDO,NO DEFINIDO,NO DEFINIDO,,,2022,Tercer Trimestre,,,,NO DEFINIDO,NO DEFINIDO,,,,,,NO DEFINIDO,,,,,,NO DEFINIDO,NO DEFINIDO,NO DEFINIDO,34243670.0,16251170.0,16251170.0
10813802,20230601,220115276,E.S.E. Centro de Salud - Floresta,2.1.2.02.02.008,SERVICIOS PRESTADOS A LAS EMPRESAS Y SERVICIOS DE PRODUCCION,GASTOS,FUNCIONAMIENTO,ADQUISICION DE BIENES Y SERVICIOS,ADQUISICIONES DIFERENTES DE ACTIVOS,ADQUISICION DE SERVICIOS,SERVICIOS PRESTADOS A LAS EMPRESAS Y SERVICIOS DE PRODUCCION,No Aplica,No Aplica,No Aplica,No Aplica,VIGENCIA ACTUAL,ENTIDADES DIFERENTES A ENTIDADES TERRITORIALES - UNIDAD DE SALUD,NO DEFINIDO,NO DEFINIDO,SALUD Y PROTECCION SOCIAL,,,2023,Segundo Trimestre,,,,OTROS SERVICIOS PROFESIONALES TECNICOS Y EMPRESARIALES N C P,INGRESOS CORRIENTES DE LIBRE DESTINACION,,,,,,NO APLICA,,,,,,CON SITUACION DE FONDOS,NO APLICA,NO DEFINIDO,120224242.0,56845198.0,56845198.0
10818949,20210901,220115276,E.S.E. Centro de Salud - Floresta,2.1.1.01.02,CONTRIBUCIONES INHERENTES A LA NOMINA,GASTOS,FUNCIONAMIENTO,GASTOS DE PERSONAL,PLANTA DE PERSONAL PERMANENTE,CONTRIBUCIONES INHERENTES A LA NOMINA,No Aplica,No Aplica,No Aplica,No Aplica,No Aplica,VIGENCIA ACTUAL,ENTIDADES TERRITORIALES - SALUD,NO DEFINIDO,NO DEFINIDO,NO DEFINIDO,,,2021,Tercer Trimestre,,,,NO DEFINIDO,NO DEFINIDO,,,,,,NO DEFINIDO,,,,,,NO DEFINIDO,NO DEFINIDO,NO DEFINIDO,46713949.0,46713949.0,46713949.0
10850402,20230301,220115276,E.S.E. Centro de Salud - Floresta,2.4.1.01.01.001.07,BONIFICACION POR SERVICIOS PRESTADOS,GASTOS,GASTOS DE OPERACION COMERCIAL,GASTOS DE PERSONAL,PLANTA DE PERSONAL PERMANENTE,FACTORES CONSTITUTIVOS DE SALARIO,FACTORES SALARIALES COMUNES,BONIFICACION POR SERVICIOS PRESTADOS,No Aplica,No Aplica,No Aplica,VIGENCIA ACTUAL,ENTIDADES TERRITORIALES - SALUD,NO DEFINIDO,NO DEFINIDO,NO APLICA,,,2023,Primer Trimestre,,,,NO APLICA,INGRESOS CORRIENTES DE LIBRE DESTINACION,,,,,,NO APLICA,,,,,,CON SITUACION DE FONDOS,NO APLICA,NO DEFINIDO,950882.0,950882.0,950882.0
10861896,20230601,220115276,E.S.E. Centro de Salud - Floresta,2.1.2.01.01.003,MAQUINARIA Y EQUIPO,GASTOS,FUNCIONAMIENTO,ADQUISICION DE BIENES Y SERVICIOS,ADQUISICION DE ACTIVOS NO FINANCIEROS,ACTIVOS FIJOS,MAQUINARIA Y EQUIPO,No Aplica,No Aplica,No Aplica,No Aplica,VIGENCIA ACTUAL,ENTIDADES DIFERENTES A ENTIDADES TERRITORIALES - UNIDAD DE SALUD,NO DEFINIDO,NO DEFINIDO,NO DEFINIDO,,,2023,Segundo Trimestre,,,,NO DEFINIDO,NO DEFINIDO,,,,,,NO DEFINIDO,,,,,,NO DEFINIDO,NO DEFINIDO,NO DEFINIDO,4327000.0,2025000.0,2025000.0
10882444,20220601,220115276,E.S.E. Centro de Salud - Floresta,2.1.1.01.01.001.08.02,PRIMA DE VACACIONES,GASTOS,FUNCIONAMIENTO,GASTOS DE PERSONAL,PLANTA DE PERSONAL PERMANENTE,FACTORES CONSTITUTIVOS DE SALARIO,FACTORES SALARIALES COMUNES,PRESTACIONES SOCIALES,PRIMA DE VACACIONES,No Aplica,No Aplica,VIGENCIA ACTUAL,ENTIDADES DIFERENTES A ENTIDADES TERRITORIALES - GESTION GENERAL,NO DEFINIDO,NO DEFINIDO,NO APLICA,,,2022,Segundo Trimestre,,,,NO APLICA,INGRESOS CORRIENTES DE LIBRE DESTINACION,,,,,,NO APLICA,,,,,,CON SITUACION DE FONDOS,NO APLICA,NO DEFINIDO,2220368.0,2220368.0,2220368.0
10884568,20230301,220115276,E.S.E. Centro de Salud - Floresta,2.1.1.01.01.001.04,SUBSIDIO DE ALIMENTACION,GASTOS,FUNCIONAMIENTO,GASTOS DE PERSONAL,PLANTA DE PERSONAL PERMANENTE,FACTORES CONSTITUTIVOS DE SALARIO,FACTORES SALARIALES COMUNES,SUBSIDIO DE ALIMENTACION,No Aplica,No Aplica,No Aplica,VIGENCIA ACTUAL,ENTIDADES TERRITORIALES - SALUD,NO DEFINIDO,NO DEFINIDO,NO APLICA,,,2023,Primer Trimestre,,,,NO APLICA,INGRESOS CORRIENTES DE LIBRE DESTINACION,,,,,,NO APLICA,,,,,,CON SITUACION DE FONDOS,NO APLICA,NO DEFINIDO,436494.0,436494.0,436494.0
10886929,20230601,220115276,E.S.E. Centro de Salud - Floresta,2.4.1.01.03.001.03,BONIFICACION ESPECIAL DE RECREACION,GASTOS,GASTOS DE OPERACION COMERCIAL,GASTOS DE PERSONAL,PLANTA DE PERSONAL PERMANENTE,REMUNERACIONES NO CONSTITUTIVAS DE FACTOR SALARIAL,PRESTACIONES SOCIALES,BONIFICACION ESPECIAL DE RECREACION,No Aplica,No Aplica,No Aplica,VIGENCIA ACTUAL,ENTIDADES DIFERENTES A ENTIDADES TERRITORIALES - UNIDAD DE SALUD,NO DEFINIDO,NO DEFINIDO,SALUD Y PROTECCION SOCIAL,,,2023,Segundo Trimestre,,,,NO APLICA,INGRESOS CORRIENTES DE LIBRE DESTINACION,,,,,,NO APLICA,,,,,,CON SITUACION DE FONDOS,NO APLICA,NO DEFINIDO,490492.0,490492.0,490492.0
10892644,20230601,220115276,E.S.E. Centro de Salud - Floresta,2.1.2.02.02.008,SERVICIOS PRESTADOS A LAS EMPRESAS Y SERVICIOS DE PRODUCCION,GASTOS,FUNCIONAMIENTO,ADQUISICION DE BIENES Y SERVICIOS,ADQUISICIONES DIFERENTES DE ACTIVOS,ADQUISICION DE SERVICIOS,SERVICIOS PRESTADOS A LAS EMPRESAS Y SERVICIOS DE PRODUCCION,No Aplica,No Aplica,No Aplica,No Aplica,VIGENCIA ACTUAL,ENTIDADES DIFERENTES A ENTIDADES TERRITORIALES - UNIDAD DE SALUD,NO DEFINIDO,NO DEFINIDO,SALUD Y PROTECCION SOCIAL,,,2023,Segundo Trimestre,,,,OTROS SERVICIOS PROFESIONALES TECNICOS Y EMPRESARIALES N C P,INGRESOS CORRIENTES DE DESTINACION ESPECIFICA POR ACTO ADMINISTRATIVO,,,,,,NO APLICA,,,,,,CON SITUACION DE FONDOS,NO APLICA,NO DEFINIDO,62200000.0,0.0,0.0
10902306,20230301,220115276,E.S.E. Centro de Salud - Floresta,2.4.1.01.01.001.08,PRESTACIONES SOCIALES,GASTOS,GASTOS DE OPERACION COMERCIAL,GASTOS DE PERSONAL,PLANTA DE PERSONAL PERMANENTE,FACTORES CONSTITUTIVOS DE SALARIO,FACTORES SALARIALES COMUNES,PRESTACIONES SOCIALES,No Aplica,No Aplica,No Aplica,VIGENCIA ACTUAL,ENTIDADES TERRITORIALES - SALUD,NO DEFINIDO,NO DEFINIDO,NO DEFINIDO,,,2023,Primer Trimestre,,,,NO DEFINIDO,NO DEFINIDO,,,,,,NO DEFINIDO,,,,,,NO DEFINIDO,NO DEFINIDO,NO DEFINIDO,2312437.0,2312437.0,2312437.0
10917133,20220301,220115276,E.S.E. Centro de Salud - Floresta,2.4.1.01.03.001,PRESTACIONES SOCIALES,GASTOS,GASTOS DE OPERACION COMERCIAL,GASTOS DE PERSONAL,PLANTA DE PERSONAL PERMANENTE,REMUNERACIONES NO CONSTITUTIVAS DE FACTOR SALARIAL,PRESTACIONES SOCIALES,No Aplica,No Aplica,No Aplica,No Aplica,VIGENCIA ACTUAL,ENTIDADES DIFERENTES A ENTIDADES TERRITORIALES - GESTION GENERAL,NO DEFINIDO,NO DEFINIDO,NO DEFINIDO,,,2022,Primer Trimestre,,,,NO DEFINIDO,NO DEFINIDO,,,,,,NO DEFINIDO,,,,,,NO DEFINIDO,NO DEFINIDO,NO DEFINIDO,966893.0,966893.0,966893.0
10917329,20230301,220115276,E.S.E. Centro de Salud - Floresta,2.1.2.02.01.004,PRODUCTOS METALICOS Y PAQUETES DE SOFTWARE,GASTOS,FUNCIONAMIENTO,ADQUISICION DE BIENES Y SERVICIOS,ADQUISICIONES DIFERENTES DE ACTIVOS,MATERIALES Y SUMINISTROS,PRODUCTOS METALICOS Y PAQUETES DE SOFTWARE,No Aplica,No Aplica,No Aplica,No Aplica,VIGENCIA ACTUAL,ENTIDADES TERRITORIALES - SALUD,NO DEFINIDO,NO DEFINIDO,NO APLICA,,,2023,Primer Trimestre,,,,SERVICIOS DE LA ADMINISTRACION PUBLICA RELACIONADOS CON LA SALUD,INGRESOS CORRIENTES DE LIBRE DESTINACION,,,,,,NO APLICA,,,,,,CON SITUACION DE FONDOS,NO APLICA,NO DEFINIDO,3000000.0,1211515.0,1211515.0
10931447,20230601,220115276,E.S.E. Centro de Salud - Floresta,2.4.1.01.01.001.10,VIATICOS DE LOS FUNCIONARIOS EN COMISION,GASTOS,GASTOS DE OPERACION COMERCIAL,GASTOS DE PERSONAL,PLANTA DE PERSONAL PERMANENTE,FACTORES CONSTITUTIVOS DE SALARIO,FACTORES SALARIALES COMUNES,VIATICOS DE LOS FUNCIONARIOS EN COMISION,No Aplica,No Aplica,No Aplica,VIGENCIA ACTUAL,ENTIDADES DIFERENTES A ENTIDADES TERRITORIALES - UNIDAD DE SALUD,NO DEFINIDO,NO DEFINIDO,SALUD Y PROTECCION SOCIAL,,,2023,Segundo Trimestre,,,,NO APLICA,INGRESOS CORRIENTES DE LIBRE DESTINACION,,,,,,NO APLICA,,,,,,CON SITUACION DE FONDOS,NO APLICA,NO DEFINIDO,763700.0,763700.0,763700.0
10933343,20221201,220115276,E.S.E. Centro de Salud - Floresta,2.1.1.01,PLANTA DE PERSONAL PERMANENTE,GASTOS,FUNCIONAMIENTO,GASTOS DE PERSONAL,PLANTA DE PERSONAL PERMANENTE,No Aplica,No Aplica,No Aplica,No Aplica,No Aplica,No Aplica,VIGENCIA ACTUAL,ENTIDADES DIFERENTES A ENTIDADES TERRITORIALES - GESTION GENERAL,NO DEFINIDO,NO DEFINIDO,NO DEFINIDO,,,2022,Cuarto Trimestre,,,,NO DEFINIDO,NO DEFINIDO,,,,,,NO DEFINIDO,,,,,,NO DEFINIDO,NO DEFINIDO,NO DEFINIDO,141325120.0,141325120.0,141325120.0
10935551,20220301,220115276,E.S.E. Centro de Salud - Floresta,2.1.1.01.01.001,FACTORES SALARIALES COMUNES,GASTOS,FUNCIONAMIENTO,GASTOS DE PERSONAL,PLANTA DE PERSONAL PERMANENTE,FACTORES CONSTITUTIVOS DE SALARIO,FACTORES SALARIALES COMUNES,No Aplica,No Aplica,No Aplica,No Aplica,VIGENCIA ACTUAL,ENTIDADES DIFERENTES A ENTIDADES TERRITORIALES - GESTION GENERAL,NO DEFINIDO,NO DEFINIDO,NO DEFINIDO,,,2022,Primer Trimestre,,,,NO DEFINIDO,NO DEFINIDO,,,,,,NO DEFINIDO,,,,,,NO DEFINIDO,NO DEFINIDO,NO DEFINIDO,27020058.0,20514192.0,20514192.0
10938304,20220301,220115276,E.S.E. Centro de Salud - Floresta,2.4.1,GASTOS DE PERSONAL,GASTOS,GASTOS DE OPERACION COMERCIAL,GASTOS DE PERSONAL,No Aplica,No Aplica,No Aplica,No Aplica,No Aplica,No Aplica,No Aplica,VIGENCIA ACTUAL,ENTIDADES DIFERENTES A ENTIDADES TERRITORIALES - GESTION GENERAL,NO DEFINIDO,NO DEFINIDO,NO DEFINIDO,,,2022,Primer Trimestre,,,,NO DEFINIDO,NO DEFINIDO,,,,,,NO DEFINIDO,,,,,,NO DEFINIDO,NO DEFINIDO,NO DEFINIDO,62071962.0,51490878.0,51490878.0
10938539,20220301,220115276,E.S.E. Centro de Salud - Floresta,2.4.1.01.02.004,APORTES A CAJAS DE COMPENSACION FAMILIAR,GASTOS,GASTOS DE OPERACION COMERCIAL,GASTOS DE PERSONAL,PLANTA DE PERSONAL PERMANENTE,CONTRIBUCIONES INHERENTES A LA NOMINA,APORTES A CAJAS DE COMPENSACION FAMILIAR,No Aplica,No Aplica,No Aplica,No Aplica,VIGENCIA ACTUAL,ENTIDADES DIFERENTES A ENTIDADES TERRITORIALES - GESTION GENERAL,NO DEFINIDO,NO DEFINIDO,NO APLICA,,,2022,Primer Trimestre,,,,NO APLICA,INGRESOS CORRIENTES DE LIBRE DESTINACION,,,,,,NO APLICA,,,,,,CON SITUACION DE FONDOS,NO APLICA,NO DEFINIDO,1404480.0,1404480.0,1404480.0
10941489,20220901,220115276,E.S.E. Centro de Salud - Floresta,2.4,GASTOS DE OPERACION COMERCIAL,GASTOS,GASTOS DE OPERACION COMERCIAL,No Aplica,No Aplica,No Aplica,No Aplica,No Aplica,No Aplica,No Aplica,No Aplica,VIGENCIA ACTUAL,ENTIDADES DIFERENTES A ENTIDADES TERRITORIALES - GESTION GENERAL,NO DEFINIDO,NO DEFINIDO,NO DEFINIDO,,,2022,Tercer Trimestre,,,,NO DEFINIDO,NO DEFINIDO,,,,,,NO DEFINIDO,,,,,,NO DEFINIDO,NO DEFINIDO,NO DEFINIDO,390413404.0,317214626.0,317214626.0
10956546,20230601,220115276,E.S.E. Centro de Salud - Floresta,2.1.2.01.01.003.06,"APARATOS MEDICOS, INSTRUMENTOS OPTICOS Y DE PRECISION, RELOJES",GASTOS,FUNCIONAMIENTO,ADQUISICION DE BIENES Y SERVICIOS,ADQUISICION DE ACTIVOS NO FINANCIEROS,ACTIVOS FIJOS,MAQUINARIA Y EQUIPO,"APARATOS MEDICOS, INSTRUMENTOS OPTICOS Y DE PRECISION, RELOJES",No Aplica,No Aplica,No Aplica,VIGENCIA ACTUAL,ENTIDADES DIFERENTES A ENTIDADES TERRITORIALES - UNIDAD DE SALUD,NO DEFINIDO,NO DEFINIDO,NO DEFINIDO,,,2023,Segundo Trimestre,,,,NO DEFINIDO,NO DEFINIDO,,,,,,NO DEFINIDO,,,,,,NO DEFINIDO,NO DEFINIDO,NO DEFINIDO,2025000.0,2025000.0,2025000.0
10963927,20230301,220115276,E.S.E. Centro de Salud - Floresta,2.4.5.02.09,"SERVICIOS PARA LA COMUNIDAD, SOCIALES Y PERSONALES",GASTOS,GASTOS DE OPERACION COMERCIAL,GASTOS DE COMERCIALIZACION Y PRODUCCION,ADQUISICION DE SERVICIOS,"SERVICIOS PARA LA COMUNIDAD, SOCIALES Y PERSONALES",No Aplica,No Aplica,No Aplica,No Aplica,No Aplica,VIGENCIA ACTUAL,ENTIDADES TERRITORIALES - SALUD,NO DEFINIDO,NO DEFINIDO,NO APLICA,,,2023,Primer Trimestre,,,,SERVICIOS DE LA ADMINISTRACION PUBLICA RELACIONADOS CON LA SALUD,INGRESOS CORRIENTES DE LIBRE DESTINACION,,,,,,NO APLICA,,,,,,CON SITUACION DE FONDOS,NO APLICA,NO DEFINIDO,55840000.0,20039615.0,20039615.0
10965126,20210301,220115276,E.S.E. Centro de Salud - Floresta,2.1.1.01.01.001.04,SUBSIDIO DE ALIMENTACION,GASTOS,FUNCIONAMIENTO,GASTOS DE PERSONAL,PLANTA DE PERSONAL PERMANENTE,FACTORES CONSTITUTIVOS DE SALARIO,FACTORES SALARIALES COMUNES,SUBSIDIO DE ALIMENTACION,No Aplica,No Aplica,No Aplica,VIGENCIA ACTUAL,ENTIDADES DIFERENTES A ENTIDADES TERRITORIALES - UNIDAD DE SALUD,NO DEFINIDO,NO DEFINIDO,SALUD Y PROTECCION SOCIAL,,,2021,Primer Trimestre,,,,NO APLICA,1.2.1.0.00 - INGRESOS CORRIENTES DE LIBRE DESTINACION,,,,,,NO APLICA,,,,,,CON SITUACION DE FONDOS,NO APLICA,NO DEFINIDO,1514862.0,856089.0,856089.0
10968625,20211201,220115276,E.S.E. Centro de Salud - Floresta,2.1.2.02.02,ADQUISICION DE SERVICIOS,GASTOS,FUNCIONAMIENTO,ADQUISICION DE BIENES Y SERVICIOS,ADQUISICIONES DIFERENTES DE ACTIVOS,ADQUISICION DE SERVICIOS,No Aplica,No Aplica,No Aplica,No Aplica,No Aplica,VIGENCIA ACTUAL,ENTIDADES TERRITORIALES - SALUD,NO DEFINIDO,NO DEFINIDO,NO DEFINIDO,,,2021,Cuarto Trimestre,,,,NO DEFINIDO,NO DEFINIDO,,,,,,NO DEFINIDO,,,,,,NO DEFINIDO,NO DEFINIDO,NO DEFINIDO,422016818.0,422016818.0,408953604.0
10972400,20220601,220115276,E.S.E. Centro de Salud - Floresta,2,GASTOS,GASTOS,No Aplica,No Aplica,No Aplica,No Aplica,No Aplica,No Aplica,No Aplica,No Aplica,No Aplica,VIGENCIA ACTUAL,ENTIDADES DIFERENTES A ENTIDADES TERRITORIALES - GESTION GENERAL,NO DEFINIDO,NO DEFINIDO,NO DEFINIDO,,,2022,Segundo Trimestre,,,,NO DEFINIDO,NO DEFINIDO,,,,,,NO DEFINIDO,,,,,,NO DEFINIDO,NO DEFINIDO,NO DEFINIDO,423927807.0,358189747.0,358189747.0
10972891,20220901,220115276,E.S.E. Centro de Salud - Floresta,2.3.2.01.01.003.06.01,APARATOS MEDICOS Y QUIRURGICOS Y APARATOS ORTESICOS Y PROTESICOS,GASTOS,INVERSION,ADQUISICION DE BIENES Y SERVICIOS,ADQUISICION DE ACTIVOS NO FINANCIEROS,ACTIVOS FIJOS,MAQUINARIA Y EQUIPO,"APARATOS MEDICOS, INSTRUMENTOS OPTICOS Y DE PRECISION, RELOJES",APARATOS MEDICOS Y QUIRURGICOS Y APARATOS ORTESICOS Y PROTESICOS,No Aplica,No Aplica,VIGENCIA ACTUAL,ENTIDADES DIFERENTES A ENTIDADES TERRITORIALES - GESTION GENERAL,NO DEFINIDO,NO DEFINIDO,NO APLICA,,,2022,Tercer Trimestre,,,,NO APLICA,INGRESOS CORRIENTES DE LIBRE DESTINACION,,,,,,NO APLICA,,,,,,CON SITUACION DE FONDOS,E.S.E. CENTRO DE SALUD - FLORESTA,NO DEFINIDO,23216871.0,7224371.0,7224371.0
10982425,20230601,220115276,E.S.E. Centro de Salud - Floresta,2.1.2.02.02.006,"COMERCIO Y DISTRIBUCION; ALOJAMIENTO; SERVICIOS DE SUMINISTRO DE COMIDAS Y BEBIDAS; SERVICIOS DE TRANSPORTE; Y SERVICIOS DE DISTRIBUCION DE ELECTRICIDAD, GAS Y AGUA",GASTOS,FUNCIONAMIENTO,ADQUISICION DE BIENES Y SERVICIOS,ADQUISICIONES DIFERENTES DE ACTIVOS,ADQUISICION DE SERVICIOS,"COMERCIO Y DISTRIBUCION; ALOJAMIENTO; SERVICIOS DE SUMINISTRO DE COMIDAS Y BEBIDAS; SERVICIOS DE TRANSPORTE; Y SERVICIOS DE DISTRIBUCION DE ELECTRICIDAD, GAS Y AGUA",No Aplica,No Aplica,No Aplica,No Aplica,VIGENCIA ACTUAL,ENTIDADES DIFERENTES A ENTIDADES TERRITORIALES - UNIDAD DE SALUD,NO DEFINIDO,NO DEFINIDO,SALUD Y PROTECCION SOCIAL,,,2023,Segundo Trimestre,,,,SERVICIOS DE DISTRIBUCION DE AGUA EXCEPTO POR TUBERIAS  POR CUENTA PROPIA,INGRESOS CORRIENTES DE LIBRE DESTINACION,,,,,,NO APLICA,,,,,,CON SITUACION DE FONDOS,E.S.P. EMPRESA DE ENERGIA DE BOYACA S.A.,NO DEFINIDO,5769170.0,5769170.0,5769170.0
11003756,20221201,220115276,E.S.E. Centro de Salud - Floresta,2.1.1.01.02.001,APORTES A LA SEGURIDAD SOCIAL EN PENSIONES,GASTOS,FUNCIONAMIENTO,GASTOS DE PERSONAL,PLANTA DE PERSONAL PERMANENTE,CONTRIBUCIONES INHERENTES A LA NOMINA,APORTES A LA SEGURIDAD SOCIAL EN PENSIONES,No Aplica,No Aplica,No Aplica,No Aplica,VIGENCIA ACTUAL,ENTIDADES DIFERENTES A ENTIDADES TERRITORIALES - GESTION GENERAL,NO DEFINIDO,NO DEFINIDO,NO APLICA,,,2022,Cuarto Trimestre,,,,NO APLICA,INGRESOS CORRIENTES DE LIBRE DESTINACION,,,,,,NO APLICA,,,,,,CON SITUACION DE FONDOS,E.S.E. CENTRO DE SALUD - FLORESTA,NO DEFINIDO,9352352.0,9352352.0,9352352.0
11009145,20220601,220115276,E.S.E. Centro de Salud - Floresta,2.4.5.02,ADQUISICION DE SERVICIOS,GASTOS,GASTOS DE OPERACION COMERCIAL,GASTOS DE COMERCIALIZACION Y PRODUCCION,ADQUISICION DE SERVICIOS,No Aplica,No Aplica,No Aplica,No Aplica,No Aplica,No Aplica,VIGENCIA ACTUAL,ENTIDADES DIFERENTES A ENTIDADES TERRITORIALES - GESTION GENERAL,NO DEFINIDO,NO DEFINIDO,NO DEFINIDO,,,2022,Segundo Trimestre,,,,NO DEFINIDO,NO DEFINIDO,,,,,,NO DEFINIDO,,,,,,NO DEFINIDO,NO DEFINIDO,NO DEFINIDO,93254321.0,62219381.0,62219381.0
11017892,20230601,220115276,E.S.E. Centro de Salud - Floresta,2.4.1.01.03,REMUNERACIONES NO CONSTITUTIVAS DE FACTOR SALARIAL,GASTOS,GASTOS DE OPERACION COMERCIAL,GASTOS DE PERSONAL,PLANTA DE PERSONAL PERMANENTE,REMUNERACIONES NO CONSTITUTIVAS DE FACTOR SALARIAL,No Aplica,No Aplica,No Aplica,No Aplica,No Aplica,VIGENCIA ACTUAL,ENTIDADES DIFERENTES A ENTIDADES TERRITORIALES - UNIDAD DE SALUD,NO DEFINIDO,NO DEFINIDO,NO DEFINIDO,,,2023,Segundo Trimestre,,,,NO DEFINIDO,NO DEFINIDO,,,,,,NO DEFINIDO,,,,,,NO DEFINIDO,NO DEFINIDO,NO DEFINIDO,6213045.0,6213045.0,6213045.0
11020101,20210601,220115276,E.S.E. Centro de Salud - Floresta,2.1.1.01.01.001.01,SUELDO BASICO,GASTOS,FUNCIONAMIENTO,GASTOS DE PERSONAL,PLANTA DE PERSONAL PERMANENTE,FACTORES CONSTITUTIVOS DE SALARIO,FACTORES SALARIALES COMUNES,SUELDO BASICO,No Aplica,No Aplica,No Aplica,VIGENCIA ACTUAL,ENTIDADES DIFERENTES A ENTIDADES TERRITORIALES - UNIDAD DE SALUD,NO DEFINIDO,NO DEFINIDO,SALUD Y PROTECCION SOCIAL,,,2021,Segundo Trimestre,,,,NO APLICA,1.2.1.0.00 - INGRESOS CORRIENTES DE LIBRE DESTINACION,,,,,,NO APLICA,,,,,,CON SITUACION DE FONDOS,NO APLICA,NO DEFINIDO,108794523.0,95747411.0,95747411.0
11023265,20230601,220115276,E.S.E. Centro de Salud - Floresta,2.1.1.01.01.001.04,SUBSIDIO DE ALIMENTACION,GASTOS,FUNCIONAMIENTO,GASTOS DE PERSONAL,PLANTA DE PERSONAL PERMANENTE,FACTORES CONSTITUTIVOS DE SALARIO,FACTORES SALARIALES COMUNES,SUBSIDIO DE ALIMENTACION,No Aplica,No Aplica,No Aplica,VIGENCIA ACTUAL,ENTIDADES DIFERENTES A ENTIDADES TERRITORIALES - UNIDAD DE SALUD,NO DEFINIDO,NO DEFINIDO,SALUD Y PROTECCION SOCIAL,,,2023,Segundo Trimestre,,,,NO APLICA,INGRESOS CORRIENTES DE LIBRE DESTINACION,,,,,,NO APLICA,,,,,,CON SITUACION DE FONDOS,NO APLICA,NO DEFINIDO,1000620.0,1000620.0,1000620.0
11025268,20221201,220115276,E.S.E. Centro de Salud - Floresta,2.1.2.02.01,MATERIALES Y SUMINISTROS,GASTOS,FUNCIONAMIENTO,ADQUISICION DE BIENES Y SERVICIOS,ADQUISICIONES DIFERENTES DE ACTIVOS,MATERIALES Y SUMINISTROS,No Aplica,No Aplica,No Aplica,No Aplica,No Aplica,VIGENCIA ACTUAL,ENTIDADES DIFERENTES A ENTIDADES TERRITORIALES - GESTION GENERAL,NO DEFINIDO,NO DEFINIDO,NO DEFINIDO,,,2022,Cuarto Trimestre,,,,NO DEFINIDO,NO DEFINIDO,,,,,,NO DEFINIDO,,,,,,NO DEFINIDO,NO DEFINIDO,NO DEFINIDO,58060417.0,58060417.0,58060417.0
11025942,20230301,220115276,E.S.E. Centro de Salud - Floresta,2.4.1.01.01.001.10,VIATICOS DE LOS FUNCIONARIOS EN COMISION,GASTOS,GASTOS DE OPERACION COMERCIAL,GASTOS DE PERSONAL,PLANTA DE PERSONAL PERMANENTE,FACTORES CONSTITUTIVOS DE SALARIO,FACTORES SALARIALES COMUNES,VIATICOS DE LOS FUNCIONARIOS EN COMISION,No Aplica,No Aplica,No Aplica,VIGENCIA ACTUAL,ENTIDADES TERRITORIALES - SALUD,NO DEFINIDO,NO DEFINIDO,NO APLICA,,,2023,Primer Trimestre,,,,NO APLICA,INGRESOS CORRIENTES DE LIBRE DESTINACION,,,,,,NO APLICA,,,,,,CON SITUACION DE FONDOS,NO APLICA,NO DEFINIDO,270800.0,270800.0,270800.0
11027854,20220601,220115276,E.S.E. Centro de Salud - Floresta,2.1.1.01.02.001,APORTES A LA SEGURIDAD SOCIAL EN PENSIONES,GASTOS,FUNCIONAMIENTO,GASTOS DE PERSONAL,PLANTA DE PERSONAL PERMANENTE,CONTRIBUCIONES INHERENTES A LA NOMINA,APORTES A LA SEGURIDAD SOCIAL EN PENSIONES,No Aplica,No Aplica,No Aplica,No Aplica,VIGENCIA ACTUAL,ENTIDADES DIFERENTES A ENTIDADES TERRITORIALES - GESTION GENERAL,NO DEFINIDO,NO DEFINIDO,NO APLICA,,,2022,Segundo Trimestre,,,,NO APLICA,INGRESOS CORRIENTES DE LIBRE DESTINACION,,,,,,NO APLICA,,,,,,CON SITUACION DE FONDOS,E.S.E. CENTRO DE SALUD - FLORESTA,NO DEFINIDO,4477418.0,4477418.0,4477418.0
11038751,20211201,220115276,E.S.E. Centro de Salud - Floresta,2.1.1.01.01.001.01,SUELDO BASICO,GASTOS,FUNCIONAMIENTO,GASTOS DE PERSONAL,PLANTA DE PERSONAL PERMANENTE,FACTORES CONSTITUTIVOS DE SALARIO,FACTORES SALARIALES COMUNES,SUELDO BASICO,No Aplica,No Aplica,No Aplica,VIGENCIA ACTUAL,ENTIDADES TERRITORIALES - SALUD,NO DEFINIDO,NO DEFINIDO,NO APLICA,,,2021,Cuarto Trimestre,,,,NO APLICA,INGRESOS CORRIENTES DE LIBRE DESTINACION,,,,,,NO APLICA,,,,,,CON SITUACION DE FONDOS,E.S.E. CENTRO DE SALUD - FLORESTA,NO DEFINIDO,52976244.0,52976244.0,52976244.0
11045829,20220901,220115276,E.S.E. Centro de Salud - Floresta,2.1.2.02.02.008,SERVICIOS PRESTADOS A LAS EMPRESAS Y SERVICIOS DE PRODUCCION,GASTOS,FUNCIONAMIENTO,ADQUISICION DE BIENES Y SERVICIOS,ADQUISICIONES DIFERENTES DE ACTIVOS,ADQUISICION DE SERVICIOS,SERVICIOS PRESTADOS A LAS EMPRESAS Y SERVICIOS DE PRODUCCION,No Aplica,No Aplica,No Aplica,No Aplica,VIGENCIA ACTUAL,ENTIDADES DIFERENTES A ENTIDADES TERRITORIALES - GESTION GENERAL,NO DEFINIDO,NO DEFINIDO,NO APLICA,,,2022,Tercer Trimestre,,,,OTROS SERVICIOS DIVERSOS N C P,INGRESOS CORRIENTES DE LIBRE DESTINACION,,,,,,NO APLICA,,,,,,CON SITUACION DE FONDOS,E.S.E. CENTRO DE SALUD - FLORESTA,NO DEFINIDO,153511285.0,91544986.0,91544986.0
11045934,20230601,220115276,E.S.E. Centro de Salud - Floresta,2.4.1,GASTOS DE PERSONAL,GASTOS,GASTOS DE OPERACION COMERCIAL,GASTOS DE PERSONAL,No Aplica,No Aplica,No Aplica,No Aplica,No Aplica,No Aplica,No Aplica,VIGENCIA ACTUAL,ENTIDADES DIFERENTES A ENTIDADES TERRITORIALES - UNIDAD DE SALUD,NO DEFINIDO,NO DEFINIDO,NO DEFINIDO,,,2023,Segundo Trimestre,,,,NO DEFINIDO,NO DEFINIDO,,,,,,NO DEFINIDO,,,,,,NO DEFINIDO,NO DEFINIDO,NO DEFINIDO,137423530.0,137423530.0,137423530.0
11047289,20220301,220115276,E.S.E. Centro de Salud - Floresta,2.3.2,ADQUISICION DE BIENES Y SERVICIOS,GASTOS,INVERSION,ADQUISICION DE BIENES Y SERVICIOS,No Aplica,No Aplica,No Aplica,No Aplica,No Aplica,No Aplica,No Aplica,VIGENCIA ACTUAL,ENTIDADES DIFERENTES A ENTIDADES TERRITORIALES - GESTION GENERAL,NO DEFINIDO,NO DEFINIDO,NO DEFINIDO,,,2022,Primer Trimestre,,,,NO DEFINIDO,NO DEFINIDO,,,,,,NO DEFINIDO,,,,,,NO DEFINIDO,NO DEFINIDO,NO DEFINIDO,9026799.0,9026799.0,9026799.0
11047379,20220901,220115276,E.S.E. Centro de Salud - Floresta,2.1.1.01.03.001.02,INDEMNIZACION POR VACACIONES,GASTOS,FUNCIONAMIENTO,GASTOS DE PERSONAL,PLANTA DE PERSONAL PERMANENTE,REMUNERACIONES NO CONSTITUTIVAS DE FACTOR SALARIAL,PRESTACIONES SOCIALES,INDEMNIZACION POR VACACIONES,No Aplica,No Aplica,No Aplica,VIGENCIA ACTUAL,ENTIDADES DIFERENTES A ENTIDADES TERRITORIALES - GESTION GENERAL,NO DEFINIDO,NO DEFINIDO,NO APLICA,,,2022,Tercer Trimestre,,,,NO APLICA,INGRESOS CORRIENTES DE LIBRE DESTINACION,,,,,,NO APLICA,,,,,,CON SITUACION DE FONDOS,NO APLICA,NO DEFINIDO,3271230.0,3271230.0,3271230.0
11049685,20211201,220115276,E.S.E. Centro de Salud - Floresta,2.1.1.01.01.001.04,SUBSIDIO DE ALIMENTACION,GASTOS,FUNCIONAMIENTO,GASTOS DE PERSONAL,PLANTA DE PERSONAL PERMANENTE,FACTORES CONSTITUTIVOS DE SALARIO,FACTORES SALARIALES COMUNES,SUBSIDIO DE ALIMENTACION,No Aplica,No Aplica,No Aplica,VIGENCIA ACTUAL,ENTIDADES TERRITORIALES - SALUD,NO DEFINIDO,NO DEFINIDO,NO APLICA,,,2021,Cuarto Trimestre,,,,NO APLICA,INGRESOS CORRIENTES DE LIBRE DESTINACION,,,,,,NO APLICA,,,,,,CON SITUACION DE FONDOS,NO APLICA,NO DEFINIDO,3406968.0,3406968.0,3406968.0
11052632,20210901,220115276,E.S.E. Centro de Salud - Floresta,2.1.2.02.01,MATERIALES Y SUMINISTROS,GASTOS,FUNCIONAMIENTO,ADQUISICION DE BIENES Y SERVICIOS,ADQUISICIONES DIFERENTES DE ACTIVOS,MATERIALES Y SUMINISTROS,No Aplica,No Aplica,No Aplica,No Aplica,No Aplica,VIGENCIA ACTUAL,ENTIDADES TERRITORIALES - SALUD,NO DEFINIDO,NO DEFINIDO,NO DEFINIDO,,,2021,Tercer Trimestre,,,,NO DEFINIDO,NO DEFINIDO,,,,,,NO DEFINIDO,,,,,,NO DEFINIDO,NO DEFINIDO,NO DEFINIDO,18607059.0,18607059.0,18607059.0
11060539,20220901,220115276,E.S.E. Centro de Salud - Floresta,2.1.2.01,ADQUISICION DE ACTIVOS NO FINANCIEROS,GASTOS,FUNCIONAMIENTO,ADQUISICION DE BIENES Y SERVICIOS,ADQUISICION DE ACTIVOS NO FINANCIEROS,No Aplica,No Aplica,No Aplica,No Aplica,No Aplica,No Aplica,VIGENCIA ACTUAL,ENTIDADES DIFERENTES A ENTIDADES TERRITORIALES - GESTION GENERAL,NO DEFINIDO,NO DEFINIDO,NO DEFINIDO,,,2022,Tercer Trimestre,,,,NO DEFINIDO,NO DEFINIDO,,,,,,NO DEFINIDO,,,,,,NO DEFINIDO,NO DEFINIDO,NO DEFINIDO,10365760.0,960000.0,960000.0
11073010,20210601,220115276,E.S.E. Centro de Salud - Floresta,2.1.1.01.03.001.01,VACACIONES,GASTOS,FUNCIONAMIENTO,GASTOS DE PERSONAL,PLANTA DE PERSONAL PERMANENTE,REMUNERACIONES NO CONSTITUTIVAS DE FACTOR SALARIAL,PRESTACIONES SOCIALES,VACACIONES,No Aplica,No Aplica,No Aplica,VIGENCIA ACTUAL,ENTIDADES DIFERENTES A ENTIDADES TERRITORIALES - UNIDAD DE SALUD,NO DEFINIDO,NO DEFINIDO,NO APLICA,,,2021,Segundo Trimestre,,,,NO APLICA,1.2.1.0.00 - INGRESOS CORRIENTES DE LIBRE DESTINACION,,,,,,NO APLICA,,,,,,CON SITUACION DE FONDOS,NO APLICA,NO DEFINIDO,3854076.0,3854076.0,3854076.0
11080112,20221201,220115276,E.S.E. Centro de Salud - Floresta,2.1.1.01.03.001.02,INDEMNIZACION POR VACACIONES,GASTOS,FUNCIONAMIENTO,GASTOS DE PERSONAL,PLANTA DE PERSONAL PERMANENTE,REMUNERACIONES NO CONSTITUTIVAS DE FACTOR SALARIAL,PRESTACIONES SOCIALES,INDEMNIZACION POR VACACIONES,No Aplica,No Aplica,No Aplica,VIGENCIA ACTUAL,ENTIDADES DIFERENTES A ENTIDADES TERRITORIALES - GESTION GENERAL,NO DEFINIDO,NO DEFINIDO,NO APLICA,,,2022,Cuarto Trimestre,,,,NO APLICA,INGRESOS CORRIENTES DE LIBRE DESTINACION,,,,,,NO APLICA,,,,,,CON SITUACION DE FONDOS,NO APLICA,NO DEFINIDO,5662305.0,5662305.0,5662305.0
11083173,20230601,220115276,E.S.E. Centro de Salud - Floresta,2.1.1.01.01.001.08,PRESTACIONES SOCIALES,GASTOS,FUNCIONAMIENTO,GASTOS DE PERSONAL,PLANTA DE PERSONAL PERMANENTE,FACTORES CONSTITUTIVOS DE SALARIO,FACTORES SALARIALES COMUNES,PRESTACIONES SOCIALES,No Aplica,No Aplica,No Aplica,VIGENCIA ACTUAL,ENTIDADES DIFERENTES A ENTIDADES TERRITORIALES - UNIDAD DE SALUD,NO DEFINIDO,NO DEFINIDO,NO DEFINIDO,,,2023,Segundo Trimestre,,,,NO DEFINIDO,NO DEFINIDO,,,,,,NO DEFINIDO,,,,,,NO DEFINIDO,NO DEFINIDO,NO DEFINIDO,1970368.0,1970368.0,1970368.0
11085785,20211201,220115276,E.S.E. Centro de Salud - Floresta,2.1.2.02.02.009,"SERVICIOS PARA LA COMUNIDAD, SOCIALES Y PERSONALES",GASTOS,FUNCIONAMIENTO,ADQUISICION DE BIENES Y SERVICIOS,ADQUISICIONES DIFERENTES DE ACTIVOS,ADQUISICION DE SERVICIOS,"SERVICIOS PARA LA COMUNIDAD, SOCIALES Y PERSONALES",No Aplica,No Aplica,No Aplica,No Aplica,VIGENCIA ACTUAL,ENTIDADES TERRITORIALES - SALUD,NO DEFINIDO,NO DEFINIDO,NO APLICA,,,2021,Cuarto Trimestre,,,,SERVICIOS DE LA ADMINISTRACION PUBLICA RELACIONADOS CON LA SALUD,INGRESOS CORRIENTES DE LIBRE DESTINACION,,,,,,NO APLICA,,,,,,CON SITUACION DE FONDOS,E.S.E. CENTRO DE SALUD - FLORESTA,NO DEFINIDO,136769141.0,136769141.0,136769141.0
11091345,20220901,220115276,E.S.E. Centro de Salud - Floresta,2.1.1.01.01.001.07,BONIFICACION POR SERVICIOS PRESTADOS,GASTOS,FUNCIONAMIENTO,GASTOS DE PERSONAL,PLANTA DE PERSONAL PERMANENTE,FACTORES CONSTITUTIVOS DE SALARIO,FACTORES SALARIALES COMUNES,BONIFICACION POR SERVICIOS PRESTADOS,No Aplica,No Aplica,No Aplica,VIGENCIA ACTUAL,ENTIDADES DIFERENTES A ENTIDADES TERRITORIALES - GESTION GENERAL,NO DEFINIDO,NO DEFINIDO,NO APLICA,,,2022,Tercer Trimestre,,,,NO APLICA,INGRESOS CORRIENTES DE LIBRE DESTINACION,,,,,,NO APLICA,,,,,,CON SITUACION DE FONDOS,E.S.E. CENTRO DE SALUD - FLORESTA,NO DEFINIDO,2526229.0,2526229.0,2526229.0
11097205,20230301,220115276,E.S.E. Centro de Salud - Floresta,2.4.1.01.01.001.01,SUELDO BASICO,GASTOS,GASTOS DE OPERACION COMERCIAL,GASTOS DE PERSONAL,PLANTA DE PERSONAL PERMANENTE,FACTORES CONSTITUTIVOS DE SALARIO,FACTORES SALARIALES COMUNES,SUELDO BASICO,No Aplica,No Aplica,No Aplica,VIGENCIA ACTUAL,ENTIDADES TERRITORIALES - SALUD,NO DEFINIDO,NO DEFINIDO,NO APLICA,,,2023,Primer Trimestre,,,,NO APLICA,INGRESOS CORRIENTES DE LIBRE DESTINACION,,,,,,NO APLICA,,,,,,CON SITUACION DE FONDOS,NO APLICA,NO DEFINIDO,37203729.0,37203729.0,37203729.0
11099171,20210901,220115276,E.S.E. Centro de Salud - Floresta,2.1.1.01.01.001.10,VIATICOS DE LOS FUNCIONARIOS EN COMISION,GASTOS,FUNCIONAMIENTO,GASTOS DE PERSONAL,PLANTA DE PERSONAL PERMANENTE,FACTORES CONSTITUTIVOS DE SALARIO,FACTORES SALARIALES COMUNES,VIATICOS DE LOS FUNCIONARIOS EN COMISION,No Aplica,No Aplica,No Aplica,VIGENCIA ACTUAL,ENTIDADES TERRITORIALES - SALUD,NO DEFINIDO,NO DEFINIDO,NO APLICA,,,2021,Tercer Trimestre,,,,NO APLICA,NO APLICA,,,,,,NO APLICA,,,,,,CON SITUACION DE FONDOS,NO APLICA,NO DEFINIDO,1388800.0,1388800.0,1388800.0
11104094,20211201,220115276,E.S.E. Centro de Salud - Floresta,2.1.2.02.02.008,SERVICIOS PRESTADOS A LAS EMPRESAS Y SERVICIOS DE PRODUCCION,GASTOS,FUNCIONAMIENTO,ADQUISICION DE BIENES Y SERVICIOS,ADQUISICIONES DIFERENTES DE ACTIVOS,ADQUISICION DE SERVICIOS,SERVICIOS PRESTADOS A LAS EMPRESAS Y SERVICIOS DE PRODUCCION,No Aplica,No Aplica,No Aplica,No Aplica,VIGENCIA ACTUAL,ENTIDADES TERRITORIALES - SALUD,NO DEFINIDO,NO DEFINIDO,NO APLICA,,,2021,Cuarto Trimestre,,,,SERVICIOS DE LA ADMINISTRACION PUBLICA RELACIONADOS CON LA SALUD,INGRESOS CORRIENTES DE LIBRE DESTINACION,,,,,,NO APLICA,,,,,,CON SITUACION DE FONDOS,INSTITUTO NACIONAL DE SALUD,NO DEFINIDO,272185789.0,272185789.0,259122575.0
11104325,20230601,220115276,E.S.E. Centro de Salud - Floresta,2.1.1.01.02.007,APORTES AL SENA,GASTOS,FUNCIONAMIENTO,GASTOS DE PERSONAL,PLANTA DE PERSONAL PERMANENTE,CONTRIBUCIONES INHERENTES A LA NOMINA,APORTES AL SENA,No Aplica,No Aplica,No Aplica,No Aplica,VIGENCIA ACTUAL,ENTIDADES DIFERENTES A ENTIDADES TERRITORIALES - UNIDAD DE SALUD,NO DEFINIDO,NO DEFINIDO,SALUD Y PROTECCION SOCIAL,,,2023,Segundo Trimestre,,,,NO APLICA,INGRESOS CORRIENTES DE LIBRE DESTINACION,,,,,,NO APLICA,,,,,,CON SITUACION DE FONDOS,SERVICIO NACIONAL DE APRENDIZAJE,NO DEFINIDO,1005800.0,1005800.0,1005800.0
11123836,20230301,220115276,E.S.E. Centro de Salud - Floresta,2.1.2.02.01.003,"OTROS BIENES TRANSPORTABLES EXCEPTO PRODUCTOS METALICOS, MAQUINARIA Y EQUIPO",GASTOS,FUNCIONAMIENTO,ADQUISICION DE BIENES Y SERVICIOS,ADQUISICIONES DIFERENTES DE ACTIVOS,MATERIALES Y SUMINISTROS,"OTROS BIENES TRANSPORTABLES EXCEPTO PRODUCTOS METALICOS, MAQUINARIA Y EQUIPO",No Aplica,No Aplica,No Aplica,No Aplica,VIGENCIA ACTUAL,ENTIDADES TERRITORIALES - SALUD,NO DEFINIDO,NO DEFINIDO,NO APLICA,,,2023,Primer Trimestre,,,,SERVICIOS DE LA ADMINISTRACION PUBLICA RELACIONADOS CON LA SALUD,INGRESOS CORRIENTES DE LIBRE DESTINACION,,,,,,NO APLICA,,,,,,CON SITUACION DE FONDOS,NO APLICA,NO DEFINIDO,1125000.0,1125000.0,1125000.0
11130823,20220601,220115276,E.S.E. Centro de Salud - Floresta,2.1.1.01.01.001.01,SUELDO BASICO,GASTOS,FUNCIONAMIENTO,GASTOS DE PERSONAL,PLANTA DE PERSONAL PERMANENTE,FACTORES CONSTITUTIVOS DE SALARIO,FACTORES SALARIALES COMUNES,SUELDO BASICO,No Aplica,No Aplica,No Aplica,VIGENCIA ACTUAL,ENTIDADES DIFERENTES A ENTIDADES TERRITORIALES - GESTION GENERAL,NO DEFINIDO,NO DEFINIDO,NO APLICA,,,2022,Segundo Trimestre,,,,NO APLICA,INGRESOS CORRIENTES DE LIBRE DESTINACION,,,,,,NO APLICA,,,,,,CON SITUACION DE FONDOS,E.S.E. CENTRO DE SALUD - FLORESTA,NO DEFINIDO,43258159.0,39327859.0,39327859.0
11147879,20230601,220115276,E.S.E. Centro de Salud - Floresta,2.4.1.01.01.001.08.02,PRIMA DE VACACIONES,GASTOS,GASTOS DE OPERACION COMERCIAL,GASTOS DE PERSONAL,PLANTA DE PERSONAL PERMANENTE,FACTORES CONSTITUTIVOS DE SALARIO,FACTORES SALARIALES COMUNES,PRESTACIONES SOCIALES,PRIMA DE VACACIONES,No Aplica,No Aplica,VIGENCIA ACTUAL,ENTIDADES DIFERENTES A ENTIDADES TERRITORIALES - UNIDAD DE SALUD,NO DEFINIDO,NO DEFINIDO,SALUD Y PROTECCION SOCIAL,,,2023,Segundo Trimestre,,,,NO APLICA,INGRESOS CORRIENTES DE LIBRE DESTINACION,,,,,,NO APLICA,,,,,,CON SITUACION DE FONDOS,NO APLICA,NO DEFINIDO,4144681.0,4144681.0,4144681.0
11150383,20221201,220115276,E.S.E. Centro de Salud - Floresta,2.1.1.01.01.001.04,SUBSIDIO DE ALIMENTACION,GASTOS,FUNCIONAMIENTO,GASTOS DE PERSONAL,PLANTA DE PERSONAL PERMANENTE,FACTORES CONSTITUTIVOS DE SALARIO,FACTORES SALARIALES COMUNES,SUBSIDIO DE ALIMENTACION,No Aplica,No Aplica,No Aplica,VIGENCIA ACTUAL,ENTIDADES DIFERENTES A ENTIDADES TERRITORIALES - GESTION GENERAL,NO DEFINIDO,NO DEFINIDO,NO APLICA,,,2022,Cuarto Trimestre,,,,NO APLICA,INGRESOS CORRIENTES DE LIBRE DESTINACION,,,,,,NO APLICA,,,,,,CON SITUACION DE FONDOS,NO APLICA,NO DEFINIDO,1599352.0,1599352.0,1599352.0
11155229,20210601,220115276,E.S.E. Centro de Salud - Floresta,2.1.1.01.01.001.08.02,PRIMA DE VACACIONES,GASTOS,FUNCIONAMIENTO,GASTOS DE PERSONAL,PLANTA DE PERSONAL PERMANENTE,FACTORES CONSTITUTIVOS DE SALARIO,FACTORES SALARIALES COMUNES,PRESTACIONES SOCIALES,PRIMA DE VACACIONES,No Aplica,No Aplica,VIGENCIA ACTUAL,ENTIDADES DIFERENTES A ENTIDADES TERRITORIALES - UNIDAD DE SALUD,NO DEFINIDO,NO DEFINIDO,NO APLICA,,,2021,Segundo Trimestre,,,,NO APLICA,1.2.1.0.00 - INGRESOS CORRIENTES DE LIBRE DESTINACION,,,,,,NO APLICA,,,,,,CON SITUACION DE FONDOS,NO APLICA,NO DEFINIDO,4051240.0,4051240.0,4051240.0
11157850,20230601,220115276,E.S.E. Centro de Salud - Floresta,2.4.1.01.03.001.01,VACACIONES,GASTOS,GASTOS DE OPERACION COMERCIAL,GASTOS DE PERSONAL,PLANTA DE PERSONAL PERMANENTE,REMUNERACIONES NO CONSTITUTIVAS DE FACTOR SALARIAL,PRESTACIONES SOCIALES,VACACIONES,No Aplica,No Aplica,No Aplica,VIGENCIA ACTUAL,ENTIDADES DIFERENTES A ENTIDADES TERRITORIALES - UNIDAD DE SALUD,NO DEFINIDO,NO DEFINIDO,SALUD Y PROTECCION SOCIAL,,,2023,Segundo Trimestre,,,,NO APLICA,INGRESOS CORRIENTES DE LIBRE DESTINACION,,,,,,NO APLICA,,,,,,CON SITUACION DE FONDOS,NO APLICA,NO DEFINIDO,1165067.0,1165067.0,1165067.0
11168964,20210301,220115276,E.S.E. Centro de Salud - Floresta,2,GASTOS,GASTOS,No Aplica,No Aplica,No Aplica,No Aplica,No Aplica,No Aplica,No Aplica,No Aplica,No Aplica,VIGENCIA ACTUAL,ENTIDADES DIFERENTES A ENTIDADES TERRITORIALES - UNIDAD DE SALUD,NO DEFINIDO,NO DEFINIDO,NO DEFINIDO,,,2021,Primer Trimestre,,,,NO DEFINIDO,NO DEFINIDO,,,,,,NO DEFINIDO,,,,,,NO DEFINIDO,NO DEFINIDO,NO DEFINIDO,201245480.0,118129298.0,118129298.0
11174468,20220601,220115276,E.S.E. Centro de Salud - Floresta,2.4.1.01.01.001.08.01,PRIMA DE NAVIDAD,GASTOS,GASTOS DE OPERACION COMERCIAL,GASTOS DE PERSONAL,PLANTA DE PERSONAL PERMANENTE,FACTORES CONSTITUTIVOS DE SALARIO,FACTORES SALARIALES COMUNES,PRESTACIONES SOCIALES,PRIMA DE NAVIDAD,No Aplica,No Aplica,VIGENCIA ACTUAL,ENTIDADES DIFERENTES A ENTIDADES TERRITORIALES - GESTION GENERAL,NO DEFINIDO,NO DEFINIDO,NO APLICA,,,2022,Segundo Trimestre,,,,NO APLICA,INGRESOS CORRIENTES DE LIBRE DESTINACION,,,,,,NO APLICA,,,,,,CON SITUACION DE FONDOS,NO APLICA,NO DEFINIDO,861354.0,861354.0,861354.0
11177796,20210601,220115276,E.S.E. Centro de Salud - Floresta,2.1.1.01.02.004,APORTES A CAJAS DE COMPENSACION FAMILIAR,GASTOS,FUNCIONAMIENTO,GASTOS DE PERSONAL,PLANTA DE PERSONAL PERMANENTE,CONTRIBUCIONES INHERENTES A LA NOMINA,APORTES A CAJAS DE COMPENSACION FAMILIAR,No Aplica,No Aplica,No Aplica,No Aplica,VIGENCIA ACTUAL,ENTIDADES DIFERENTES A ENTIDADES TERRITORIALES - UNIDAD DE SALUD,NO DEFINIDO,NO DEFINIDO,NO APLICA,,,2021,Segundo Trimestre,,,,NO APLICA,1.2.1.0.00 - INGRESOS CORRIENTES DE LIBRE DESTINACION,,,,,,NO APLICA,,,,,,CON SITUACION DE FONDOS,NO APLICA,NO DEFINIDO,3896800.0,3896800.0,3896800.0
11187836,20220301,220115276,E.S.E. Centro de Salud - Floresta,2.4.5,GASTOS DE COMERCIALIZACION Y PRODUCCION,GASTOS,GASTOS DE OPERACION COMERCIAL,GASTOS DE COMERCIALIZACION Y PRODUCCION,No Aplica,No Aplica,No Aplica,No Aplica,No Aplica,No Aplica,No Aplica,VIGENCIA ACTUAL,ENTIDADES DIFERENTES A ENTIDADES TERRITORIALES - GESTION GENERAL,NO DEFINIDO,NO DEFINIDO,NO DEFINIDO,,,2022,Primer Trimestre,,,,NO DEFINIDO,NO DEFINIDO,,,,,,NO DEFINIDO,,,,,,NO DEFINIDO,NO DEFINIDO,NO DEFINIDO,80254321.0,23463732.0,23463732.0
11191928,20221201,220115276,E.S.E. Centro de Salud - Floresta,2.4.1.01.01.001.10,VIATICOS DE LOS FUNCIONARIOS EN COMISION,GASTOS,GASTOS DE OPERACION COMERCIAL,GASTOS DE PERSONAL,PLANTA DE PERSONAL PERMANENTE,FACTORES CONSTITUTIVOS DE SALARIO,FACTORES SALARIALES COMUNES,VIATICOS DE LOS FUNCIONARIOS EN COMISION,No Aplica,No Aplica,No Aplica,VIGENCIA ACTUAL,ENTIDADES DIFERENTES A ENTIDADES TERRITORIALES - GESTION GENERAL,NO DEFINIDO,NO DEFINIDO,NO APLICA,,,2022,Cuarto Trimestre,,,,NO APLICA,INGRESOS CORRIENTES DE LIBRE DESTINACION,,,,,,NO APLICA,,,,,,CON SITUACION DE FONDOS,NO APLICA,NO DEFINIDO,3758500.0,3758500.0,3758500.0
11192607,20230301,220115276,E.S.E. Centro de Salud - Floresta,2.4.1.01.03.001.01,VACACIONES,GASTOS,GASTOS DE OPERACION COMERCIAL,GASTOS DE PERSONAL,PLANTA DE PERSONAL PERMANENTE,REMUNERACIONES NO CONSTITUTIVAS DE FACTOR SALARIAL,PRESTACIONES SOCIALES,VACACIONES,No Aplica,No Aplica,No Aplica,VIGENCIA ACTUAL,ENTIDADES TERRITORIALES - SALUD,NO DEFINIDO,NO DEFINIDO,NO APLICA,,,2023,Primer Trimestre,,,,NO APLICA,INGRESOS CORRIENTES DE LIBRE DESTINACION,,,,,,NO APLICA,,,,,,CON SITUACION DE FONDOS,NO APLICA,NO DEFINIDO,1165067.0,1165067.0,1165067.0
11211271,20210901,220115276,E.S.E. Centro de Salud - Floresta,2.1.1.01.01.001.06,PRIMA DE SERVICIO,GASTOS,FUNCIONAMIENTO,GASTOS DE PERSONAL,PLANTA DE PERSONAL PERMANENTE,FACTORES CONSTITUTIVOS DE SALARIO,FACTORES SALARIALES COMUNES,PRIMA DE SERVICIO,No Aplica,No Aplica,No Aplica,VIGENCIA ACTUAL,ENTIDADES TERRITORIALES - SALUD,NO DEFINIDO,NO DEFINIDO,NO APLICA,,,2021,Tercer Trimestre,,,,NO APLICA,NO APLICA,,,,,,NO APLICA,,,,,,CON SITUACION DE FONDOS,NO APLICA,NO DEFINIDO,8200199.0,8200199.0,8200199.0
11230965,20221201,220115276,E.S.E. Centro de Salud - Floresta,2.1.2.01.01.003,MAQUINARIA Y EQUIPO,GASTOS,FUNCIONAMIENTO,ADQUISICION DE BIENES Y SERVICIOS,ADQUISICION DE ACTIVOS NO FINANCIEROS,ACTIVOS FIJOS,MAQUINARIA Y EQUIPO,No Aplica,No Aplica,No Aplica,No Aplica,VIGENCIA ACTUAL,ENTIDADES DIFERENTES A ENTIDADES TERRITORIALES - GESTION GENERAL,NO DEFINIDO,NO DEFINIDO,NO DEFINIDO,,,2022,Cuarto Trimestre,,,,NO DEFINIDO,NO DEFINIDO,,,,,,NO DEFINIDO,,,,,,NO DEFINIDO,NO DEFINIDO,NO DEFINIDO,10365760.0,10365760.0,10365760.0
11239002,20210601,220115276,E.S.E. Centro de Salud - Floresta,2.1,FUNCIONAMIENTO,GASTOS,FUNCIONAMIENTO,No Aplica,No Aplica,No Aplica,No Aplica,No Aplica,No Aplica,No Aplica,No Aplica,VIGENCIA ACTUAL,ENTIDADES DIFERENTES A ENTIDADES TERRITORIALES - UNIDAD DE SALUD,NO DEFINIDO,NO DEFINIDO,NO DEFINIDO,,,2021,Segundo Trimestre,,,,NO DEFINIDO,NO DEFINIDO,,,,,,NO DEFINIDO,,,,,,NO DEFINIDO,NO DEFINIDO,NO DEFINIDO,389650673.0,276057259.0,276057259.0
11254799,20210301,220115276,E.S.E. Centro de Salud - Floresta,2.1.1.01.03,REMUNERACIONES NO CONSTITUTIVAS DE FACTOR SALARIAL,GASTOS,FUNCIONAMIENTO,GASTOS DE PERSONAL,PLANTA DE PERSONAL PERMANENTE,REMUNERACIONES NO CONSTITUTIVAS DE FACTOR SALARIAL,No Aplica,No Aplica,No Aplica,No Aplica,No Aplica,VIGENCIA ACTUAL,ENTIDADES DIFERENTES A ENTIDADES TERRITORIALES - UNIDAD DE SALUD,NO DEFINIDO,NO DEFINIDO,NO DEFINIDO,,,2021,Primer Trimestre,,,,NO DEFINIDO,NO DEFINIDO,,,,,,NO DEFINIDO,,,,,,NO DEFINIDO,NO DEFINIDO,NO DEFINIDO,1202923.0,1202923.0,1202923.0
11257473,20230301,220115276,E.S.E. Centro de Salud - Floresta,2.1.2.02.02.008,SERVICIOS PRESTADOS A LAS EMPRESAS Y SERVICIOS DE PRODUCCION,GASTOS,FUNCIONAMIENTO,ADQUISICION DE BIENES Y SERVICIOS,ADQUISICIONES DIFERENTES DE ACTIVOS,ADQUISICION DE SERVICIOS,SERVICIOS PRESTADOS A LAS EMPRESAS Y SERVICIOS DE PRODUCCION,No Aplica,No Aplica,No Aplica,No Aplica,VIGENCIA ACTUAL,ENTIDADES TERRITORIALES - SALUD,NO DEFINIDO,NO DEFINIDO,NO APLICA,,,2023,Primer Trimestre,,,,SERVICIOS DE LA ADMINISTRACION PUBLICA RELACIONADOS CON LA SALUD,INGRESOS CORRIENTES DE LIBRE DESTINACION,,,,,,NO APLICA,,,,,,CON SITUACION DE FONDOS,NO APLICA,NO DEFINIDO,77337315.0,20894014.0,20894014.0
11261949,20221201,220115276,E.S.E. Centro de Salud - Floresta,2.1.2.01,ADQUISICION DE ACTIVOS NO FINANCIEROS,GASTOS,FUNCIONAMIENTO,ADQUISICION DE BIENES Y SERVICIOS,ADQUISICION DE ACTIVOS NO FINANCIEROS,No Aplica,No Aplica,No Aplica,No Aplica,No Aplica,No Aplica,VIGENCIA ACTUAL,ENTIDADES DIFERENTES A ENTIDADES TERRITORIALES - GESTION GENERAL,NO DEFINIDO,NO DEFINIDO,NO DEFINIDO,,,2022,Cuarto Trimestre,,,,NO DEFINIDO,NO DEFINIDO,,,,,,NO DEFINIDO,,,,,,NO DEFINIDO,NO DEFINIDO,NO DEFINIDO,21965760.0,21965760.0,21965760.0
11284623,20230601,220115276,E.S.E. Centro de Salud - Floresta,2.4.1.01.02.001,APORTES A LA SEGURIDAD SOCIAL EN PENSIONES,GASTOS,GASTOS DE OPERACION COMERCIAL,GASTOS DE PERSONAL,PLANTA DE PERSONAL PERMANENTE,CONTRIBUCIONES INHERENTES A LA NOMINA,APORTES A LA SEGURIDAD SOCIAL EN PENSIONES,No Aplica,No Aplica,No Aplica,No Aplica,VIGENCIA ACTUAL,ENTIDADES DIFERENTES A ENTIDADES TERRITORIALES - UNIDAD DE SALUD,NO DEFINIDO,NO DEFINIDO,SALUD Y PROTECCION SOCIAL,,,2023,Segundo Trimestre,,,,NO APLICA,INGRESOS CORRIENTES DE LIBRE DESTINACION,,,,,,NO APLICA,,,,,,CON SITUACION DE FONDOS,E.S.E. CENTRO DE SALUD - FLORESTA,NO DEFINIDO,10213904.0,10213904.0,10213904.0
11294554,20230601,220115276,E.S.E. Centro de Salud - Floresta,2.1.1.01.02.004,APORTES A CAJAS DE COMPENSACION FAMILIAR,GASTOS,FUNCIONAMIENTO,GASTOS DE PERSONAL,PLANTA DE PERSONAL PERMANENTE,CONTRIBUCIONES INHERENTES A LA NOMINA,APORTES A CAJAS DE COMPENSACION FAMILIAR,No Aplica,No Aplica,No Aplica,No Aplica,VIGENCIA ACTUAL,ENTIDADES DIFERENTES A ENTIDADES TERRITORIALES - UNIDAD DE SALUD,NO DEFINIDO,NO DEFINIDO,SALUD Y PROTECCION SOCIAL,,,2023,Segundo Trimestre,,,,NO APLICA,INGRESOS CORRIENTES DE LIBRE DESTINACION,,,,,,NO APLICA,,,,,,CON SITUACION DE FONDOS,NO APLICA,NO DEFINIDO,2011000.0,2011000.0,2011000.0
11305788,20220301,220115276,E.S.E. Centro de Salud - Floresta,2.1.2.02.02.005,CONSTRUCCION Y SERVICIOS DE LA CONSTRUCCION,GASTOS,FUNCIONAMIENTO,ADQUISICION DE BIENES Y SERVICIOS,ADQUISICIONES DIFERENTES DE ACTIVOS,ADQUISICION DE SERVICIOS,CONSTRUCCION Y SERVICIOS DE LA CONSTRUCCION,No Aplica,No Aplica,No Aplica,No Aplica,VIGENCIA ACTUAL,ENTIDADES DIFERENTES A ENTIDADES TERRITORIALES - GESTION GENERAL,NO DEFINIDO,NO DEFINIDO,NO APLICA,,,2022,Primer Trimestre,,,,OTROS SERVICIOS DIVERSOS N C P,INGRESOS CORRIENTES DE LIBRE DESTINACION,,,,,,NO APLICA,,,,,,CON SITUACION DE FONDOS,NO APLICA,NO DEFINIDO,1600000.0,800000.0,800000.0
11309824,20221201,220115276,E.S.E. Centro de Salud - Floresta,2.1.1.01.01.001.10,VIATICOS DE LOS FUNCIONARIOS EN COMISION,GASTOS,FUNCIONAMIENTO,GASTOS DE PERSONAL,PLANTA DE PERSONAL PERMANENTE,FACTORES CONSTITUTIVOS DE SALARIO,FACTORES SALARIALES COMUNES,VIATICOS DE LOS FUNCIONARIOS EN COMISION,No Aplica,No Aplica,No Aplica,VIGENCIA ACTUAL,ENTIDADES DIFERENTES A ENTIDADES TERRITORIALES - GESTION GENERAL,NO DEFINIDO,NO DEFINIDO,NO APLICA,,,2022,Cuarto Trimestre,,,,NO APLICA,INGRESOS CORRIENTES DE LIBRE DESTINACION,,,,,,NO APLICA,,,,,,CON SITUACION DE FONDOS,NO APLICA,NO DEFINIDO,5740900.0,5740900.0,5740900.0
11312327,20221201,220115276,E.S.E. Centro de Salud - Floresta,2.1.1,GASTOS DE PERSONAL,GASTOS,FUNCIONAMIENTO,GASTOS DE PERSONAL,No Aplica,No Aplica,No Aplica,No Aplica,No Aplica,No Aplica,No Aplica,VIGENCIA ACTUAL,ENTIDADES DIFERENTES A ENTIDADES TERRITORIALES - GESTION GENERAL,NO DEFINIDO,NO DEFINIDO,NO DEFINIDO,,,2022,Cuarto Trimestre,,,,NO DEFINIDO,NO DEFINIDO,,,,,,NO DEFINIDO,,,,,,NO DEFINIDO,NO DEFINIDO,NO DEFINIDO,141325120.0,141325120.0,141325120.0
11313871,20211201,220115276,E.S.E. Centro de Salud - Floresta,2.1.1.01.02.001,APORTES A LA SEGURIDAD SOCIAL EN PENSIONES,GASTOS,FUNCIONAMIENTO,GASTOS DE PERSONAL,PLANTA DE PERSONAL PERMANENTE,CONTRIBUCIONES INHERENTES A LA NOMINA,APORTES A LA SEGURIDAD SOCIAL EN PENSIONES,No Aplica,No Aplica,No Aplica,No Aplica,VIGENCIA ACTUAL,ENTIDADES TERRITORIALES - SALUD,NO DEFINIDO,NO DEFINIDO,NO APLICA,,,2021,Cuarto Trimestre,,,,NO APLICA,INGRESOS CORRIENTES DE LIBRE DESTINACION,,,,,,NO APLICA,,,,,,CON SITUACION DE FONDOS,E.S.E. CENTRO DE SALUD - FLORESTA,NO DEFINIDO,21644282.0,21644282.0,21644282.0
11318184,20221201,220115276,E.S.E. Centro de Salud - Floresta,2.1.2.01.01.001.02,EDIFICACIONES DISTINTAS A VIVIENDAS,GASTOS,FUNCIONAMIENTO,ADQUISICION DE BIENES Y SERVICIOS,ADQUISICION DE ACTIVOS NO FINANCIEROS,ACTIVOS FIJOS,EDIFICACIONES Y ESTRUCTURAS,EDIFICACIONES DISTINTAS A VIVIENDAS,No Aplica,No Aplica,No Aplica,VIGENCIA ACTUAL,ENTIDADES DIFERENTES A ENTIDADES TERRITORIALES - GESTION GENERAL,NO DEFINIDO,NO DEFINIDO,NO DEFINIDO,,,2022,Cuarto Trimestre,,,,NO DEFINIDO,NO DEFINIDO,,,,,,NO DEFINIDO,,,,,,NO DEFINIDO,NO DEFINIDO,NO DEFINIDO,11600000.0,11600000.0,11600000.0
11324649,20220901,220115276,E.S.E. Centro de Salud - Floresta,2.4.5.01.03,"OTROS BIENES TRANSPORTABLES EXCEPTO PRODUCTOS METALICOS, MAQUINARIA Y EQUIPO",GASTOS,GASTOS DE OPERACION COMERCIAL,GASTOS DE COMERCIALIZACION Y PRODUCCION,MATERIALES Y SUMINISTROS,"OTROS BIENES TRANSPORTABLES EXCEPTO PRODUCTOS METALICOS, MAQUINARIA Y EQUIPO",No Aplica,No Aplica,No Aplica,No Aplica,No Aplica,VIGENCIA ACTUAL,ENTIDADES DIFERENTES A ENTIDADES TERRITORIALES - GESTION GENERAL,NO DEFINIDO,NO DEFINIDO,NO APLICA,,,2022,Tercer Trimestre,,,,OTROS SERVICIOS DIVERSOS N C P,INGRESOS CORRIENTES DE LIBRE DESTINACION,,,,,,NO APLICA,,,,,,CON SITUACION DE FONDOS,E.S.E. CENTRO DE SALUD - FLORESTA,NO DEFINIDO,52916996.0,47530688.0,47530688.0
11326836,20220901,220115276,E.S.E. Centro de Salud - Floresta,2.4.5.02.09,"SERVICIOS PARA LA COMUNIDAD, SOCIALES Y PERSONALES",GASTOS,GASTOS DE OPERACION COMERCIAL,GASTOS DE COMERCIALIZACION Y PRODUCCION,ADQUISICION DE SERVICIOS,"SERVICIOS PARA LA COMUNIDAD, SOCIALES Y PERSONALES",No Aplica,No Aplica,No Aplica,No Aplica,No Aplica,VIGENCIA ACTUAL,ENTIDADES DIFERENTES A ENTIDADES TERRITORIALES - GESTION GENERAL,NO DEFINIDO,NO DEFINIDO,NO APLICA,,,2022,Tercer Trimestre,,,,OTROS SERVICIOS DIVERSOS N C P,INGRESOS CORRIENTES DE LIBRE DESTINACION,,,,,,NO APLICA,,,,,,CON SITUACION DE FONDOS,E.S.E. CENTRO DE SALUD - FLORESTA,NO DEFINIDO,162090321.0,97804879.0,97804879.0
11330767,20220601,220115276,E.S.E. Centro de Salud - Floresta,2.4.1.01.01.001.10,VIATICOS DE LOS FUNCIONARIOS EN COMISION,GASTOS,GASTOS DE OPERACION COMERCIAL,GASTOS DE PERSONAL,PLANTA DE PERSONAL PERMANENTE,FACTORES CONSTITUTIVOS DE SALARIO,FACTORES SALARIALES COMUNES,VIATICOS DE LOS FUNCIONARIOS EN COMISION,No Aplica,No Aplica,No Aplica,VIGENCIA ACTUAL,ENTIDADES DIFERENTES A ENTIDADES TERRITORIALES - GESTION GENERAL,NO DEFINIDO,NO DEFINIDO,NO APLICA,,,2022,Segundo Trimestre,,,,NO APLICA,INGRESOS CORRIENTES DE LIBRE DESTINACION,,,,,,NO APLICA,,,,,,CON SITUACION DE FONDOS,NO APLICA,NO DEFINIDO,641400.0,641400.0,641400.0
11331781,20211201,220115276,E.S.E. Centro de Salud - Floresta,2.1.1.01.02.003,APORTES DE CESANTIAS,GASTOS,FUNCIONAMIENTO,GASTOS DE PERSONAL,PLANTA DE PERSONAL PERMANENTE,CONTRIBUCIONES INHERENTES A LA NOMINA,APORTES DE CESANTIAS,No Aplica,No Aplica,No Aplica,No Aplica,VIGENCIA ACTUAL,ENTIDADES TERRITORIALES - SALUD,NO DEFINIDO,NO DEFINIDO,NO APLICA,,,2021,Cuarto Trimestre,,,,NO APLICA,INGRESOS CORRIENTES DE LIBRE DESTINACION,,,,,,NO APLICA,,,,,,CON SITUACION DE FONDOS,E.S.E. CENTRO DE SALUD - FLORESTA,NO DEFINIDO,18622727.0,18622727.0,18622727.0
11338934,20220301,220115276,E.S.E. Centro de Salud - Floresta,2.1.2.02.02.008,SERVICIOS PRESTADOS A LAS EMPRESAS Y SERVICIOS DE PRODUCCION,GASTOS,FUNCIONAMIENTO,ADQUISICION DE BIENES Y SERVICIOS,ADQUISICIONES DIFERENTES DE ACTIVOS,ADQUISICION DE SERVICIOS,SERVICIOS PRESTADOS A LAS EMPRESAS Y SERVICIOS DE PRODUCCION,No Aplica,No Aplica,No Aplica,No Aplica,VIGENCIA ACTUAL,ENTIDADES DIFERENTES A ENTIDADES TERRITORIALES - GESTION GENERAL,NO DEFINIDO,NO DEFINIDO,NO APLICA,,,2022,Primer Trimestre,,,,OTROS SERVICIOS DIVERSOS N C P,INGRESOS CORRIENTES DE LIBRE DESTINACION,,,,,,NO APLICA,,,,,,CON SITUACION DE FONDOS,E.S.E. CENTRO DE SALUD - FLORESTA,NO DEFINIDO,70225499.0,22745076.0,22745076.0
11344889,20220901,220115276,E.S.E. Centro de Salud - Floresta,2.4.1.01.03.001,PRESTACIONES SOCIALES,GASTOS,GASTOS DE OPERACION COMERCIAL,GASTOS DE PERSONAL,PLANTA DE PERSONAL PERMANENTE,REMUNERACIONES NO CONSTITUTIVAS DE FACTOR SALARIAL,PRESTACIONES SOCIALES,No Aplica,No Aplica,No Aplica,No Aplica,VIGENCIA ACTUAL,ENTIDADES DIFERENTES A ENTIDADES TERRITORIALES - GESTION GENERAL,NO DEFINIDO,NO DEFINIDO,NO DEFINIDO,,,2022,Tercer Trimestre,,,,NO DEFINIDO,NO DEFINIDO,,,,,,NO DEFINIDO,,,,,,NO DEFINIDO,NO DEFINIDO,NO DEFINIDO,4031438.0,4031438.0,4031438.0
11349832,20221201,220115276,E.S.E. Centro de Salud - Floresta,2.4.1.01.01.001.08.02,PRIMA DE VACACIONES,GASTOS,GASTOS DE OPERACION COMERCIAL,GASTOS DE PERSONAL,PLANTA DE PERSONAL PERMANENTE,FACTORES CONSTITUTIVOS DE SALARIO,FACTORES SALARIALES COMUNES,PRESTACIONES SOCIALES,PRIMA DE VACACIONES,No Aplica,No Aplica,VIGENCIA ACTUAL,ENTIDADES DIFERENTES A ENTIDADES TERRITORIALES - GESTION GENERAL,NO DEFINIDO,NO DEFINIDO,NO APLICA,,,2022,Cuarto Trimestre,,,,NO APLICA,INGRESOS CORRIENTES DE LIBRE DESTINACION,,,,,,NO APLICA,,,,,,CON SITUACION DE FONDOS,NO APLICA,NO DEFINIDO,6002431.0,6002431.0,6002431.0
11353239,20230301,220115276,E.S.E. Centro de Salud - Floresta,2.1.1.01.02,CONTRIBUCIONES INHERENTES A LA NOMINA,GASTOS,FUNCIONAMIENTO,GASTOS DE PERSONAL,PLANTA DE PERSONAL PERMANENTE,CONTRIBUCIONES INHERENTES A LA NOMINA,No Aplica,No Aplica,No Aplica,No Aplica,No Aplica,VIGENCIA ACTUAL,ENTIDADES TERRITORIALES - SALUD,NO DEFINIDO,NO DEFINIDO,NO DEFINIDO,,,2023,Primer Trimestre,,,,NO DEFINIDO,NO DEFINIDO,,,,,,NO DEFINIDO,,,,,,NO DEFINIDO,NO DEFINIDO,NO DEFINIDO,5303451.0,5303451.0,5303451.0
11355735,20220901,220115276,E.S.E. Centro de Salud - Floresta,2.3.2,ADQUISICION DE BIENES Y SERVICIOS,GASTOS,INVERSION,ADQUISICION DE BIENES Y SERVICIOS,No Aplica,No Aplica,No Aplica,No Aplica,No Aplica,No Aplica,No Aplica,VIGENCIA ACTUAL,ENTIDADES DIFERENTES A ENTIDADES TERRITORIALES - GESTION GENERAL,NO DEFINIDO,NO DEFINIDO,NO DEFINIDO,,,2022,Tercer Trimestre,,,,NO DEFINIDO,NO DEFINIDO,,,,,,NO DEFINIDO,,,,,,NO DEFINIDO,NO DEFINIDO,NO DEFINIDO,34243670.0,16251170.0,16251170.0
11359931,20211201,220115276,E.S.E. Centro de Salud - Floresta,2.1.1.01.01.001.08.02,PRIMA DE VACACIONES,GASTOS,FUNCIONAMIENTO,GASTOS DE PERSONAL,PLANTA DE PERSONAL PERMANENTE,FACTORES CONSTITUTIVOS DE SALARIO,FACTORES SALARIALES COMUNES,PRESTACIONES SOCIALES,PRIMA DE VACACIONES,No Aplica,No Aplica,VIGENCIA ACTUAL,ENTIDADES TERRITORIALES - SALUD,NO DEFINIDO,NO DEFINIDO,NO APLICA,,,2021,Cuarto Trimestre,,,,NO APLICA,INGRESOS CORRIENTES DE LIBRE DESTINACION,,,,,,NO APLICA,,,,,,CON SITUACION DE FONDOS,E.S.E. CENTRO DE SALUD - FLORESTA,NO DEFINIDO,7868369.0,7868369.0,7868369.0
11360062,20220601,220115276,E.S.E. Centro de Salud - Floresta,2.1.2.02.02.006,"COMERCIO Y DISTRIBUCION; ALOJAMIENTO; SERVICIOS DE SUMINISTRO DE COMIDAS Y BEBIDAS; SERVICIOS DE TRANSPORTE; Y SERVICIOS DE DISTRIBUCION DE ELECTRICIDAD, GAS Y AGUA",GASTOS,FUNCIONAMIENTO,ADQUISICION DE BIENES Y SERVICIOS,ADQUISICIONES DIFERENTES DE ACTIVOS,ADQUISICION DE SERVICIOS,"COMERCIO Y DISTRIBUCION; ALOJAMIENTO; SERVICIOS DE SUMINISTRO DE COMIDAS Y BEBIDAS; SERVICIOS DE TRANSPORTE; Y SERVICIOS DE DISTRIBUCION DE ELECTRICIDAD, GAS Y AGUA",No Aplica,No Aplica,No Aplica,No Aplica,VIGENCIA ACTUAL,ENTIDADES DIFERENTES A ENTIDADES TERRITORIALES - GESTION GENERAL,NO DEFINIDO,NO DEFINIDO,NO APLICA,,,2022,Segundo Trimestre,,,,OTROS SERVICIOS DIVERSOS N C P,INGRESOS CORRIENTES DE LIBRE DESTINACION,,,,,,NO APLICA,,,,,,CON SITUACION DE FONDOS,E.S.P. EMPRESA DE ENERGIA DE BOYACA S.A.,NO DEFINIDO,6632010.0,6632010.0,6632010.0
11414167,20210301,220115276,E.S.E. Centro de Salud - Floresta,2.1.2.02.02.007,SERVICIOS FINANCIEROS Y SERVICIOS CONEXOS; SERVICIOS INMOBILIARIOS; Y SERVICIOS DE ARRENDAMIENTO Y LEASING,GASTOS,FUNCIONAMIENTO,ADQUISICION DE BIENES Y SERVICIOS,ADQUISICIONES DIFERENTES DE ACTIVOS,ADQUISICION DE SERVICIOS,SERVICIOS FINANCIEROS Y SERVICIOS CONEXOS; SERVICIOS INMOBILIARIOS; Y SERVICIOS DE ARRENDAMIENTO Y LEASING,No Aplica,No Aplica,No Aplica,No Aplica,VIGENCIA ACTUAL,ENTIDADES DIFERENTES A ENTIDADES TERRITORIALES - UNIDAD DE SALUD,NO DEFINIDO,NO DEFINIDO,NO APLICA,,,2021,Primer Trimestre,,,,91122 - SERVICIOS DE LA ADMINISTRACIÓN PÚBLICA RELACIONADOS CON LA SALUD,1.2.1.0.00 - INGRESOS CORRIENTES DE LIBRE DESTINACION,,,,,,NO APLICA,,,,,,CON SITUACION DE FONDOS,NO APLICA,NO DEFINIDO,1258052.0,1258052.0,1258052.0
11456501,20210901,220115276,E.S.E. Centro de Salud - Floresta,2.1.2.02.02.006,"COMERCIO Y DISTRIBUCION; ALOJAMIENTO; SERVICIOS DE SUMINISTRO DE COMIDAS Y BEBIDAS; SERVICIOS DE TRANSPORTE; Y SERVICIOS DE DISTRIBUCION DE ELECTRICIDAD, GAS Y AGUA",GASTOS,FUNCIONAMIENTO,ADQUISICION DE BIENES Y SERVICIOS,ADQUISICIONES DIFERENTES DE ACTIVOS,ADQUISICION DE SERVICIOS,"COMERCIO Y DISTRIBUCION; ALOJAMIENTO; SERVICIOS DE SUMINISTRO DE COMIDAS Y BEBIDAS; SERVICIOS DE TRANSPORTE; Y SERVICIOS DE DISTRIBUCION DE ELECTRICIDAD, GAS Y AGUA",No Aplica,No Aplica,No Aplica,No Aplica,VIGENCIA ACTUAL,ENTIDADES TERRITORIALES - SALUD,NO DEFINIDO,NO DEFINIDO,NO APLICA,,,2021,Tercer Trimestre,,,,91122 - SERVICIOS DE LA ADMINISTRACIÓN PÚBLICA RELACIONADOS CON LA SALUD,NO APLICA,,,,,,NO APLICA,,,,,,CON SITUACION DE FONDOS,E.S.P. EMPRESA DE ENERGIA DE BOYACA S.A.,NO DEFINIDO,3486350.0,2834150.0,2834150.0
11542753,20210901,220115276,E.S.E. Centro de Salud - Floresta,2.1.1.01.02.005,APORTES GENERALES AL SISTEMA DE RIESGOS LABORALES,GASTOS,FUNCIONAMIENTO,GASTOS DE PERSONAL,PLANTA DE PERSONAL PERMANENTE,CONTRIBUCIONES INHERENTES A LA NOMINA,APORTES GENERALES AL SISTEMA DE RIESGOS LABORALES,No Aplica,No Aplica,No Aplica,No Aplica,VIGENCIA ACTUAL,ENTIDADES TERRITORIALES - SALUD,NO DEFINIDO,NO DEFINIDO,NO APLICA,,,2021,Tercer Trimestre,,,,NO APLICA,NO APLICA,,,,,,NO APLICA,,,,,,CON SITUACION DE FONDOS,POSITIVA COMPAÑIA DE SEGUROS S.A.,NO DEFINIDO,3222500.0,3222500.0,3222500.0
11587871,20210601,220115276,E.S.E. Centro de Salud - Floresta,2.1.2.02.02.009,"SERVICIOS PARA LA COMUNIDAD, SOCIALES Y PERSONALES",GASTOS,FUNCIONAMIENTO,ADQUISICION DE BIENES Y SERVICIOS,ADQUISICIONES DIFERENTES DE ACTIVOS,ADQUISICION DE SERVICIOS,"SERVICIOS PARA LA COMUNIDAD, SOCIALES Y PERSONALES",No Aplica,No Aplica,No Aplica,No Aplica,VIGENCIA ACTUAL,ENTIDADES DIFERENTES A ENTIDADES TERRITORIALES - UNIDAD DE SALUD,NO DEFINIDO,NO DEFINIDO,NO APLICA,,,2021,Segundo Trimestre,,,,91122 - SERVICIOS DE LA ADMINISTRACIÓN PÚBLICA RELACIONADOS CON LA SALUD,1.2.1.0.00 - INGRESOS CORRIENTES DE LIBRE DESTINACION,,,,,,NO APLICA,,,,,,CON SITUACION DE FONDOS,NO APLICA,NO DEFINIDO,81663605.0,50377214.0,50377214.0
11619277,20220301,220115276,E.S.E. Centro de Salud - Floresta,2.1.1.01.02.005,APORTES GENERALES AL SISTEMA DE RIESGOS LABORALES,GASTOS,FUNCIONAMIENTO,GASTOS DE PERSONAL,PLANTA DE PERSONAL PERMANENTE,CONTRIBUCIONES INHERENTES A LA NOMINA,APORTES GENERALES AL SISTEMA DE RIESGOS LABORALES,No Aplica,No Aplica,No Aplica,No Aplica,VIGENCIA ACTUAL,ENTIDADES DIFERENTES A ENTIDADES TERRITORIALES - GESTION GENERAL,NO DEFINIDO,NO DEFINIDO,NO APLICA,,,2022,Primer Trimestre,,,,NO APLICA,INGRESOS CORRIENTES DE LIBRE DESTINACION,,,,,,NO APLICA,,,,,,CON SITUACION DE FONDOS,POSITIVA COMPAÑIA DE SEGUROS S.A.,NO DEFINIDO,479690.0,479690.0,479690.0
11759246,20220601,220115276,E.S.E. Centro de Salud - Floresta,2.3.2.01.01.004.01.01,MUEBLES,GASTOS,INVERSION,ADQUISICION DE BIENES Y SERVICIOS,ADQUISICION DE ACTIVOS NO FINANCIEROS,ACTIVOS FIJOS,ACTIVOS FIJOS NO CLASIFICADOS COMO MAQUINARIA Y EQUIPO,"MUEBLES, INSTRUMENTOS MUSICALES, ARTICULOS DE DEPORTE Y ANTIGÃ?EDADES",MUEBLES,No Aplica,No Aplica,VIGENCIA ACTUAL,ENTIDADES DIFERENTES A ENTIDADES TERRITORIALES - GESTION GENERAL,NO DEFINIDO,NO DEFINIDO,NO DEFINIDO,,,2022,Segundo Trimestre,,,,NO DEFINIDO,NO DEFINIDO,,,,,,NO DEFINIDO,,,,,,NO DEFINIDO,NO DEFINIDO,NO DEFINIDO,9026799.0,9026799.0,9026799.0
11795851,20211201,220115276,E.S.E. Centro de Salud - Floresta,2.1.1.01.02.005,APORTES GENERALES AL SISTEMA DE RIESGOS LABORALES,GASTOS,FUNCIONAMIENTO,GASTOS DE PERSONAL,PLANTA DE PERSONAL PERMANENTE,CONTRIBUCIONES INHERENTES A LA NOMINA,APORTES GENERALES AL SISTEMA DE RIESGOS LABORALES,No Aplica,No Aplica,No Aplica,No Aplica,VIGENCIA ACTUAL,ENTIDADES TERRITORIALES - SALUD,NO DEFINIDO,NO DEFINIDO,NO APLICA,,,2021,Cuarto Trimestre,,,,NO APLICA,INGRESOS CORRIENTES DE LIBRE DESTINACION,,,,,,NO APLICA,,,,,,CON SITUACION DE FONDOS,POSITIVA COMPAÑIA DE SEGUROS S.A.,NO DEFINIDO,4217900.0,4217900.0,4217900.0
11842157,20221201,220115276,E.S.E. Centro de Salud - Floresta,2.1.1.01.02.005,APORTES GENERALES AL SISTEMA DE RIESGOS LABORALES,GASTOS,FUNCIONAMIENTO,GASTOS DE PERSONAL,PLANTA DE PERSONAL PERMANENTE,CONTRIBUCIONES INHERENTES A LA NOMINA,APORTES GENERALES AL SISTEMA DE RIESGOS LABORALES,No Aplica,No Aplica,No Aplica,No Aplica,VIGENCIA ACTUAL,ENTIDADES DIFERENTES A ENTIDADES TERRITORIALES - GESTION GENERAL,NO DEFINIDO,NO DEFINIDO,NO APLICA,,,2022,Cuarto Trimestre,,,,NO APLICA,INGRESOS CORRIENTES DE LIBRE DESTINACION,,,,,,NO APLICA,,,,,,CON SITUACION DE FONDOS,POSITIVA COMPAÑIA DE SEGUROS S.A.,NO DEFINIDO,1865790.0,1865790.0,1865790.0
12083233,20220601,220115276,E.S.E. Centro de Salud - Floresta,2.3.2.01.01.004.01.01.02,MUEBLES DEL TIPO UTILIZADO EN LA OFICINA,GASTOS,INVERSION,ADQUISICION DE BIENES Y SERVICIOS,ADQUISICION DE ACTIVOS NO FINANCIEROS,ACTIVOS FIJOS,ACTIVOS FIJOS NO CLASIFICADOS COMO MAQUINARIA Y EQUIPO,"MUEBLES, INSTRUMENTOS MUSICALES, ARTICULOS DE DEPORTE Y ANTIGÃ?EDADES",MUEBLES,MUEBLES DEL TIPO UTILIZADO EN LA OFICINA,No Aplica,VIGENCIA ACTUAL,ENTIDADES DIFERENTES A ENTIDADES TERRITORIALES - GESTION GENERAL,NO DEFINIDO,NO DEFINIDO,NO APLICA,,,2022,Segundo Trimestre,,,,NO APLICA,INGRESOS CORRIENTES DE LIBRE DESTINACION,,,,,,NO APLICA,,,,,,CON SITUACION DE FONDOS,E.S.E. CENTRO DE SALUD - FLORESTA,NO DEFINIDO,9026799.0,9026799.0,9026799.0
12096303,20220301,220115276,E.S.E. Centro de Salud - Floresta,2.3.2.01.01.004.01,"MUEBLES, INSTRUMENTOS MUSICALES, ARTICULOS DE DEPORTE Y ANTIGÃ?EDADES",GASTOS,INVERSION,ADQUISICION DE BIENES Y SERVICIOS,ADQUISICION DE ACTIVOS NO FINANCIEROS,ACTIVOS FIJOS,ACTIVOS FIJOS NO CLASIFICADOS COMO MAQUINARIA Y EQUIPO,"MUEBLES, INSTRUMENTOS MUSICALES, ARTICULOS DE DEPORTE Y ANTIGÃ?EDADES",No Aplica,No Aplica,No Aplica,VIGENCIA ACTUAL,ENTIDADES DIFERENTES A ENTIDADES TERRITORIALES - GESTION GENERAL,NO DEFINIDO,NO DEFINIDO,NO DEFINIDO,,,2022,Primer Trimestre,,,,NO DEFINIDO,NO DEFINIDO,,,,,,NO DEFINIDO,,,,,,NO DEFINIDO,NO DEFINIDO,NO DEFINIDO,9026799.0,9026799.0,9026799.0
12187783,20230301,220115276,E.S.E. Centro de Salud - Floresta,2.1.1.01.02.005,APORTES GENERALES AL SISTEMA DE RIESGOS LABORALES,GASTOS,FUNCIONAMIENTO,GASTOS DE PERSONAL,PLANTA DE PERSONAL PERMANENTE,CONTRIBUCIONES INHERENTES A LA NOMINA,APORTES GENERALES AL SISTEMA DE RIESGOS LABORALES,No Aplica,No Aplica,No Aplica,No Aplica,VIGENCIA ACTUAL,ENTIDADES TERRITORIALES - SALUD,NO DEFINIDO,NO DEFINIDO,NO APLICA,,,2023,Primer Trimestre,,,,NO APLICA,INGRESOS CORRIENTES DE LIBRE DESTINACION,,,,,,NO APLICA,,,,,,CON SITUACION DE FONDOS,POSITIVA COMPAÑIA DE SEGUROS S.A.,NO DEFINIDO,332400.0,332400.0,332400.0
12253007,20220601,220115276,E.S.E. Centro de Salud - Floresta,2.4.1.01.02.005,APORTES GENERALES AL SISTEMA DE RIESGOS LABORALES,GASTOS,GASTOS DE OPERACION COMERCIAL,GASTOS DE PERSONAL,PLANTA DE PERSONAL PERMANENTE,CONTRIBUCIONES INHERENTES A LA NOMINA,APORTES GENERALES AL SISTEMA DE RIESGOS LABORALES,No Aplica,No Aplica,No Aplica,No Aplica,VIGENCIA ACTUAL,ENTIDADES DIFERENTES A ENTIDADES TERRITORIALES - GESTION GENERAL,NO DEFINIDO,NO DEFINIDO,NO APLICA,,,2022,Segundo Trimestre,,,,NO APLICA,INGRESOS CORRIENTES DE LIBRE DESTINACION,,,,,,NO APLICA,,,,,,CON SITUACION DE FONDOS,POSITIVA COMPAÑIA DE SEGUROS S.A.,NO DEFINIDO,1668680.0,1668680.0,1668680.0
12268569,20210301,220115276,E.S.E. Centro de Salud - Floresta,2.1.2.02.02.009,"SERVICIOS PARA LA COMUNIDAD, SOCIALES Y PERSONALES",GASTOS,FUNCIONAMIENTO,ADQUISICION DE BIENES Y SERVICIOS,ADQUISICIONES DIFERENTES DE ACTIVOS,ADQUISICION DE SERVICIOS,"SERVICIOS PARA LA COMUNIDAD, SOCIALES Y PERSONALES",No Aplica,No Aplica,No Aplica,No Aplica,VIGENCIA ACTUAL,ENTIDADES DIFERENTES A ENTIDADES TERRITORIALES - UNIDAD DE SALUD,NO DEFINIDO,NO DEFINIDO,NO APLICA,,,2021,Primer Trimestre,,,,91122 - SERVICIOS DE LA ADMINISTRACIÓN PÚBLICA RELACIONADOS CON LA SALUD,1.2.1.0.00 - INGRESOS CORRIENTES DE LIBRE DESTINACION,,,,,,NO APLICA,,,,,,CON SITUACION DE FONDOS,NO APLICA,NO DEFINIDO,26444092.0,13720993.0,13720993.0
12294660,20210901,220115276,E.S.E. Centro de Salud - Floresta,2.1.2.02.02.007,SERVICIOS FINANCIEROS Y SERVICIOS CONEXOS; SERVICIOS INMOBILIARIOS; Y SERVICIOS DE ARRENDAMIENTO Y LEASING,GASTOS,FUNCIONAMIENTO,ADQUISICION DE BIENES Y SERVICIOS,ADQUISICIONES DIFERENTES DE ACTIVOS,ADQUISICION DE SERVICIOS,SERVICIOS FINANCIEROS Y SERVICIOS CONEXOS; SERVICIOS INMOBILIARIOS; Y SERVICIOS DE ARRENDAMIENTO Y LEASING,No Aplica,No Aplica,No Aplica,No Aplica,VIGENCIA ACTUAL,ENTIDADES TERRITORIALES - SALUD,NO DEFINIDO,NO DEFINIDO,NO APLICA,,,2021,Tercer Trimestre,,,,91122 - SERVICIOS DE LA ADMINISTRACIÓN PÚBLICA RELACIONADOS CON LA SALUD,NO APLICA,,,,,,NO APLICA,,,,,,CON SITUACION DE FONDOS,E.S.E. CENTRO DE SALUD - FLORESTA,NO DEFINIDO,6451708.0,2347653.0,2347653.0
12311052,20220901,220115276,E.S.E. Centro de Salud - Floresta,2.3.2.01.01.004.01.01,MUEBLES,GASTOS,INVERSION,ADQUISICION DE BIENES Y SERVICIOS,ADQUISICION DE ACTIVOS NO FINANCIEROS,ACTIVOS FIJOS,ACTIVOS FIJOS NO CLASIFICADOS COMO MAQUINARIA Y EQUIPO,"MUEBLES, INSTRUMENTOS MUSICALES, ARTICULOS DE DEPORTE Y ANTIGÃ?EDADES",MUEBLES,No Aplica,No Aplica,VIGENCIA ACTUAL,ENTIDADES DIFERENTES A ENTIDADES TERRITORIALES - GESTION GENERAL,NO DEFINIDO,NO DEFINIDO,NO DEFINIDO,,,2022,Tercer Trimestre,,,,NO DEFINIDO,NO DEFINIDO,,,,,,NO DEFINIDO,,,,,,NO DEFINIDO,NO DEFINIDO,NO DEFINIDO,9026799.0,9026799.0,9026799.0
12335724,20220301,220115276,E.S.E. Centro de Salud - Floresta,2.4.1.01.02.005,APORTES GENERALES AL SISTEMA DE RIESGOS LABORALES,GASTOS,GASTOS DE OPERACION COMERCIAL,GASTOS DE PERSONAL,PLANTA DE PERSONAL PERMANENTE,CONTRIBUCIONES INHERENTES A LA NOMINA,APORTES GENERALES AL SISTEMA DE RIESGOS LABORALES,No Aplica,No Aplica,No Aplica,No Aplica,VIGENCIA ACTUAL,ENTIDADES DIFERENTES A ENTIDADES TERRITORIALES - GESTION GENERAL,NO DEFINIDO,NO DEFINIDO,NO APLICA,,,2022,Primer Trimestre,,,,NO APLICA,INGRESOS CORRIENTES DE LIBRE DESTINACION,,,,,,NO APLICA,,,,,,CON SITUACION DE FONDOS,POSITIVA COMPAÑIA DE SEGUROS S.A.,NO DEFINIDO,808880.0,808880.0,808880.0
12359035,20210601,220115276,E.S.E. Centro de Salud - Floresta,2.1.2.02.02.007,SERVICIOS FINANCIEROS Y SERVICIOS CONEXOS; SERVICIOS INMOBILIARIOS; Y SERVICIOS DE ARRENDAMIENTO Y LEASING,GASTOS,FUNCIONAMIENTO,ADQUISICION DE BIENES Y SERVICIOS,ADQUISICIONES DIFERENTES DE ACTIVOS,ADQUISICION DE SERVICIOS,SERVICIOS FINANCIEROS Y SERVICIOS CONEXOS; SERVICIOS INMOBILIARIOS; Y SERVICIOS DE ARRENDAMIENTO Y LEASING,No Aplica,No Aplica,No Aplica,No Aplica,VIGENCIA ACTUAL,ENTIDADES DIFERENTES A ENTIDADES TERRITORIALES - UNIDAD DE SALUD,NO DEFINIDO,NO DEFINIDO,NO APLICA,,,2021,Segundo Trimestre,,,,91122 - SERVICIOS DE LA ADMINISTRACIÓN PÚBLICA RELACIONADOS CON LA SALUD,1.2.1.0.00 - INGRESOS CORRIENTES DE LIBRE DESTINACION,,,,,,NO APLICA,,,,,,CON SITUACION DE FONDOS,NO APLICA,NO DEFINIDO,1997167.0,1997167.0,1997167.0
12382239,20210901,220115276,E.S.E. Centro de Salud - Floresta,2.1.2.02.02.009,"SERVICIOS PARA LA COMUNIDAD, SOCIALES Y PERSONALES",GASTOS,FUNCIONAMIENTO,ADQUISICION DE BIENES Y SERVICIOS,ADQUISICIONES DIFERENTES DE ACTIVOS,ADQUISICION DE SERVICIOS,"SERVICIOS PARA LA COMUNIDAD, SOCIALES Y PERSONALES",No Aplica,No Aplica,No Aplica,No Aplica,VIGENCIA ACTUAL,ENTIDADES TERRITORIALES - SALUD,NO DEFINIDO,NO DEFINIDO,NO APLICA,,,2021,Tercer Trimestre,,,,91122 - SERVICIOS DE LA ADMINISTRACIÓN PÚBLICA RELACIONADOS CON LA SALUD,NO APLICA,,,,,,NO APLICA,,,,,,CON SITUACION DE FONDOS,E.S.E. CENTRO DE SALUD - FLORESTA,NO DEFINIDO,131340541.0,81393825.0,81393825.0
12429349,20210601,220115276,E.S.E. Centro de Salud - Floresta,2.1.2.02.02.006,"COMERCIO Y DISTRIBUCION; ALOJAMIENTO; SERVICIOS DE SUMINISTRO DE COMIDAS Y BEBIDAS; SERVICIOS DE TRANSPORTE; Y SERVICIOS DE DISTRIBUCION DE ELECTRICIDAD, GAS Y AGUA",GASTOS,FUNCIONAMIENTO,ADQUISICION DE BIENES Y SERVICIOS,ADQUISICIONES DIFERENTES DE ACTIVOS,ADQUISICION DE SERVICIOS,"COMERCIO Y DISTRIBUCION; ALOJAMIENTO; SERVICIOS DE SUMINISTRO DE COMIDAS Y BEBIDAS; SERVICIOS DE TRANSPORTE; Y SERVICIOS DE DISTRIBUCION DE ELECTRICIDAD, GAS Y AGUA",No Aplica,No Aplica,No Aplica,No Aplica,VIGENCIA ACTUAL,ENTIDADES DIFERENTES A ENTIDADES TERRITORIALES - UNIDAD DE SALUD,NO DEFINIDO,NO DEFINIDO,NO APLICA,,,2021,Segundo Trimestre,,,,91122 - SERVICIOS DE LA ADMINISTRACIÓN PÚBLICA RELACIONADOS CON LA SALUD,1.2.1.0.00 - INGRESOS CORRIENTES DE LIBRE DESTINACION,,,,,,NO APLICA,,,,,,CON SITUACION DE FONDOS,NO APLICA,NO DEFINIDO,3385710.0,2224910.0,2224910.0
12661043,20210601,220115276,E.S.E. Centro de Salud - Floresta,2.1.2.02.01.002,"PRODUCTOS ALIMENTICIOS, BEBIDAS Y TABACO, TEXTILES, PRENDAS DE VESTIR Y PRODUCTOS DE CUERO",GASTOS,FUNCIONAMIENTO,ADQUISICION DE BIENES Y SERVICIOS,ADQUISICIONES DIFERENTES DE ACTIVOS,MATERIALES Y SUMINISTROS,"PRODUCTOS ALIMENTICIOS, BEBIDAS Y TABACO, TEXTILES, PRENDAS DE VESTIR Y PRODUCTOS DE CUERO",No Aplica,No Aplica,No Aplica,No Aplica,VIGENCIA ACTUAL,ENTIDADES DIFERENTES A ENTIDADES TERRITORIALES - UNIDAD DE SALUD,NO DEFINIDO,NO DEFINIDO,NO APLICA,,,2021,Segundo Trimestre,,,,91122 - SERVICIOS DE LA ADMINISTRACIÓN PÚBLICA RELACIONADOS CON LA SALUD,1.2.1.0.00 - INGRESOS CORRIENTES DE LIBRE DESTINACION,,,,,,NO APLICA,,,,,,CON SITUACION DE FONDOS,NO APLICA,NO DEFINIDO,6645000.0,6645000.0,6645000.0
12680957,20220901,220115276,E.S.E. Centro de Salud - Floresta,2.4.1.01.02.005,APORTES GENERALES AL SISTEMA DE RIESGOS LABORALES,GASTOS,GASTOS DE OPERACION COMERCIAL,GASTOS DE PERSONAL,PLANTA DE PERSONAL PERMANENTE,CONTRIBUCIONES INHERENTES A LA NOMINA,APORTES GENERALES AL SISTEMA DE RIESGOS LABORALES,No Aplica,No Aplica,No Aplica,No Aplica,VIGENCIA ACTUAL,ENTIDADES DIFERENTES A ENTIDADES TERRITORIALES - GESTION GENERAL,NO DEFINIDO,NO DEFINIDO,NO APLICA,,,2022,Tercer Trimestre,,,,NO APLICA,INGRESOS CORRIENTES DE LIBRE DESTINACION,,,,,,NO APLICA,,,,,,CON SITUACION DE FONDOS,POSITIVA COMPAÑIA DE SEGUROS S.A.,NO DEFINIDO,2551480.0,2551480.0,2551480.0
12687082,20210301,220115276,E.S.E. Centro de Salud - Floresta,2.1.2.02.02.006,"COMERCIO Y DISTRIBUCION; ALOJAMIENTO; SERVICIOS DE SUMINISTRO DE COMIDAS Y BEBIDAS; SERVICIOS DE TRANSPORTE; Y SERVICIOS DE DISTRIBUCION DE ELECTRICIDAD, GAS Y AGUA",GASTOS,FUNCIONAMIENTO,ADQUISICION DE BIENES Y SERVICIOS,ADQUISICIONES DIFERENTES DE ACTIVOS,ADQUISICION DE SERVICIOS,"COMERCIO Y DISTRIBUCION; ALOJAMIENTO; SERVICIOS DE SUMINISTRO DE COMIDAS Y BEBIDAS; SERVICIOS DE TRANSPORTE; Y SERVICIOS DE DISTRIBUCION DE ELECTRICIDAD, GAS Y AGUA",No Aplica,No Aplica,No Aplica,No Aplica,VIGENCIA ACTUAL,ENTIDADES DIFERENTES A ENTIDADES TERRITORIALES - UNIDAD DE SALUD,NO DEFINIDO,NO DEFINIDO,NO APLICA,,,2021,Primer Trimestre,,,,91122 - SERVICIOS DE LA ADMINISTRACIÓN PÚBLICA RELACIONADOS CON LA SALUD,1.2.1.0.00 - INGRESOS CORRIENTES DE LIBRE DESTINACION,,,,,,NO APLICA,,,,,,CON SITUACION DE FONDOS,NO APLICA,NO DEFINIDO,2472930.0,860230.0,860230.0
12716184,20210301,220115276,E.S.E. Centro de Salud - Floresta,2.1.2.02.01.003,"OTROS BIENES TRANSPORTABLES EXCEPTO PRODUCTOS METALICOS, MAQUINARIA Y EQUIPO",GASTOS,FUNCIONAMIENTO,ADQUISICION DE BIENES Y SERVICIOS,ADQUISICIONES DIFERENTES DE ACTIVOS,MATERIALES Y SUMINISTROS,"OTROS BIENES TRANSPORTABLES EXCEPTO PRODUCTOS METALICOS, MAQUINARIA Y EQUIPO",No Aplica,No Aplica,No Aplica,No Aplica,VIGENCIA ACTUAL,ENTIDADES DIFERENTES A ENTIDADES TERRITORIALES - UNIDAD DE SALUD,NO DEFINIDO,NO DEFINIDO,NO APLICA,,,2021,Primer Trimestre,,,,91122 - SERVICIOS DE LA ADMINISTRACIÓN PÚBLICA RELACIONADOS CON LA SALUD,1.2.1.0.00 - INGRESOS CORRIENTES DE LIBRE DESTINACION,,,,,,NO APLICA,,,,,,CON SITUACION DE FONDOS,NO APLICA,NO DEFINIDO,5182337.0,5182337.0,5182337.0
12743508,20220901,220115276,E.S.E. Centro de Salud - Floresta,2.3.2.01.01.004.01.01.02,MUEBLES DEL TIPO UTILIZADO EN LA OFICINA,GASTOS,INVERSION,ADQUISICION DE BIENES Y SERVICIOS,ADQUISICION DE ACTIVOS NO FINANCIEROS,ACTIVOS FIJOS,ACTIVOS FIJOS NO CLASIFICADOS COMO MAQUINARIA Y EQUIPO,"MUEBLES, INSTRUMENTOS MUSICALES, ARTICULOS DE DEPORTE Y ANTIGÃ?EDADES",MUEBLES,MUEBLES DEL TIPO UTILIZADO EN LA OFICINA,No Aplica,VIGENCIA ACTUAL,ENTIDADES DIFERENTES A ENTIDADES TERRITORIALES - GESTION GENERAL,NO DEFINIDO,NO DEFINIDO,NO APLICA,,,2022,Tercer Trimestre,,,,NO APLICA,INGRESOS CORRIENTES DE LIBRE DESTINACION,,,,,,NO APLICA,,,,,,CON SITUACION DE FONDOS,E.S.E. CENTRO DE SALUD - FLORESTA,NO DEFINIDO,9026799.0,9026799.0,9026799.0
12829130,20210301,220115276,E.S.E. Centro de Salud - Floresta,2.1.2.02.02.008,SERVICIOS PRESTADOS A LAS EMPRESAS Y SERVICIOS DE PRODUCCION,GASTOS,FUNCIONAMIENTO,ADQUISICION DE BIENES Y SERVICIOS,ADQUISICIONES DIFERENTES DE ACTIVOS,ADQUISICION DE SERVICIOS,SERVICIOS PRESTADOS A LAS EMPRESAS Y SERVICIOS DE PRODUCCION,No Aplica,No Aplica,No Aplica,No Aplica,VIGENCIA ACTUAL,ENTIDADES DIFERENTES A ENTIDADES TERRITORIALES - UNIDAD DE SALUD,NO DEFINIDO,NO DEFINIDO,NO APLICA,,,2021,Primer Trimestre,,,,91122 - SERVICIOS DE LA ADMINISTRACIÓN PÚBLICA RELACIONADOS CON LA SALUD,1.2.1.0.00 - INGRESOS CORRIENTES DE LIBRE DESTINACION,,,,,,NO APLICA,,,,,,CON SITUACION DE FONDOS,NO APLICA,NO DEFINIDO,84827072.0,26676130.0,26676130.0
12876571,20210601,220115276,E.S.E. Centro de Salud - Floresta,2.1.2.02.01.003,"OTROS BIENES TRANSPORTABLES EXCEPTO PRODUCTOS METALICOS, MAQUINARIA Y EQUIPO",GASTOS,FUNCIONAMIENTO,ADQUISICION DE BIENES Y SERVICIOS,ADQUISICIONES DIFERENTES DE ACTIVOS,MATERIALES Y SUMINISTROS,"OTROS BIENES TRANSPORTABLES EXCEPTO PRODUCTOS METALICOS, MAQUINARIA Y EQUIPO",No Aplica,No Aplica,No Aplica,No Aplica,VIGENCIA ACTUAL,ENTIDADES DIFERENTES A ENTIDADES TERRITORIALES - UNIDAD DE SALUD,NO DEFINIDO,NO DEFINIDO,NO APLICA,,,2021,Segundo Trimestre,,,,91122 - SERVICIOS DE LA ADMINISTRACIÓN PÚBLICA RELACIONADOS CON LA SALUD,1.2.1.0.00 - INGRESOS CORRIENTES DE LIBRE DESTINACION,,,,,,NO APLICA,,,,,,CON SITUACION DE FONDOS,NO APLICA,NO DEFINIDO,9101337.0,7301337.0,7301337.0
12935220,20230301,220115276,E.S.E. Centro de Salud - Floresta,2.4.1.01.02.005,APORTES GENERALES AL SISTEMA DE RIESGOS LABORALES,GASTOS,GASTOS DE OPERACION COMERCIAL,GASTOS DE PERSONAL,PLANTA DE PERSONAL PERMANENTE,CONTRIBUCIONES INHERENTES A LA NOMINA,APORTES GENERALES AL SISTEMA DE RIESGOS LABORALES,No Aplica,No Aplica,No Aplica,No Aplica,VIGENCIA ACTUAL,ENTIDADES TERRITORIALES - SALUD,NO DEFINIDO,NO DEFINIDO,NO APLICA,,,2023,Primer Trimestre,,,,NO APLICA,INGRESOS CORRIENTES DE LIBRE DESTINACION,,,,,,NO APLICA,,,,,,CON SITUACION DE FONDOS,POSITIVA COMPAÑIA DE SEGUROS S.A.,NO DEFINIDO,598800.0,598800.0,598800.0
12985136,20221201,220115276,E.S.E. Centro de Salud - Floresta,2.3.2.01.01.004.01,"MUEBLES, INSTRUMENTOS MUSICALES, ARTICULOS DE DEPORTE Y ANTIGÃ?EDADES",GASTOS,INVERSION,ADQUISICION DE BIENES Y SERVICIOS,ADQUISICION DE ACTIVOS NO FINANCIEROS,ACTIVOS FIJOS,ACTIVOS FIJOS NO CLASIFICADOS COMO MAQUINARIA Y EQUIPO,"MUEBLES, INSTRUMENTOS MUSICALES, ARTICULOS DE DEPORTE Y ANTIGÃ?EDADES",No Aplica,No Aplica,No Aplica,VIGENCIA ACTUAL,ENTIDADES DIFERENTES A ENTIDADES TERRITORIALES - GESTION GENERAL,NO DEFINIDO,NO DEFINIDO,NO DEFINIDO,,,2022,Cuarto Trimestre,,,,NO DEFINIDO,NO DEFINIDO,,,,,,NO DEFINIDO,,,,,,NO DEFINIDO,NO DEFINIDO,NO DEFINIDO,9026799.0,9026799.0,9026799.0
12991428,20221201,220115276,E.S.E. Centro de Salud - Floresta,2.4.1.01.02.005,APORTES GENERALES AL SISTEMA DE RIESGOS LABORALES,GASTOS,GASTOS DE OPERACION COMERCIAL,GASTOS DE PERSONAL,PLANTA DE PERSONAL PERMANENTE,CONTRIBUCIONES INHERENTES A LA NOMINA,APORTES GENERALES AL SISTEMA DE RIESGOS LABORALES,No Aplica,No Aplica,No Aplica,No Aplica,VIGENCIA ACTUAL,ENTIDADES DIFERENTES A ENTIDADES TERRITORIALES - GESTION GENERAL,NO DEFINIDO,NO DEFINIDO,NO APLICA,,,2022,Cuarto Trimestre,,,,NO APLICA,INGRESOS CORRIENTES DE LIBRE DESTINACION,,,,,,NO APLICA,,,,,,CON SITUACION DE FONDOS,POSITIVA COMPAÑIA DE SEGUROS S.A.,NO DEFINIDO,3431280.0,3431280.0,3431280.0
13086752,20220601,220115276,E.S.E. Centro de Salud - Floresta,2.1.1.01.02.005,APORTES GENERALES AL SISTEMA DE RIESGOS LABORALES,GASTOS,FUNCIONAMIENTO,GASTOS DE PERSONAL,PLANTA DE PERSONAL PERMANENTE,CONTRIBUCIONES INHERENTES A LA NOMINA,APORTES GENERALES AL SISTEMA DE RIESGOS LABORALES,No Aplica,No Aplica,No Aplica,No Aplica,VIGENCIA ACTUAL,ENTIDADES DIFERENTES A ENTIDADES TERRITORIALES - GESTION GENERAL,NO DEFINIDO,NO DEFINIDO,NO APLICA,,,2022,Segundo Trimestre,,,,NO APLICA,INGRESOS CORRIENTES DE LIBRE DESTINACION,,,,,,NO APLICA,,,,,,CON SITUACION DE FONDOS,POSITIVA COMPAÑIA DE SEGUROS S.A.,NO DEFINIDO,891990.0,891990.0,891990.0
13225719,20220901,220115276,E.S.E. Centro de Salud - Floresta,2.3.2.01.01.004.01,"MUEBLES, INSTRUMENTOS MUSICALES, ARTICULOS DE DEPORTE Y ANTIGÃ?EDADES",GASTOS,INVERSION,ADQUISICION DE BIENES Y SERVICIOS,ADQUISICION DE ACTIVOS NO FINANCIEROS,ACTIVOS FIJOS,ACTIVOS FIJOS NO CLASIFICADOS COMO MAQUINARIA Y EQUIPO,"MUEBLES, INSTRUMENTOS MUSICALES, ARTICULOS DE DEPORTE Y ANTIGÃ?EDADES",No Aplica,No Aplica,No Aplica,VIGENCIA ACTUAL,ENTIDADES DIFERENTES A ENTIDADES TERRITORIALES - GESTION GENERAL,NO DEFINIDO,NO DEFINIDO,NO DEFINIDO,,,2022,Tercer Trimestre,,,,NO DEFINIDO,NO DEFINIDO,,,,,,NO DEFINIDO,,,,,,NO DEFINIDO,NO DEFINIDO,NO DEFINIDO,9026799.0,9026799.0,9026799.0
13241070,20220301,220115276,E.S.E. Centro de Salud - Floresta,2.3.2.01.01.004.01.01,MUEBLES,GASTOS,INVERSION,ADQUISICION DE BIENES Y SERVICIOS,ADQUISICION DE ACTIVOS NO FINANCIEROS,ACTIVOS FIJOS,ACTIVOS FIJOS NO CLASIFICADOS COMO MAQUINARIA Y EQUIPO,"MUEBLES, INSTRUMENTOS MUSICALES, ARTICULOS DE DEPORTE Y ANTIGÃ?EDADES",MUEBLES,No Aplica,No Aplica,VIGENCIA ACTUAL,ENTIDADES DIFERENTES A ENTIDADES TERRITORIALES - GESTION GENERAL,NO DEFINIDO,NO DEFINIDO,NO DEFINIDO,,,2022,Primer Trimestre,,,,NO DEFINIDO,NO DEFINIDO,,,,,,NO DEFINIDO,,,,,,NO DEFINIDO,NO DEFINIDO,NO DEFINIDO,9026799.0,9026799.0,9026799.0
13353321,20230601,220115276,E.S.E. Centro de Salud - Floresta,2.1.1.01.02.005,APORTES GENERALES AL SISTEMA DE RIESGOS LABORALES,GASTOS,FUNCIONAMIENTO,GASTOS DE PERSONAL,PLANTA DE PERSONAL PERMANENTE,CONTRIBUCIONES INHERENTES A LA NOMINA,APORTES GENERALES AL SISTEMA DE RIESGOS LABORALES,No Aplica,No Aplica,No Aplica,No Aplica,VIGENCIA ACTUAL,ENTIDADES DIFERENTES A ENTIDADES TERRITORIALES - UNIDAD DE SALUD,NO DEFINIDO,NO DEFINIDO,SALUD Y PROTECCION SOCIAL,,,2023,Segundo Trimestre,,,,NO APLICA,INGRESOS CORRIENTES DE LIBRE DESTINACION,,,,,,NO APLICA,,,,,,CON SITUACION DE FONDOS,POSITIVA COMPAÑIA DE SEGUROS S.A.,NO DEFINIDO,1121900.0,1121900.0,1121900.0
13408879,20230601,220115276,E.S.E. Centro de Salud - Floresta,2.4.1.01.02.005,APORTES GENERALES AL SISTEMA DE RIESGOS LABORALES,GASTOS,GASTOS DE OPERACION COMERCIAL,GASTOS DE PERSONAL,PLANTA DE PERSONAL PERMANENTE,CONTRIBUCIONES INHERENTES A LA NOMINA,APORTES GENERALES AL SISTEMA DE RIESGOS LABORALES,No Aplica,No Aplica,No Aplica,No Aplica,VIGENCIA ACTUAL,ENTIDADES DIFERENTES A ENTIDADES TERRITORIALES - UNIDAD DE SALUD,NO DEFINIDO,NO DEFINIDO,SALUD Y PROTECCION SOCIAL,,,2023,Segundo Trimestre,,,,NO APLICA,INGRESOS CORRIENTES DE LIBRE DESTINACION,,,,,,NO APLICA,,,,,,CON SITUACION DE FONDOS,POSITIVA COMPAÑIA DE SEGUROS S.A.,NO DEFINIDO,2050600.0,2050600.0,2050600.0
13477064,20210901,220115276,E.S.E. Centro de Salud - Floresta,2.1.2.02.01.002,"PRODUCTOS ALIMENTICIOS, BEBIDAS Y TABACO, TEXTILES, PRENDAS DE VESTIR Y PRODUCTOS DE CUERO",GASTOS,FUNCIONAMIENTO,ADQUISICION DE BIENES Y SERVICIOS,ADQUISICIONES DIFERENTES DE ACTIVOS,MATERIALES Y SUMINISTROS,"PRODUCTOS ALIMENTICIOS, BEBIDAS Y TABACO, TEXTILES, PRENDAS DE VESTIR Y PRODUCTOS DE CUERO",No Aplica,No Aplica,No Aplica,No Aplica,VIGENCIA ACTUAL,ENTIDADES TERRITORIALES - SALUD,NO DEFINIDO,NO DEFINIDO,NO APLICA,,,2021,Tercer Trimestre,,,,91122 - SERVICIOS DE LA ADMINISTRACIÓN PÚBLICA RELACIONADOS CON LA SALUD,NO APLICA,,,,,,NO APLICA,,,,,,CON SITUACION DE FONDOS,E.S.E. CENTRO DE SALUD - FLORESTA,NO DEFINIDO,6995000.0,6995000.0,6995000.0
13559222,20220301,220115276,E.S.E. Centro de Salud - Floresta,2.3.2.01.01.004.01.01.02,MUEBLES DEL TIPO UTILIZADO EN LA OFICINA,GASTOS,INVERSION,ADQUISICION DE BIENES Y SERVICIOS,ADQUISICION DE ACTIVOS NO FINANCIEROS,ACTIVOS FIJOS,ACTIVOS FIJOS NO CLASIFICADOS COMO MAQUINARIA Y EQUIPO,"MUEBLES, INSTRUMENTOS MUSICALES, ARTICULOS DE DEPORTE Y ANTIGÃ?EDADES",MUEBLES,MUEBLES DEL TIPO UTILIZADO EN LA OFICINA,No Aplica,VIGENCIA ACTUAL,ENTIDADES DIFERENTES A ENTIDADES TERRITORIALES - GESTION GENERAL,NO DEFINIDO,NO DEFINIDO,NO APLICA,,,2022,Primer Trimestre,,,,NO APLICA,INGRESOS CORRIENTES DE LIBRE DESTINACION,,,,,,NO APLICA,,,,,,CON SITUACION DE FONDOS,E.S.E. CENTRO DE SALUD - FLORESTA,NO DEFINIDO,9026799.0,9026799.0,9026799.0
13868633,20220601,220115276,E.S.E. Centro de Salud - Floresta,2.3.2.01.01.004.01,"MUEBLES, INSTRUMENTOS MUSICALES, ARTICULOS DE DEPORTE Y ANTIGÃ?EDADES",GASTOS,INVERSION,ADQUISICION DE BIENES Y SERVICIOS,ADQUISICION DE ACTIVOS NO FINANCIEROS,ACTIVOS FIJOS,ACTIVOS FIJOS NO CLASIFICADOS COMO MAQUINARIA Y EQUIPO,"MUEBLES, INSTRUMENTOS MUSICALES, ARTICULOS DE DEPORTE Y ANTIGÃ?EDADES",No Aplica,No Aplica,No Aplica,VIGENCIA ACTUAL,ENTIDADES DIFERENTES A ENTIDADES TERRITORIALES - GESTION GENERAL,NO DEFINIDO,NO DEFINIDO,NO DEFINIDO,,,2022,Segundo Trimestre,,,,NO DEFINIDO,NO DEFINIDO,,,,,,NO DEFINIDO,,,,,,NO DEFINIDO,NO DEFINIDO,NO DEFINIDO,9026799.0,9026799.0,9026799.0
13920928,20221201,220115276,E.S.E. Centro de Salud - Floresta,2.1.2.02.02.007,SERVICIOS FINANCIEROS Y SERVICIOS CONEXOS; SERVICIOS INMOBILIARIOS; Y SERVICIOS DE ARRENDAMIENTO Y LEASING,GASTOS,FUNCIONAMIENTO,ADQUISICION DE BIENES Y SERVICIOS,ADQUISICIONES DIFERENTES DE ACTIVOS,ADQUISICION DE SERVICIOS,SERVICIOS FINANCIEROS Y SERVICIOS CONEXOS; SERVICIOS INMOBILIARIOS; Y SERVICIOS DE ARRENDAMIENTO Y LEASING,No Aplica,No Aplica,No Aplica,No Aplica,VIGENCIA ACTUAL,ENTIDADES DIFERENTES A ENTIDADES TERRITORIALES - GESTION GENERAL,NO DEFINIDO,NO DEFINIDO,NO APLICA,,,2022,Cuarto Trimestre,,,,OTROS SERVICIOS DIVERSOS N C P,INGRESOS CORRIENTES DE LIBRE DESTINACION,,,,,,NO APLICA,,,,,,CON SITUACION DE FONDOS,LA PREVISORA S.A. (COMPAÑIA DE SEGUROS GENERALES),NO DEFINIDO,15938453.0,15938453.0,15938453.0
13942044,20210901,220115276,E.S.E. Centro de Salud - Floresta,2.1.2.02.01.003,"OTROS BIENES TRANSPORTABLES EXCEPTO PRODUCTOS METALICOS, MAQUINARIA Y EQUIPO",GASTOS,FUNCIONAMIENTO,ADQUISICION DE BIENES Y SERVICIOS,ADQUISICIONES DIFERENTES DE ACTIVOS,MATERIALES Y SUMINISTROS,"OTROS BIENES TRANSPORTABLES EXCEPTO PRODUCTOS METALICOS, MAQUINARIA Y EQUIPO",No Aplica,No Aplica,No Aplica,No Aplica,VIGENCIA ACTUAL,ENTIDADES TERRITORIALES - SALUD,NO DEFINIDO,NO DEFINIDO,NO APLICA,,,2021,Tercer Trimestre,,,,91122 - SERVICIOS DE LA ADMINISTRACIÓN PÚBLICA RELACIONADOS CON LA SALUD,NO APLICA,,,,,,NO APLICA,,,,,,CON SITUACION DE FONDOS,E.S.E. CENTRO DE SALUD - FLORESTA,NO DEFINIDO,11612059.0,11612059.0,11612059.0
13986136,20221201,220115276,E.S.E. Centro de Salud - Floresta,2.3.2.01.01.004.01.01,MUEBLES,GASTOS,INVERSION,ADQUISICION DE BIENES Y SERVICIOS,ADQUISICION DE ACTIVOS NO FINANCIEROS,ACTIVOS FIJOS,ACTIVOS FIJOS NO CLASIFICADOS COMO MAQUINARIA Y EQUIPO,"MUEBLES, INSTRUMENTOS MUSICALES, ARTICULOS DE DEPORTE Y ANTIGÃ?EDADES",MUEBLES,No Aplica,No Aplica,VIGENCIA ACTUAL,ENTIDADES DIFERENTES A ENTIDADES TERRITORIALES - GESTION GENERAL,NO DEFINIDO,NO DEFINIDO,NO DEFINIDO,,,2022,Cuarto Trimestre,,,,NO DEFINIDO,NO DEFINIDO,,,,,,NO DEFINIDO,,,,,,NO DEFINIDO,NO DEFINIDO,NO DEFINIDO,9026799.0,9026799.0,9026799.0
14005789,20210901,220115276,E.S.E. Centro de Salud - Floresta,2.1.2.02.02.008,SERVICIOS PRESTADOS A LAS EMPRESAS Y SERVICIOS DE PRODUCCION,GASTOS,FUNCIONAMIENTO,ADQUISICION DE BIENES Y SERVICIOS,ADQUISICIONES DIFERENTES DE ACTIVOS,ADQUISICION DE SERVICIOS,SERVICIOS PRESTADOS A LAS EMPRESAS Y SERVICIOS DE PRODUCCION,No Aplica,No Aplica,No Aplica,No Aplica,VIGENCIA ACTUAL,ENTIDADES TERRITORIALES - SALUD,NO DEFINIDO,NO DEFINIDO,NO APLICA,,,2021,Tercer Trimestre,,,,91122 - SERVICIOS DE LA ADMINISTRACIÓN PÚBLICA RELACIONADOS CON LA SALUD,NO APLICA,,,,,,NO APLICA,,,,,,CON SITUACION DE FONDOS,INSTITUTO NACIONAL DE SALUD,NO DEFINIDO,196743896.0,127893445.0,127893445.0
14084525,20221201,220115276,E.S.E. Centro de Salud - Floresta,2.3.2.01.01.004.01.01.02,MUEBLES DEL TIPO UTILIZADO EN LA OFICINA,GASTOS,INVERSION,ADQUISICION DE BIENES Y SERVICIOS,ADQUISICION DE ACTIVOS NO FINANCIEROS,ACTIVOS FIJOS,ACTIVOS FIJOS NO CLASIFICADOS COMO MAQUINARIA Y EQUIPO,"MUEBLES, INSTRUMENTOS MUSICALES, ARTICULOS DE DEPORTE Y ANTIGÃ?EDADES",MUEBLES,MUEBLES DEL TIPO UTILIZADO EN LA OFICINA,No Aplica,VIGENCIA ACTUAL,ENTIDADES DIFERENTES A ENTIDADES TERRITORIALES - GESTION GENERAL,NO DEFINIDO,NO DEFINIDO,NO APLICA,,,2022,Cuarto Trimestre,,,,NO APLICA,INGRESOS CORRIENTES DE LIBRE DESTINACION,,,,,,NO APLICA,,,,,,CON SITUACION DE FONDOS,NO APLICA,NO DEFINIDO,9026799.0,9026799.0,9026799.0
14121672,20220901,220115276,E.S.E. Centro de Salud - Floresta,2.1.1.01.02.005,APORTES GENERALES AL SISTEMA DE RIESGOS LABORALES,GASTOS,FUNCIONAMIENTO,GASTOS DE PERSONAL,PLANTA DE PERSONAL PERMANENTE,CONTRIBUCIONES INHERENTES A LA NOMINA,APORTES GENERALES AL SISTEMA DE RIESGOS LABORALES,No Aplica,No Aplica,No Aplica,No Aplica,VIGENCIA ACTUAL,ENTIDADES DIFERENTES A ENTIDADES TERRITORIALES - GESTION GENERAL,NO DEFINIDO,NO DEFINIDO,NO APLICA,,,2022,Tercer Trimestre,,,,NO APLICA,INGRESOS CORRIENTES DE LIBRE DESTINACION,,,,,,NO APLICA,,,,,,CON SITUACION DE FONDOS,POSITIVA COMPAÑIA DE SEGUROS S.A.,NO DEFINIDO,1378890.0,1378890.0,1378890.0
14262078,20210601,220115276,E.S.E. Centro de Salud - Floresta,2.1.2.02.02.008,SERVICIOS PRESTADOS A LAS EMPRESAS Y SERVICIOS DE PRODUCCION,GASTOS,FUNCIONAMIENTO,ADQUISICION DE BIENES Y SERVICIOS,ADQUISICIONES DIFERENTES DE ACTIVOS,ADQUISICION DE SERVICIOS,SERVICIOS PRESTADOS A LAS EMPRESAS Y SERVICIOS DE PRODUCCION,No Aplica,No Aplica,No Aplica,No Aplica,VIGENCIA ACTUAL,ENTIDADES DIFERENTES A ENTIDADES TERRITORIALES - UNIDAD DE SALUD,NO DEFINIDO,NO DEFINIDO,NO APLICA,,,2021,Segundo Trimestre,,,,91122 - SERVICIOS DE LA ADMINISTRACIÓN PÚBLICA RELACIONADOS CON LA SALUD,1.2.1.0.00 - INGRESOS CORRIENTES DE LIBRE DESTINACION,,,,,,NO APLICA,,,,,,CON SITUACION DE FONDOS,NO APLICA,NO DEFINIDO,127468907.0,61608978.0,61608978.0
14545741,20230901,220115276,E.S.E. Centro de Salud - Floresta,2.4.1.01.02.004,APORTES A CAJAS DE COMPENSACION FAMILIAR,GASTOS,GASTOS DE OPERACION COMERCIAL,GASTOS DE PERSONAL,PLANTA DE PERSONAL PERMANENTE,CONTRIBUCIONES INHERENTES A LA NOMINA,APORTES A CAJAS DE COMPENSACION FAMILIAR,No Aplica,No Aplica,No Aplica,No Aplica,VIGENCIA ACTUAL,ENTIDADES DIFERENTES A ENTIDADES TERRITORIALES - UNIDAD DE SALUD,NO DEFINIDO,NO DEFINIDO,SALUD Y PROTECCION SOCIAL,,,2023,Tercer Trimestre,,,,NO APLICA,INGRESOS CORRIENTES DE LIBRE DESTINACION,,,,,,NO APLICA,,,,,,CON SITUACION DE FONDOS,NO APLICA,NO DEFINIDO,5839400.0,5839400.0,5839400.0
14548097,20230901,220115276,E.S.E. Centro de Salud - Floresta,2.4.1.01.01.001.01,SUELDO BASICO,GASTOS,GASTOS DE OPERACION COMERCIAL,GASTOS DE PERSONAL,PLANTA DE PERSONAL PERMANENTE,FACTORES CONSTITUTIVOS DE SALARIO,FACTORES SALARIALES COMUNES,SUELDO BASICO,No Aplica,No Aplica,No Aplica,VIGENCIA ACTUAL,ENTIDADES DIFERENTES A ENTIDADES TERRITORIALES - UNIDAD DE SALUD,NO DEFINIDO,NO DEFINIDO,SALUD Y PROTECCION SOCIAL,,,2023,Tercer Trimestre,,,,NO APLICA,INGRESOS CORRIENTES DE LIBRE DESTINACION,,,,,,NO APLICA,,,,,,CON SITUACION DE FONDOS,NO APLICA,NO DEFINIDO,133294103.0,133294103.0,133294103.0
14552652,20230901,220115276,E.S.E. Centro de Salud - Floresta,2.4.1.01.01,FACTORES CONSTITUTIVOS DE SALARIO,GASTOS,GASTOS DE OPERACION COMERCIAL,GASTOS DE PERSONAL,PLANTA DE PERSONAL PERMANENTE,FACTORES CONSTITUTIVOS DE SALARIO,No Aplica,No Aplica,No Aplica,No Aplica,No Aplica,VIGENCIA ACTUAL,ENTIDADES DIFERENTES A ENTIDADES TERRITORIALES - UNIDAD DE SALUD,NO DEFINIDO,NO DEFINIDO,NO DEFINIDO,,,2023,Tercer Trimestre,,,,NO DEFINIDO,NO DEFINIDO,,,,,,NO DEFINIDO,,,,,,NO DEFINIDO,NO DEFINIDO,NO DEFINIDO,155488779.0,155488779.0,155488779.0
14552918,20230901,220115276,E.S.E. Centro de Salud - Floresta,2.4.5.02.09,"SERVICIOS PARA LA COMUNIDAD, SOCIALES Y PERSONALES",GASTOS,GASTOS DE OPERACION COMERCIAL,GASTOS DE COMERCIALIZACION Y PRODUCCION,ADQUISICION DE SERVICIOS,"SERVICIOS PARA LA COMUNIDAD, SOCIALES Y PERSONALES",No Aplica,No Aplica,No Aplica,No Aplica,No Aplica,VIGENCIA ACTUAL,ENTIDADES DIFERENTES A ENTIDADES TERRITORIALES - UNIDAD DE SALUD,NO DEFINIDO,NO DEFINIDO,SALUD Y PROTECCION SOCIAL,,,2023,Tercer Trimestre,,,,SERVICIOS EJECUTIVOS DE LA ADMINISTRACION PUBLICA,INGRESOS CORRIENTES DE DESTINACION ESPECIFICA POR ACTO ADMINISTRATIVO,,,,,,NO APLICA,,,,,,CON SITUACION DE FONDOS,NO APLICA,NO DEFINIDO,48400000.0,21952000.0,21952000.0
14554443,20230901,220115276,E.S.E. Centro de Salud - Floresta,2.1.1.01.02.002,APORTES A LA SEGURIDAD SOCIAL EN SALUD,GASTOS,FUNCIONAMIENTO,GASTOS DE PERSONAL,PLANTA DE PERSONAL PERMANENTE,CONTRIBUCIONES INHERENTES A LA NOMINA,APORTES A LA SEGURIDAD SOCIAL EN SALUD,No Aplica,No Aplica,No Aplica,No Aplica,VIGENCIA ACTUAL,ENTIDADES DIFERENTES A ENTIDADES TERRITORIALES - UNIDAD DE SALUD,NO DEFINIDO,NO DEFINIDO,SALUD Y PROTECCION SOCIAL,,,2023,Tercer Trimestre,,,,NO APLICA,INGRESOS CORRIENTES DE LIBRE DESTINACION,,,,,,NO APLICA,,,,,,CON SITUACION DE FONDOS,E.S.E. CENTRO DE SALUD - FLORESTA,NO DEFINIDO,5994460.0,5994460.0,5994460.0
14560881,20230901,220115276,E.S.E. Centro de Salud - Floresta,2.4.1.01.02.005,APORTES GENERALES AL SISTEMA DE RIESGOS LABORALES,GASTOS,GASTOS DE OPERACION COMERCIAL,GASTOS DE PERSONAL,PLANTA DE PERSONAL PERMANENTE,CONTRIBUCIONES INHERENTES A LA NOMINA,APORTES GENERALES AL SISTEMA DE RIESGOS LABORALES,No Aplica,No Aplica,No Aplica,No Aplica,VIGENCIA ACTUAL,ENTIDADES DIFERENTES A ENTIDADES TERRITORIALES - UNIDAD DE SALUD,NO DEFINIDO,NO DEFINIDO,SALUD Y PROTECCION SOCIAL,,,2023,Tercer Trimestre,,,,NO APLICA,INGRESOS CORRIENTES DE LIBRE DESTINACION,,,,,,NO APLICA,,,,,,CON SITUACION DE FONDOS,POSITIVA COMPAÑIA DE SEGUROS S.A.,NO DEFINIDO,3067300.0,3067300.0,3067300.0
14573834,20230901,220115276,E.S.E. Centro de Salud - Floresta,2.4.1.01.02.003,APORTES DE CESANTIAS,GASTOS,GASTOS DE OPERACION COMERCIAL,GASTOS DE PERSONAL,PLANTA DE PERSONAL PERMANENTE,CONTRIBUCIONES INHERENTES A LA NOMINA,APORTES DE CESANTIAS,No Aplica,No Aplica,No Aplica,No Aplica,VIGENCIA ACTUAL,ENTIDADES DIFERENTES A ENTIDADES TERRITORIALES - UNIDAD DE SALUD,NO DEFINIDO,NO DEFINIDO,SALUD Y PROTECCION SOCIAL,,,2023,Tercer Trimestre,,,,NO APLICA,INGRESOS CORRIENTES DE LIBRE DESTINACION,,,,,,NO APLICA,,,,,,CON SITUACION DE FONDOS,NO APLICA,NO DEFINIDO,2883404.0,2883404.0,2883404.0
14580374,20230901,220115276,E.S.E. Centro de Salud - Floresta,2.1.2.02,ADQUISICIONES DIFERENTES DE ACTIVOS,GASTOS,FUNCIONAMIENTO,ADQUISICION DE BIENES Y SERVICIOS,ADQUISICIONES DIFERENTES DE ACTIVOS,No Aplica,No Aplica,No Aplica,No Aplica,No Aplica,No Aplica,VIGENCIA ACTUAL,ENTIDADES DIFERENTES A ENTIDADES TERRITORIALES - UNIDAD DE SALUD,NO DEFINIDO,NO DEFINIDO,NO DEFINIDO,,,2023,Tercer Trimestre,,,,NO DEFINIDO,NO DEFINIDO,,,,,,NO DEFINIDO,,,,,,NO DEFINIDO,NO DEFINIDO,NO DEFINIDO,281813822.0,189790209.0,189777409.0
14592716,20230901,220115276,E.S.E. Centro de Salud - Floresta,2.1.2.02.02.008,SERVICIOS PRESTADOS A LAS EMPRESAS Y SERVICIOS DE PRODUCCION,GASTOS,FUNCIONAMIENTO,ADQUISICION DE BIENES Y SERVICIOS,ADQUISICIONES DIFERENTES DE ACTIVOS,ADQUISICION DE SERVICIOS,SERVICIOS PRESTADOS A LAS EMPRESAS Y SERVICIOS DE PRODUCCION,No Aplica,No Aplica,No Aplica,No Aplica,VIGENCIA ACTUAL,ENTIDADES DIFERENTES A ENTIDADES TERRITORIALES - UNIDAD DE SALUD,NO DEFINIDO,NO DEFINIDO,SALUD Y PROTECCION SOCIAL,,,2023,Tercer Trimestre,,,,OTROS SERVICIOS PROFESIONALES TECNICOS Y EMPRESARIALES N C P,INGRESOS CORRIENTES DE LIBRE DESTINACION,,,,,,NO APLICA,,,,,,CON SITUACION DE FONDOS,NO APLICA,NO DEFINIDO,116605518.0,91049352.0,91049352.0
14618499,20230901,220115276,E.S.E. Centro de Salud - Floresta,2.4.5.01,MATERIALES Y SUMINISTROS,GASTOS,GASTOS DE OPERACION COMERCIAL,GASTOS DE COMERCIALIZACION Y PRODUCCION,MATERIALES Y SUMINISTROS,No Aplica,No Aplica,No Aplica,No Aplica,No Aplica,No Aplica,VIGENCIA ACTUAL,ENTIDADES DIFERENTES A ENTIDADES TERRITORIALES - UNIDAD DE SALUD,NO DEFINIDO,NO DEFINIDO,NO DEFINIDO,,,2023,Tercer Trimestre,,,,NO DEFINIDO,NO DEFINIDO,,,,,,NO DEFINIDO,,,,,,NO DEFINIDO,NO DEFINIDO,NO DEFINIDO,49145668.0,33200303.0,33200303.0
14621724,20230901,220115276,E.S.E. Centro de Salud - Floresta,2.1.1.01.01.001.07,BONIFICACION POR SERVICIOS PRESTADOS,GASTOS,FUNCIONAMIENTO,GASTOS DE PERSONAL,PLANTA DE PERSONAL PERMANENTE,FACTORES CONSTITUTIVOS DE SALARIO,FACTORES SALARIALES COMUNES,BONIFICACION POR SERVICIOS PRESTADOS,No Aplica,No Aplica,No Aplica,VIGENCIA ACTUAL,ENTIDADES DIFERENTES A ENTIDADES TERRITORIALES - UNIDAD DE SALUD,NO DEFINIDO,NO DEFINIDO,SALUD Y PROTECCION SOCIAL,,,2023,Tercer Trimestre,,,,NO APLICA,INGRESOS CORRIENTES DE LIBRE DESTINACION,,,,,,NO APLICA,,,,,,CON SITUACION DE FONDOS,NO APLICA,NO DEFINIDO,2420918.0,2420918.0,2420918.0
14628424,20230901,220115276,E.S.E. Centro de Salud - Floresta,2.1.2.02.02,ADQUISICION DE SERVICIOS,GASTOS,FUNCIONAMIENTO,ADQUISICION DE BIENES Y SERVICIOS,ADQUISICIONES DIFERENTES DE ACTIVOS,ADQUISICION DE SERVICIOS,No Aplica,No Aplica,No Aplica,No Aplica,No Aplica,VIGENCIA ACTUAL,ENTIDADES DIFERENTES A ENTIDADES TERRITORIALES - UNIDAD DE SALUD,NO DEFINIDO,NO DEFINIDO,NO DEFINIDO,,,2023,Tercer Trimestre,,,,NO DEFINIDO,NO DEFINIDO,,,,,,NO DEFINIDO,,,,,,NO DEFINIDO,NO DEFINIDO,NO DEFINIDO,203224527.0,122549621.0,122536821.0
14631721,20230901,220115276,E.S.E. Centro de Salud - Floresta,2.3.2.01.01.003.03,"MAQUINARIA DE OFICINA, CONTABILIDAD E INFORMATICA",GASTOS,INVERSION,ADQUISICION DE BIENES Y SERVICIOS,ADQUISICION DE ACTIVOS NO FINANCIEROS,ACTIVOS FIJOS,MAQUINARIA Y EQUIPO,"MAQUINARIA DE OFICINA, CONTABILIDAD E INFORMATICA",No Aplica,No Aplica,No Aplica,VIGENCIA ACTUAL,ENTIDADES DIFERENTES A ENTIDADES TERRITORIALES - UNIDAD DE SALUD,NO DEFINIDO,NO DEFINIDO,NO DEFINIDO,,,2023,Tercer Trimestre,,,,NO DEFINIDO,NO DEFINIDO,,,,,,NO DEFINIDO,,,,,,NO DEFINIDO,NO DEFINIDO,NO DEFINIDO,5530000.0,5530000.0,5530000.0
14657838,20230901,220115276,E.S.E. Centro de Salud - Floresta,2.1.1.01.03,REMUNERACIONES NO CONSTITUTIVAS DE FACTOR SALARIAL,GASTOS,FUNCIONAMIENTO,GASTOS DE PERSONAL,PLANTA DE PERSONAL PERMANENTE,REMUNERACIONES NO CONSTITUTIVAS DE FACTOR SALARIAL,No Aplica,No Aplica,No Aplica,No Aplica,No Aplica,VIGENCIA ACTUAL,ENTIDADES DIFERENTES A ENTIDADES TERRITORIALES - UNIDAD DE SALUD,NO DEFINIDO,NO DEFINIDO,NO DEFINIDO,,,2023,Tercer Trimestre,,,,NO DEFINIDO,NO DEFINIDO,,,,,,NO DEFINIDO,,,,,,NO DEFINIDO,NO DEFINIDO,NO DEFINIDO,3266289.0,3266289.0,3266289.0
14666828,20230901,220115276,E.S.E. Centro de Salud - Floresta,2.4.5,GASTOS DE COMERCIALIZACION Y PRODUCCION,GASTOS,GASTOS DE OPERACION COMERCIAL,GASTOS DE COMERCIALIZACION Y PRODUCCION,No Aplica,No Aplica,No Aplica,No Aplica,No Aplica,No Aplica,No Aplica,VIGENCIA ACTUAL,ENTIDADES DIFERENTES A ENTIDADES TERRITORIALES - UNIDAD DE SALUD,NO DEFINIDO,NO DEFINIDO,NO DEFINIDO,,,2023,Tercer Trimestre,,,,NO DEFINIDO,NO DEFINIDO,,,,,,NO DEFINIDO,,,,,,NO DEFINIDO,NO DEFINIDO,NO DEFINIDO,224102668.0,125227954.0,125227954.0
14668599,20230901,220115276,E.S.E. Centro de Salud - Floresta,2.1.1.01.03.001.03,BONIFICACION ESPECIAL DE RECREACION,GASTOS,FUNCIONAMIENTO,GASTOS DE PERSONAL,PLANTA DE PERSONAL PERMANENTE,REMUNERACIONES NO CONSTITUTIVAS DE FACTOR SALARIAL,PRESTACIONES SOCIALES,BONIFICACION ESPECIAL DE RECREACION,No Aplica,No Aplica,No Aplica,VIGENCIA ACTUAL,ENTIDADES DIFERENTES A ENTIDADES TERRITORIALES - UNIDAD DE SALUD,NO DEFINIDO,NO DEFINIDO,SALUD Y PROTECCION SOCIAL,,,2023,Tercer Trimestre,,,,NO APLICA,INGRESOS CORRIENTES DE LIBRE DESTINACION,,,,,,NO APLICA,,,,,,CON SITUACION DE FONDOS,NO APLICA,NO DEFINIDO,245059.0,245059.0,245059.0
14671587,20230901,220115276,E.S.E. Centro de Salud - Floresta,2.1.1.01.01.001.10,VIATICOS DE LOS FUNCIONARIOS EN COMISION,GASTOS,FUNCIONAMIENTO,GASTOS DE PERSONAL,PLANTA DE PERSONAL PERMANENTE,FACTORES CONSTITUTIVOS DE SALARIO,FACTORES SALARIALES COMUNES,VIATICOS DE LOS FUNCIONARIOS EN COMISION,No Aplica,No Aplica,No Aplica,VIGENCIA ACTUAL,ENTIDADES DIFERENTES A ENTIDADES TERRITORIALES - UNIDAD DE SALUD,NO DEFINIDO,NO DEFINIDO,SALUD Y PROTECCION SOCIAL,,,2023,Tercer Trimestre,,,,NO APLICA,INGRESOS CORRIENTES DE LIBRE DESTINACION,,,,,,NO APLICA,,,,,,CON SITUACION DE FONDOS,NO APLICA,NO DEFINIDO,1703600.0,1703600.0,1703600.0
14683022,20230901,220115276,E.S.E. Centro de Salud - Floresta,2.4,GASTOS DE OPERACION COMERCIAL,GASTOS,GASTOS DE OPERACION COMERCIAL,No Aplica,No Aplica,No Aplica,No Aplica,No Aplica,No Aplica,No Aplica,No Aplica,VIGENCIA ACTUAL,ENTIDADES DIFERENTES A ENTIDADES TERRITORIALES - UNIDAD DE SALUD,NO DEFINIDO,NO DEFINIDO,NO DEFINIDO,,,2023,Tercer Trimestre,,,,NO DEFINIDO,NO DEFINIDO,,,,,,NO DEFINIDO,,,,,,NO DEFINIDO,NO DEFINIDO,NO DEFINIDO,432244507.0,333369793.0,333369793.0
14685046,20230901,220115276,E.S.E. Centro de Salud - Floresta,2.1.2.02.01,MATERIALES Y SUMINISTROS,GASTOS,FUNCIONAMIENTO,ADQUISICION DE BIENES Y SERVICIOS,ADQUISICIONES DIFERENTES DE ACTIVOS,MATERIALES Y SUMINISTROS,No Aplica,No Aplica,No Aplica,No Aplica,No Aplica,VIGENCIA ACTUAL,ENTIDADES DIFERENTES A ENTIDADES TERRITORIALES - UNIDAD DE SALUD,NO DEFINIDO,NO DEFINIDO,NO DEFINIDO,,,2023,Tercer Trimestre,,,,NO DEFINIDO,NO DEFINIDO,,,,,,NO DEFINIDO,,,,,,NO DEFINIDO,NO DEFINIDO,NO DEFINIDO,78589295.0,67240588.0,67240588.0
14694775,20230901,220115276,E.S.E. Centro de Salud - Floresta,2.1.8.04.07,CONTRIBUCION DE VIGILANCIA - SUPERINTENDENCIA NACIONAL DE SALUD,GASTOS,FUNCIONAMIENTO,"GASTOS POR TRIBUTOS, TASAS, CONTRIBUCIONES, MULTAS, SANCIONES E INTERESES DE MORA",CONTRIBUCIONES,CONTRIBUCION DE VIGILANCIA - SUPERINTENDENCIA NACIONAL DE SALUD,No Aplica,No Aplica,No Aplica,No Aplica,No Aplica,VIGENCIA ACTUAL,ENTIDADES DIFERENTES A ENTIDADES TERRITORIALES - UNIDAD DE SALUD,NO DEFINIDO,NO DEFINIDO,SALUD Y PROTECCION SOCIAL,,,2023,Tercer Trimestre,,,,NO APLICA,INGRESOS CORRIENTES DE LIBRE DESTINACION,,,,,,NO APLICA,,,,,,CON SITUACION DE FONDOS,SUPERINTENDENCIA NACIONAL DE SALUD,NO DEFINIDO,726309.0,726309.0,726309.0
14709324,20230901,220115276,E.S.E. Centro de Salud - Floresta,2.1.2.02.02.006,"COMERCIO Y DISTRIBUCION; ALOJAMIENTO; SERVICIOS DE SUMINISTRO DE COMIDAS Y BEBIDAS; SERVICIOS DE TRANSPORTE; Y SERVICIOS DE DISTRIBUCION DE ELECTRICIDAD, GAS Y AGUA",GASTOS,FUNCIONAMIENTO,ADQUISICION DE BIENES Y SERVICIOS,ADQUISICIONES DIFERENTES DE ACTIVOS,ADQUISICION DE SERVICIOS,"COMERCIO Y DISTRIBUCION; ALOJAMIENTO; SERVICIOS DE SUMINISTRO DE COMIDAS Y BEBIDAS; SERVICIOS DE TRANSPORTE; Y SERVICIOS DE DISTRIBUCION DE ELECTRICIDAD, GAS Y AGUA",No Aplica,No Aplica,No Aplica,No Aplica,VIGENCIA ACTUAL,ENTIDADES DIFERENTES A ENTIDADES TERRITORIALES - UNIDAD DE SALUD,NO DEFINIDO,NO DEFINIDO,SALUD Y PROTECCION SOCIAL,,,2023,Tercer Trimestre,,,,SERVICIOS DE DISTRIBUCION DE AGUA EXCEPTO POR TUBERIAS  POR CUENTA PROPIA,INGRESOS CORRIENTES DE LIBRE DESTINACION,,,,,,NO APLICA,,,,,,CON SITUACION DE FONDOS,E.S.P. EMPRESA DE ENERGIA DE BOYACA S.A.,NO DEFINIDO,14258020.0,14258020.0,14258020.0
14728683,20230901,220115276,E.S.E. Centro de Salud - Floresta,2.1.1.01.01.001.08.02,PRIMA DE VACACIONES,GASTOS,FUNCIONAMIENTO,GASTOS DE PERSONAL,PLANTA DE PERSONAL PERMANENTE,FACTORES CONSTITUTIVOS DE SALARIO,FACTORES SALARIALES COMUNES,PRESTACIONES SOCIALES,PRIMA DE VACACIONES,No Aplica,No Aplica,VIGENCIA ACTUAL,ENTIDADES DIFERENTES A ENTIDADES TERRITORIALES - UNIDAD DE SALUD,NO DEFINIDO,NO DEFINIDO,SALUD Y PROTECCION SOCIAL,,,2023,Tercer Trimestre,,,,NO APLICA,INGRESOS CORRIENTES DE LIBRE DESTINACION,,,,,,NO APLICA,,,,,,CON SITUACION DE FONDOS,NO APLICA,NO DEFINIDO,1970368.0,1970368.0,1970368.0
14729857,20230901,220115276,E.S.E. Centro de Salud - Floresta,2.1.1.01.03.001,PRESTACIONES SOCIALES,GASTOS,FUNCIONAMIENTO,GASTOS DE PERSONAL,PLANTA DE PERSONAL PERMANENTE,REMUNERACIONES NO CONSTITUTIVAS DE FACTOR SALARIAL,PRESTACIONES SOCIALES,No Aplica,No Aplica,No Aplica,No Aplica,VIGENCIA ACTUAL,ENTIDADES DIFERENTES A ENTIDADES TERRITORIALES - UNIDAD DE SALUD,NO DEFINIDO,NO DEFINIDO,NO DEFINIDO,,,2023,Tercer Trimestre,,,,NO DEFINIDO,NO DEFINIDO,,,,,,NO DEFINIDO,,,,,,NO DEFINIDO,NO DEFINIDO,NO DEFINIDO,3266289.0,3266289.0,3266289.0
14745335,20230901,220115276,E.S.E. Centro de Salud - Floresta,2.4.1.01.01.001.04,SUBSIDIO DE ALIMENTACION,GASTOS,GASTOS DE OPERACION COMERCIAL,GASTOS DE PERSONAL,PLANTA DE PERSONAL PERMANENTE,FACTORES CONSTITUTIVOS DE SALARIO,FACTORES SALARIALES COMUNES,SUBSIDIO DE ALIMENTACION,No Aplica,No Aplica,No Aplica,VIGENCIA ACTUAL,ENTIDADES DIFERENTES A ENTIDADES TERRITORIALES - UNIDAD DE SALUD,NO DEFINIDO,NO DEFINIDO,SALUD Y PROTECCION SOCIAL,,,2023,Tercer Trimestre,,,,NO APLICA,INGRESOS CORRIENTES DE LIBRE DESTINACION,,,,,,NO APLICA,,,,,,CON SITUACION DE FONDOS,NO APLICA,NO DEFINIDO,2251395.0,2251395.0,2251395.0
14752691,20230901,220115276,E.S.E. Centro de Salud - Floresta,2.1.2.02.01.002,"PRODUCTOS ALIMENTICIOS, BEBIDAS Y TABACO, TEXTILES, PRENDAS DE VESTIR Y PRODUCTOS DE CUERO",GASTOS,FUNCIONAMIENTO,ADQUISICION DE BIENES Y SERVICIOS,ADQUISICIONES DIFERENTES DE ACTIVOS,MATERIALES Y SUMINISTROS,"PRODUCTOS ALIMENTICIOS, BEBIDAS Y TABACO, TEXTILES, PRENDAS DE VESTIR Y PRODUCTOS DE CUERO",No Aplica,No Aplica,No Aplica,No Aplica,VIGENCIA ACTUAL,ENTIDADES DIFERENTES A ENTIDADES TERRITORIALES - UNIDAD DE SALUD,NO DEFINIDO,NO DEFINIDO,SALUD Y PROTECCION SOCIAL,,,2023,Tercer Trimestre,,,,ARTICULOS DE ASEO PERSONAL EN ESTROPAJO MEZCLADO CON FIBRAS TEXTILES,INGRESOS CORRIENTES DE LIBRE DESTINACION,,,,,,NO APLICA,,,,,,CON SITUACION DE FONDOS,NO APLICA,NO DEFINIDO,31441800.0,23961040.0,23961040.0
14761998,20230901,220115276,E.S.E. Centro de Salud - Floresta,2.4.1.01,PLANTA DE PERSONAL PERMANENTE,GASTOS,GASTOS DE OPERACION COMERCIAL,GASTOS DE PERSONAL,PLANTA DE PERSONAL PERMANENTE,No Aplica,No Aplica,No Aplica,No Aplica,No Aplica,No Aplica,VIGENCIA ACTUAL,ENTIDADES DIFERENTES A ENTIDADES TERRITORIALES - UNIDAD DE SALUD,NO DEFINIDO,NO DEFINIDO,NO DEFINIDO,,,2023,Tercer Trimestre,,,,NO DEFINIDO,NO DEFINIDO,,,,,,NO DEFINIDO,,,,,,NO DEFINIDO,NO DEFINIDO,NO DEFINIDO,208141839.0,208141839.0,208141839.0
14776789,20230901,220115276,E.S.E. Centro de Salud - Floresta,2.4.1.01.03.001,PRESTACIONES SOCIALES,GASTOS,GASTOS DE OPERACION COMERCIAL,GASTOS DE PERSONAL,PLANTA DE PERSONAL PERMANENTE,REMUNERACIONES NO CONSTITUTIVAS DE FACTOR SALARIAL,PRESTACIONES SOCIALES,No Aplica,No Aplica,No Aplica,No Aplica,VIGENCIA ACTUAL,ENTIDADES DIFERENTES A ENTIDADES TERRITORIALES - UNIDAD DE SALUD,NO DEFINIDO,NO DEFINIDO,NO DEFINIDO,,,2023,Tercer Trimestre,,,,NO DEFINIDO,NO DEFINIDO,,,,,,NO DEFINIDO,,,,,,NO DEFINIDO,NO DEFINIDO,NO DEFINIDO,7421668.0,7421668.0,7421668.0
14791278,20230901,220115276,E.S.E. Centro de Salud - Floresta,2.4.5.02.09,"SERVICIOS PARA LA COMUNIDAD, SOCIALES Y PERSONALES",GASTOS,GASTOS DE OPERACION COMERCIAL,GASTOS DE COMERCIALIZACION Y PRODUCCION,ADQUISICION DE SERVICIOS,"SERVICIOS PARA LA COMUNIDAD, SOCIALES Y PERSONALES",No Aplica,No Aplica,No Aplica,No Aplica,No Aplica,VIGENCIA ACTUAL,ENTIDADES DIFERENTES A ENTIDADES TERRITORIALES - UNIDAD DE SALUD,NO DEFINIDO,NO DEFINIDO,SALUD Y PROTECCION SOCIAL,,,2023,Tercer Trimestre,,,,SERVICIOS DE LA ADMINISTRACION PUBLICA RELACIONADOS CON LA SALUD,INGRESOS CORRIENTES DE LIBRE DESTINACION,,,,,,NO APLICA,,,,,,CON SITUACION DE FONDOS,NO APLICA,NO DEFINIDO,35740000.0,32623151.0,32623151.0
14791357,20230901,220115276,E.S.E. Centro de Salud - Floresta,2.3.2.01.01.003.06,"APARATOS MEDICOS, INSTRUMENTOS OPTICOS Y DE PRECISION, RELOJES",GASTOS,INVERSION,ADQUISICION DE BIENES Y SERVICIOS,ADQUISICION DE ACTIVOS NO FINANCIEROS,ACTIVOS FIJOS,MAQUINARIA Y EQUIPO,"APARATOS MEDICOS, INSTRUMENTOS OPTICOS Y DE PRECISION, RELOJES",No Aplica,No Aplica,No Aplica,VIGENCIA ACTUAL,ENTIDADES DIFERENTES A ENTIDADES TERRITORIALES - UNIDAD DE SALUD,NO DEFINIDO,NO DEFINIDO,NO DEFINIDO,,,2023,Tercer Trimestre,,,,NO DEFINIDO,NO DEFINIDO,,,,,,NO DEFINIDO,,,,,,NO DEFINIDO,NO DEFINIDO,NO DEFINIDO,14800000.0,14800000.0,14800000.0
14794702,20230901,220115276,E.S.E. Centro de Salud - Floresta,2.3.2.01.01.003,MAQUINARIA Y EQUIPO,GASTOS,INVERSION,ADQUISICION DE BIENES Y SERVICIOS,ADQUISICION DE ACTIVOS NO FINANCIEROS,ACTIVOS FIJOS,MAQUINARIA Y EQUIPO,No Aplica,No Aplica,No Aplica,No Aplica,VIGENCIA ACTUAL,ENTIDADES DIFERENTES A ENTIDADES TERRITORIALES - UNIDAD DE SALUD,NO DEFINIDO,NO DEFINIDO,NO DEFINIDO,,,2023,Tercer Trimestre,,,,NO DEFINIDO,NO DEFINIDO,,,,,,NO DEFINIDO,,,,,,NO DEFINIDO,NO DEFINIDO,NO DEFINIDO,20330000.0,20330000.0,20330000.0
14799877,20230901,220115276,E.S.E. Centro de Salud - Floresta,2.3.2.01.01,ACTIVOS FIJOS,GASTOS,INVERSION,ADQUISICION DE BIENES Y SERVICIOS,ADQUISICION DE ACTIVOS NO FINANCIEROS,ACTIVOS FIJOS,No Aplica,No Aplica,No Aplica,No Aplica,No Aplica,VIGENCIA ACTUAL,ENTIDADES DIFERENTES A ENTIDADES TERRITORIALES - UNIDAD DE SALUD,NO DEFINIDO,NO DEFINIDO,NO DEFINIDO,,,2023,Tercer Trimestre,,,,NO DEFINIDO,NO DEFINIDO,,,,,,NO DEFINIDO,,,,,,NO DEFINIDO,NO DEFINIDO,NO DEFINIDO,20330000.0,20330000.0,20330000.0
14806212,20230901,220115276,E.S.E. Centro de Salud - Floresta,2.4.1,GASTOS DE PERSONAL,GASTOS,GASTOS DE OPERACION COMERCIAL,GASTOS DE PERSONAL,No Aplica,No Aplica,No Aplica,No Aplica,No Aplica,No Aplica,No Aplica,VIGENCIA ACTUAL,ENTIDADES DIFERENTES A ENTIDADES TERRITORIALES - UNIDAD DE SALUD,NO DEFINIDO,NO DEFINIDO,NO DEFINIDO,,,2023,Tercer Trimestre,,,,NO DEFINIDO,NO DEFINIDO,,,,,,NO DEFINIDO,,,,,,NO DEFINIDO,NO DEFINIDO,NO DEFINIDO,208141839.0,208141839.0,208141839.0
14828816,20230901,220115276,E.S.E. Centro de Salud - Floresta,2.4.5.01.03,"OTROS BIENES TRANSPORTABLES EXCEPTO PRODUCTOS METALICOS, MAQUINARIA Y EQUIPO",GASTOS,GASTOS DE OPERACION COMERCIAL,GASTOS DE COMERCIALIZACION Y PRODUCCION,MATERIALES Y SUMINISTROS,"OTROS BIENES TRANSPORTABLES EXCEPTO PRODUCTOS METALICOS, MAQUINARIA Y EQUIPO",No Aplica,No Aplica,No Aplica,No Aplica,No Aplica,VIGENCIA ACTUAL,ENTIDADES DIFERENTES A ENTIDADES TERRITORIALES - UNIDAD DE SALUD,NO DEFINIDO,NO DEFINIDO,SALUD Y PROTECCION SOCIAL,,,2023,Tercer Trimestre,,,,SUTURAS QUIRURGICAS,INGRESOS CORRIENTES DE DESTINACION ESPECIFICA POR ACTO ADMINISTRATIVO,,,,,,NO APLICA,,,,,,CON SITUACION DE FONDOS,NO APLICA,NO DEFINIDO,16382420.0,11668900.0,11668900.0
14831116,20230901,220115276,E.S.E. Centro de Salud - Floresta,2.4.1.01.02.006,APORTES AL ICBF,GASTOS,GASTOS DE OPERACION COMERCIAL,GASTOS DE PERSONAL,PLANTA DE PERSONAL PERMANENTE,CONTRIBUCIONES INHERENTES A LA NOMINA,APORTES AL ICBF,No Aplica,No Aplica,No Aplica,No Aplica,VIGENCIA ACTUAL,ENTIDADES DIFERENTES A ENTIDADES TERRITORIALES - UNIDAD DE SALUD,NO DEFINIDO,NO DEFINIDO,SALUD Y PROTECCION SOCIAL,,,2023,Tercer Trimestre,,,,NO APLICA,INGRESOS CORRIENTES DE LIBRE DESTINACION,,,,,,NO APLICA,,,,,,CON SITUACION DE FONDOS,INSTITUTO COLOMBIANO DE BIENESTAR FAMILIAR,NO DEFINIDO,4309600.0,4309600.0,4309600.0
14831939,20230901,220115276,E.S.E. Centro de Salud - Floresta,2.1.2.02.02.005,CONSTRUCCION Y SERVICIOS DE LA CONSTRUCCION,GASTOS,FUNCIONAMIENTO,ADQUISICION DE BIENES Y SERVICIOS,ADQUISICIONES DIFERENTES DE ACTIVOS,ADQUISICION DE SERVICIOS,CONSTRUCCION Y SERVICIOS DE LA CONSTRUCCION,No Aplica,No Aplica,No Aplica,No Aplica,VIGENCIA ACTUAL,ENTIDADES DIFERENTES A ENTIDADES TERRITORIALES - UNIDAD DE SALUD,NO DEFINIDO,NO DEFINIDO,SALUD Y PROTECCION SOCIAL,,,2023,Tercer Trimestre,,,,SERVICIOS DE ASESORIA EN INGENIERIA,INGRESOS CORRIENTES DE LIBRE DESTINACION,,,,,,NO APLICA,,,,,,CON SITUACION DE FONDOS,NO APLICA,NO DEFINIDO,1728000.0,864000.0,864000.0
14837169,20230901,220115276,E.S.E. Centro de Salud - Floresta,2.3,INVERSION,GASTOS,INVERSION,No Aplica,No Aplica,No Aplica,No Aplica,No Aplica,No Aplica,No Aplica,No Aplica,VIGENCIA ACTUAL,ENTIDADES DIFERENTES A ENTIDADES TERRITORIALES - UNIDAD DE SALUD,NO DEFINIDO,NO DEFINIDO,NO DEFINIDO,,,2023,Tercer Trimestre,,,,NO DEFINIDO,NO DEFINIDO,,,,,,NO DEFINIDO,,,,,,NO DEFINIDO,NO DEFINIDO,NO DEFINIDO,20330000.0,20330000.0,20330000.0
14853286,20230901,220115276,E.S.E. Centro de Salud - Floresta,2.1.2.02.02.007,SERVICIOS FINANCIEROS Y SERVICIOS CONEXOS; SERVICIOS INMOBILIARIOS; Y SERVICIOS DE ARRENDAMIENTO Y LEASING,GASTOS,FUNCIONAMIENTO,ADQUISICION DE BIENES Y SERVICIOS,ADQUISICIONES DIFERENTES DE ACTIVOS,ADQUISICION DE SERVICIOS,SERVICIOS FINANCIEROS Y SERVICIOS CONEXOS; SERVICIOS INMOBILIARIOS; Y SERVICIOS DE ARRENDAMIENTO Y LEASING,No Aplica,No Aplica,No Aplica,No Aplica,VIGENCIA ACTUAL,ENTIDADES DIFERENTES A ENTIDADES TERRITORIALES - UNIDAD DE SALUD,NO DEFINIDO,NO DEFINIDO,SALUD Y PROTECCION SOCIAL,,,2023,Tercer Trimestre,,,,SERVICIOS DE SEGUROS GENERALES DE RESPONSABILIDAD CIVIL,INGRESOS CORRIENTES DE LIBRE DESTINACION,,,,,,NO APLICA,,,,,,CON SITUACION DE FONDOS,NO APLICA,NO DEFINIDO,8432989.0,4378249.0,4365449.0
14860081,20230901,220115276,E.S.E. Centro de Salud - Floresta,2.4.5.02.09,"SERVICIOS PARA LA COMUNIDAD, SOCIALES Y PERSONALES",GASTOS,GASTOS DE OPERACION COMERCIAL,GASTOS DE COMERCIALIZACION Y PRODUCCION,ADQUISICION DE SERVICIOS,"SERVICIOS PARA LA COMUNIDAD, SOCIALES Y PERSONALES",No Aplica,No Aplica,No Aplica,No Aplica,No Aplica,VIGENCIA ACTUAL,ENTIDADES DIFERENTES A ENTIDADES TERRITORIALES - UNIDAD DE SALUD,NO DEFINIDO,NO DEFINIDO,SALUD Y PROTECCION SOCIAL,,,2023,Tercer Trimestre,,,,SERVICIOS EJECUTIVOS DE LA ADMINISTRACION PUBLICA,INGRESOS CORRIENTES DE LIBRE DESTINACION,,,,,,NO APLICA,,,,,,CON SITUACION DE FONDOS,NO APLICA,NO DEFINIDO,90817000.0,37452500.0,37452500.0
14883235,20230901,220115276,E.S.E. Centro de Salud - Floresta,2.1.1.01.02.001,APORTES A LA SEGURIDAD SOCIAL EN PENSIONES,GASTOS,FUNCIONAMIENTO,GASTOS DE PERSONAL,PLANTA DE PERSONAL PERMANENTE,CONTRIBUCIONES INHERENTES A LA NOMINA,APORTES A LA SEGURIDAD SOCIAL EN PENSIONES,No Aplica,No Aplica,No Aplica,No Aplica,VIGENCIA ACTUAL,ENTIDADES DIFERENTES A ENTIDADES TERRITORIALES - UNIDAD DE SALUD,NO DEFINIDO,NO DEFINIDO,SALUD Y PROTECCION SOCIAL,,,2023,Tercer Trimestre,,,,NO APLICA,INGRESOS CORRIENTES DE LIBRE DESTINACION,,,,,,NO APLICA,,,,,,CON SITUACION DE FONDOS,E.S.E. CENTRO DE SALUD - FLORESTA,NO DEFINIDO,8476360.0,8476360.0,8476360.0
14888264,20230901,220115276,E.S.E. Centro de Salud - Floresta,2.4.1.01.02.007,APORTES AL SENA,GASTOS,GASTOS DE OPERACION COMERCIAL,GASTOS DE PERSONAL,PLANTA DE PERSONAL PERMANENTE,CONTRIBUCIONES INHERENTES A LA NOMINA,APORTES AL SENA,No Aplica,No Aplica,No Aplica,No Aplica,VIGENCIA ACTUAL,ENTIDADES DIFERENTES A ENTIDADES TERRITORIALES - UNIDAD DE SALUD,NO DEFINIDO,NO DEFINIDO,SALUD Y PROTECCION SOCIAL,,,2023,Tercer Trimestre,,,,NO APLICA,INGRESOS CORRIENTES DE LIBRE DESTINACION,,,,,,NO APLICA,,,,,,CON SITUACION DE FONDOS,SERVICIO NACIONAL DE APRENDIZAJE,NO DEFINIDO,2992500.0,2992500.0,2992500.0
14893892,20230901,220115276,E.S.E. Centro de Salud - Floresta,2.4.1.01.01.001.07,BONIFICACION POR SERVICIOS PRESTADOS,GASTOS,GASTOS DE OPERACION COMERCIAL,GASTOS DE PERSONAL,PLANTA DE PERSONAL PERMANENTE,FACTORES CONSTITUTIVOS DE SALARIO,FACTORES SALARIALES COMUNES,BONIFICACION POR SERVICIOS PRESTADOS,No Aplica,No Aplica,No Aplica,VIGENCIA ACTUAL,ENTIDADES DIFERENTES A ENTIDADES TERRITORIALES - UNIDAD DE SALUD,NO DEFINIDO,NO DEFINIDO,SALUD Y PROTECCION SOCIAL,,,2023,Tercer Trimestre,,,,NO APLICA,INGRESOS CORRIENTES DE LIBRE DESTINACION,,,,,,NO APLICA,,,,,,CON SITUACION DE FONDOS,NO APLICA,NO DEFINIDO,4793093.0,4793093.0,4793093.0
14895966,20230901,220115276,E.S.E. Centro de Salud - Floresta,2.1.2.01,ADQUISICION DE ACTIVOS NO FINANCIEROS,GASTOS,FUNCIONAMIENTO,ADQUISICION DE BIENES Y SERVICIOS,ADQUISICION DE ACTIVOS NO FINANCIEROS,No Aplica,No Aplica,No Aplica,No Aplica,No Aplica,No Aplica,VIGENCIA ACTUAL,ENTIDADES DIFERENTES A ENTIDADES TERRITORIALES - UNIDAD DE SALUD,NO DEFINIDO,NO DEFINIDO,NO DEFINIDO,,,2023,Tercer Trimestre,,,,NO DEFINIDO,NO DEFINIDO,,,,,,NO DEFINIDO,,,,,,NO DEFINIDO,NO DEFINIDO,NO DEFINIDO,6227000.0,4327000.0,4327000.0
14906163,20230901,220115276,E.S.E. Centro de Salud - Floresta,2.4.1.01.01.001.06,PRIMA DE SERVICIO,GASTOS,GASTOS DE OPERACION COMERCIAL,GASTOS DE PERSONAL,PLANTA DE PERSONAL PERMANENTE,FACTORES CONSTITUTIVOS DE SALARIO,FACTORES SALARIALES COMUNES,PRIMA DE SERVICIO,No Aplica,No Aplica,No Aplica,VIGENCIA ACTUAL,ENTIDADES DIFERENTES A ENTIDADES TERRITORIALES - UNIDAD DE SALUD,NO DEFINIDO,NO DEFINIDO,SALUD Y PROTECCION SOCIAL,,,2023,Tercer Trimestre,,,,NO APLICA,INGRESOS CORRIENTES DE LIBRE DESTINACION,,,,,,NO APLICA,,,,,,CON SITUACION DE FONDOS,NO APLICA,NO DEFINIDO,7516889.0,7516889.0,7516889.0
14907118,20230901,220115276,E.S.E. Centro de Salud - Floresta,2.1.1.01.02.006,APORTES AL ICBF,GASTOS,FUNCIONAMIENTO,GASTOS DE PERSONAL,PLANTA DE PERSONAL PERMANENTE,CONTRIBUCIONES INHERENTES A LA NOMINA,APORTES AL ICBF,No Aplica,No Aplica,No Aplica,No Aplica,VIGENCIA ACTUAL,ENTIDADES DIFERENTES A ENTIDADES TERRITORIALES - UNIDAD DE SALUD,NO DEFINIDO,NO DEFINIDO,SALUD Y PROTECCION SOCIAL,,,2023,Tercer Trimestre,,,,NO APLICA,INGRESOS CORRIENTES DE LIBRE DESTINACION,,,,,,NO APLICA,,,,,,CON SITUACION DE FONDOS,INSTITUTO COLOMBIANO DE BIENESTAR FAMILIAR,NO DEFINIDO,2198000.0,2198000.0,2198000.0
14909302,20230901,220115276,E.S.E. Centro de Salud - Floresta,2.1.1.01.01,FACTORES CONSTITUTIVOS DE SALARIO,GASTOS,FUNCIONAMIENTO,GASTOS DE PERSONAL,PLANTA DE PERSONAL PERMANENTE,FACTORES CONSTITUTIVOS DE SALARIO,No Aplica,No Aplica,No Aplica,No Aplica,No Aplica,VIGENCIA ACTUAL,ENTIDADES DIFERENTES A ENTIDADES TERRITORIALES - UNIDAD DE SALUD,NO DEFINIDO,NO DEFINIDO,NO DEFINIDO,,,2023,Tercer Trimestre,,,,NO DEFINIDO,NO DEFINIDO,,,,,,NO DEFINIDO,,,,,,NO DEFINIDO,NO DEFINIDO,NO DEFINIDO,76803899.0,76803899.0,76803899.0
14918101,20230901,220115276,E.S.E. Centro de Salud - Floresta,2.4.1.01.02,CONTRIBUCIONES INHERENTES A LA NOMINA,GASTOS,GASTOS DE OPERACION COMERCIAL,GASTOS DE PERSONAL,PLANTA DE PERSONAL PERMANENTE,CONTRIBUCIONES INHERENTES A LA NOMINA,No Aplica,No Aplica,No Aplica,No Aplica,No Aplica,VIGENCIA ACTUAL,ENTIDADES DIFERENTES A ENTIDADES TERRITORIALES - UNIDAD DE SALUD,NO DEFINIDO,NO DEFINIDO,NO DEFINIDO,,,2023,Tercer Trimestre,,,,NO DEFINIDO,NO DEFINIDO,,,,,,NO DEFINIDO,,,,,,NO DEFINIDO,NO DEFINIDO,NO DEFINIDO,45231392.0,45231392.0,45231392.0
14920953,20230901,220115276,E.S.E. Centro de Salud - Floresta,2.4.1.01.01.001,FACTORES SALARIALES COMUNES,GASTOS,GASTOS DE OPERACION COMERCIAL,GASTOS DE PERSONAL,PLANTA DE PERSONAL PERMANENTE,FACTORES CONSTITUTIVOS DE SALARIO,FACTORES SALARIALES COMUNES,No Aplica,No Aplica,No Aplica,No Aplica,VIGENCIA ACTUAL,ENTIDADES DIFERENTES A ENTIDADES TERRITORIALES - UNIDAD DE SALUD,NO DEFINIDO,NO DEFINIDO,NO DEFINIDO,,,2023,Tercer Trimestre,,,,NO DEFINIDO,NO DEFINIDO,,,,,,NO DEFINIDO,,,,,,NO DEFINIDO,NO DEFINIDO,NO DEFINIDO,155488779.0,155488779.0,155488779.0
14928662,20230901,220115276,E.S.E. Centro de Salud - Floresta,2.3.2,ADQUISICION DE BIENES Y SERVICIOS,GASTOS,INVERSION,ADQUISICION DE BIENES Y SERVICIOS,No Aplica,No Aplica,No Aplica,No Aplica,No Aplica,No Aplica,No Aplica,VIGENCIA ACTUAL,ENTIDADES DIFERENTES A ENTIDADES TERRITORIALES - UNIDAD DE SALUD,NO DEFINIDO,NO DEFINIDO,NO DEFINIDO,,,2023,Tercer Trimestre,,,,NO DEFINIDO,NO DEFINIDO,,,,,,NO DEFINIDO,,,,,,NO DEFINIDO,NO DEFINIDO,NO DEFINIDO,20330000.0,20330000.0,20330000.0
14930550,20230901,220115276,E.S.E. Centro de Salud - Floresta,2.1.2.02.01.004,PRODUCTOS METALICOS Y PAQUETES DE SOFTWARE,GASTOS,FUNCIONAMIENTO,ADQUISICION DE BIENES Y SERVICIOS,ADQUISICIONES DIFERENTES DE ACTIVOS,MATERIALES Y SUMINISTROS,PRODUCTOS METALICOS Y PAQUETES DE SOFTWARE,No Aplica,No Aplica,No Aplica,No Aplica,VIGENCIA ACTUAL,ENTIDADES DIFERENTES A ENTIDADES TERRITORIALES - UNIDAD DE SALUD,NO DEFINIDO,NO DEFINIDO,SALUD Y PROTECCION SOCIAL,,,2023,Tercer Trimestre,,,,PAQUETES DE SOFTWARE DE ADMINISTRACION DE BASES DE DATOS,INGRESOS CORRIENTES DE LIBRE DESTINACION,,,,,,NO APLICA,,,,,,CON SITUACION DE FONDOS,NO APLICA,NO DEFINIDO,19687840.0,15819893.0,15819893.0
14933550,20230901,220115276,E.S.E. Centro de Salud - Floresta,2.3.2.01,ADQUISICION DE ACTIVOS NO FINANCIEROS,GASTOS,INVERSION,ADQUISICION DE BIENES Y SERVICIOS,ADQUISICION DE ACTIVOS NO FINANCIEROS,No Aplica,No Aplica,No Aplica,No Aplica,No Aplica,No Aplica,VIGENCIA ACTUAL,ENTIDADES DIFERENTES A ENTIDADES TERRITORIALES - UNIDAD DE SALUD,NO DEFINIDO,NO DEFINIDO,NO DEFINIDO,,,2023,Tercer Trimestre,,,,NO DEFINIDO,NO DEFINIDO,,,,,,NO DEFINIDO,,,,,,NO DEFINIDO,NO DEFINIDO,NO DEFINIDO,20330000.0,20330000.0,20330000.0
14958062,20230901,220115276,E.S.E. Centro de Salud - Floresta,2.1.2.01.01.003,MAQUINARIA Y EQUIPO,GASTOS,FUNCIONAMIENTO,ADQUISICION DE BIENES Y SERVICIOS,ADQUISICION DE ACTIVOS NO FINANCIEROS,ACTIVOS FIJOS,MAQUINARIA Y EQUIPO,No Aplica,No Aplica,No Aplica,No Aplica,VIGENCIA ACTUAL,ENTIDADES DIFERENTES A ENTIDADES TERRITORIALES - UNIDAD DE SALUD,NO DEFINIDO,NO DEFINIDO,NO DEFINIDO,,,2023,Tercer Trimestre,,,,NO DEFINIDO,NO DEFINIDO,,,,,,NO DEFINIDO,,,,,,NO DEFINIDO,NO DEFINIDO,NO DEFINIDO,6227000.0,4327000.0,4327000.0
14962999,20230901,220115276,E.S.E. Centro de Salud - Floresta,2.1.1,GASTOS DE PERSONAL,GASTOS,FUNCIONAMIENTO,GASTOS DE PERSONAL,No Aplica,No Aplica,No Aplica,No Aplica,No Aplica,No Aplica,No Aplica,VIGENCIA ACTUAL,ENTIDADES DIFERENTES A ENTIDADES TERRITORIALES - UNIDAD DE SALUD,NO DEFINIDO,NO DEFINIDO,NO DEFINIDO,,,2023,Tercer Trimestre,,,,NO DEFINIDO,NO DEFINIDO,,,,,,NO DEFINIDO,,,,,,NO DEFINIDO,NO DEFINIDO,NO DEFINIDO,103775611.0,103775611.0,103775611.0
14992271,20230901,220115276,E.S.E. Centro de Salud - Floresta,2.1.1.01.02.007,APORTES AL SENA,GASTOS,FUNCIONAMIENTO,GASTOS DE PERSONAL,PLANTA DE PERSONAL PERMANENTE,CONTRIBUCIONES INHERENTES A LA NOMINA,APORTES AL SENA,No Aplica,No Aplica,No Aplica,No Aplica,VIGENCIA ACTUAL,ENTIDADES DIFERENTES A ENTIDADES TERRITORIALES - UNIDAD DE SALUD,NO DEFINIDO,NO DEFINIDO,SALUD Y PROTECCION SOCIAL,,,2023,Tercer Trimestre,,,,NO APLICA,INGRESOS CORRIENTES DE LIBRE DESTINACION,,,,,,NO APLICA,,,,,,CON SITUACION DE FONDOS,SERVICIO NACIONAL DE APRENDIZAJE,NO DEFINIDO,1466200.0,1466200.0,1466200.0
15006719,20230901,220115276,E.S.E. Centro de Salud - Floresta,2.4.5.01.03,"OTROS BIENES TRANSPORTABLES EXCEPTO PRODUCTOS METALICOS, MAQUINARIA Y EQUIPO",GASTOS,GASTOS DE OPERACION COMERCIAL,GASTOS DE COMERCIALIZACION Y PRODUCCION,MATERIALES Y SUMINISTROS,"OTROS BIENES TRANSPORTABLES EXCEPTO PRODUCTOS METALICOS, MAQUINARIA Y EQUIPO",No Aplica,No Aplica,No Aplica,No Aplica,No Aplica,VIGENCIA ACTUAL,ENTIDADES DIFERENTES A ENTIDADES TERRITORIALES - UNIDAD DE SALUD,NO DEFINIDO,NO DEFINIDO,SALUD Y PROTECCION SOCIAL,,,2023,Tercer Trimestre,,,,ADITIVOS PARA GASOLINA ACEITES MINERALES Y COMBUSTIBLE EN GENERAL,INGRESOS CORRIENTES DE LIBRE DESTINACION,,,,,,NO APLICA,,,,,,CON SITUACION DE FONDOS,NO APLICA,NO DEFINIDO,13147429.0,8075085.0,8075085.0
15052579,20230901,220115276,E.S.E. Centro de Salud - Floresta,2.1.2.01.01,ACTIVOS FIJOS,GASTOS,FUNCIONAMIENTO,ADQUISICION DE BIENES Y SERVICIOS,ADQUISICION DE ACTIVOS NO FINANCIEROS,ACTIVOS FIJOS,No Aplica,No Aplica,No Aplica,No Aplica,No Aplica,VIGENCIA ACTUAL,ENTIDADES DIFERENTES A ENTIDADES TERRITORIALES - UNIDAD DE SALUD,NO DEFINIDO,NO DEFINIDO,NO DEFINIDO,,,2023,Tercer Trimestre,,,,NO DEFINIDO,NO DEFINIDO,,,,,,NO DEFINIDO,,,,,,NO DEFINIDO,NO DEFINIDO,NO DEFINIDO,6227000.0,4327000.0,4327000.0
15053485,20230901,220115276,E.S.E. Centro de Salud - Floresta,2.1.2.01.01.003.03,"MAQUINARIA DE OFICINA, CONTABILIDAD E INFORMATICA",GASTOS,FUNCIONAMIENTO,ADQUISICION DE BIENES Y SERVICIOS,ADQUISICION DE ACTIVOS NO FINANCIEROS,ACTIVOS FIJOS,MAQUINARIA Y EQUIPO,"MAQUINARIA DE OFICINA, CONTABILIDAD E INFORMATICA",No Aplica,No Aplica,No Aplica,VIGENCIA ACTUAL,ENTIDADES DIFERENTES A ENTIDADES TERRITORIALES - UNIDAD DE SALUD,NO DEFINIDO,NO DEFINIDO,NO DEFINIDO,,,2023,Tercer Trimestre,,,,NO DEFINIDO,NO DEFINIDO,,,,,,NO DEFINIDO,,,,,,NO DEFINIDO,NO DEFINIDO,NO DEFINIDO,2302000.0,2302000.0,2302000.0
15060345,20230901,220115276,E.S.E. Centro de Salud - Floresta,2.4.1.01.02.001,APORTES A LA SEGURIDAD SOCIAL EN PENSIONES,GASTOS,GASTOS DE OPERACION COMERCIAL,GASTOS DE PERSONAL,PLANTA DE PERSONAL PERMANENTE,CONTRIBUCIONES INHERENTES A LA NOMINA,APORTES A LA SEGURIDAD SOCIAL EN PENSIONES,No Aplica,No Aplica,No Aplica,No Aplica,VIGENCIA ACTUAL,ENTIDADES DIFERENTES A ENTIDADES TERRITORIALES - UNIDAD DE SALUD,NO DEFINIDO,NO DEFINIDO,SALUD Y PROTECCION SOCIAL,,,2023,Tercer Trimestre,,,,NO APLICA,INGRESOS CORRIENTES DE LIBRE DESTINACION,,,,,,NO APLICA,,,,,,CON SITUACION DE FONDOS,E.S.E. CENTRO DE SALUD - FLORESTA,NO DEFINIDO,15338394.0,15338394.0,15338394.0
15063268,20230901,220115276,E.S.E. Centro de Salud - Floresta,2.1.1.01,PLANTA DE PERSONAL PERMANENTE,GASTOS,FUNCIONAMIENTO,GASTOS DE PERSONAL,PLANTA DE PERSONAL PERMANENTE,No Aplica,No Aplica,No Aplica,No Aplica,No Aplica,No Aplica,VIGENCIA ACTUAL,ENTIDADES DIFERENTES A ENTIDADES TERRITORIALES - UNIDAD DE SALUD,NO DEFINIDO,NO DEFINIDO,NO DEFINIDO,,,2023,Tercer Trimestre,,,,NO DEFINIDO,NO DEFINIDO,,,,,,NO DEFINIDO,,,,,,NO DEFINIDO,NO DEFINIDO,NO DEFINIDO,103775611.0,103775611.0,103775611.0
15073751,20230901,220115276,E.S.E. Centro de Salud - Floresta,2.1.8.04,CONTRIBUCIONES,GASTOS,FUNCIONAMIENTO,"GASTOS POR TRIBUTOS, TASAS, CONTRIBUCIONES, MULTAS, SANCIONES E INTERESES DE MORA",CONTRIBUCIONES,No Aplica,No Aplica,No Aplica,No Aplica,No Aplica,No Aplica,VIGENCIA ACTUAL,ENTIDADES DIFERENTES A ENTIDADES TERRITORIALES - UNIDAD DE SALUD,NO DEFINIDO,NO DEFINIDO,NO DEFINIDO,,,2023,Tercer Trimestre,,,,NO DEFINIDO,NO DEFINIDO,,,,,,NO DEFINIDO,,,,,,NO DEFINIDO,NO DEFINIDO,NO DEFINIDO,726309.0,726309.0,726309.0
15089801,20230901,220115276,E.S.E. Centro de Salud - Floresta,2.1.1.01.01.001.04,SUBSIDIO DE ALIMENTACION,GASTOS,FUNCIONAMIENTO,GASTOS DE PERSONAL,PLANTA DE PERSONAL PERMANENTE,FACTORES CONSTITUTIVOS DE SALARIO,FACTORES SALARIALES COMUNES,SUBSIDIO DE ALIMENTACION,No Aplica,No Aplica,No Aplica,VIGENCIA ACTUAL,ENTIDADES DIFERENTES A ENTIDADES TERRITORIALES - UNIDAD DE SALUD,NO DEFINIDO,NO DEFINIDO,SALUD Y PROTECCION SOCIAL,,,2023,Tercer Trimestre,,,,NO APLICA,INGRESOS CORRIENTES DE LIBRE DESTINACION,,,,,,NO APLICA,,,,,,CON SITUACION DE FONDOS,NO APLICA,NO DEFINIDO,1500930.0,1500930.0,1500930.0
15097768,20230901,220115276,E.S.E. Centro de Salud - Floresta,2.4.1.01.01.001.08,PRESTACIONES SOCIALES,GASTOS,GASTOS DE OPERACION COMERCIAL,GASTOS DE PERSONAL,PLANTA DE PERSONAL PERMANENTE,FACTORES CONSTITUTIVOS DE SALARIO,FACTORES SALARIALES COMUNES,PRESTACIONES SOCIALES,No Aplica,No Aplica,No Aplica,VIGENCIA ACTUAL,ENTIDADES DIFERENTES A ENTIDADES TERRITORIALES - UNIDAD DE SALUD,NO DEFINIDO,NO DEFINIDO,NO DEFINIDO,,,2023,Tercer Trimestre,,,,NO DEFINIDO,NO DEFINIDO,,,,,,NO DEFINIDO,,,,,,NO DEFINIDO,NO DEFINIDO,NO DEFINIDO,5952399.0,5952399.0,5952399.0
15104563,20230901,220115276,E.S.E. Centro de Salud - Floresta,2.1.1.01.01.001.08,PRESTACIONES SOCIALES,GASTOS,FUNCIONAMIENTO,GASTOS DE PERSONAL,PLANTA DE PERSONAL PERMANENTE,FACTORES CONSTITUTIVOS DE SALARIO,FACTORES SALARIALES COMUNES,PRESTACIONES SOCIALES,No Aplica,No Aplica,No Aplica,VIGENCIA ACTUAL,ENTIDADES DIFERENTES A ENTIDADES TERRITORIALES - UNIDAD DE SALUD,NO DEFINIDO,NO DEFINIDO,NO DEFINIDO,,,2023,Tercer Trimestre,,,,NO DEFINIDO,NO DEFINIDO,,,,,,NO DEFINIDO,,,,,,NO DEFINIDO,NO DEFINIDO,NO DEFINIDO,1970368.0,1970368.0,1970368.0
15118774,20230901,220115276,E.S.E. Centro de Salud - Floresta,2.1.2.01.01.003.03.02,"MAQUINARIA DE INFORMATICA Y SUS PARTES, PIEZAS Y ACCESORIOS",GASTOS,FUNCIONAMIENTO,ADQUISICION DE BIENES Y SERVICIOS,ADQUISICION DE ACTIVOS NO FINANCIEROS,ACTIVOS FIJOS,MAQUINARIA Y EQUIPO,"MAQUINARIA DE OFICINA, CONTABILIDAD E INFORMATICA","MAQUINARIA DE INFORMATICA Y SUS PARTES, PIEZAS Y ACCESORIOS",No Aplica,No Aplica,VIGENCIA ACTUAL,ENTIDADES DIFERENTES A ENTIDADES TERRITORIALES - UNIDAD DE SALUD,NO DEFINIDO,NO DEFINIDO,SALUD Y PROTECCION SOCIAL,,,2023,Tercer Trimestre,,,,NO APLICA,INGRESOS CORRIENTES DE LIBRE DESTINACION,,,,,,NO APLICA,,,,,,CON SITUACION DE FONDOS,NO APLICA,NO DEFINIDO,2302000.0,2302000.0,2302000.0
15121193,20230901,220115276,E.S.E. Centro de Salud - Floresta,2.1,FUNCIONAMIENTO,GASTOS,FUNCIONAMIENTO,No Aplica,No Aplica,No Aplica,No Aplica,No Aplica,No Aplica,No Aplica,No Aplica,VIGENCIA ACTUAL,ENTIDADES DIFERENTES A ENTIDADES TERRITORIALES - UNIDAD DE SALUD,NO DEFINIDO,NO DEFINIDO,NO DEFINIDO,,,2023,Tercer Trimestre,,,,NO DEFINIDO,NO DEFINIDO,,,,,,NO DEFINIDO,,,,,,NO DEFINIDO,NO DEFINIDO,NO DEFINIDO,392542742.0,298619129.0,298606329.0
15134634,20230901,220115276,E.S.E. Centro de Salud - Floresta,2.1.1.01.02.005,APORTES GENERALES AL SISTEMA DE RIESGOS LABORALES,GASTOS,FUNCIONAMIENTO,GASTOS DE PERSONAL,PLANTA DE PERSONAL PERMANENTE,CONTRIBUCIONES INHERENTES A LA NOMINA,APORTES GENERALES AL SISTEMA DE RIESGOS LABORALES,No Aplica,No Aplica,No Aplica,No Aplica,VIGENCIA ACTUAL,ENTIDADES DIFERENTES A ENTIDADES TERRITORIALES - UNIDAD DE SALUD,NO DEFINIDO,NO DEFINIDO,SALUD Y PROTECCION SOCIAL,,,2023,Tercer Trimestre,,,,NO APLICA,INGRESOS CORRIENTES DE LIBRE DESTINACION,,,,,,NO APLICA,,,,,,CON SITUACION DE FONDOS,POSITIVA COMPAÑIA DE SEGUROS S.A.,NO DEFINIDO,1680800.0,1680800.0,1680800.0
15151301,20230901,220115276,E.S.E. Centro de Salud - Floresta,2.1.8,"GASTOS POR TRIBUTOS, TASAS, CONTRIBUCIONES, MULTAS, SANCIONES E INTERESES DE MORA",GASTOS,FUNCIONAMIENTO,"GASTOS POR TRIBUTOS, TASAS, CONTRIBUCIONES, MULTAS, SANCIONES E INTERESES DE MORA",No Aplica,No Aplica,No Aplica,No Aplica,No Aplica,No Aplica,No Aplica,VIGENCIA ACTUAL,ENTIDADES DIFERENTES A ENTIDADES TERRITORIALES - UNIDAD DE SALUD,NO DEFINIDO,NO DEFINIDO,NO DEFINIDO,,,2023,Tercer Trimestre,,,,NO DEFINIDO,NO DEFINIDO,,,,,,NO DEFINIDO,,,,,,NO DEFINIDO,NO DEFINIDO,NO DEFINIDO,726309.0,726309.0,726309.0
15190779,20230901,220115276,E.S.E. Centro de Salud - Floresta,2.4.1.01.03.001.01,VACACIONES,GASTOS,GASTOS DE OPERACION COMERCIAL,GASTOS DE PERSONAL,PLANTA DE PERSONAL PERMANENTE,REMUNERACIONES NO CONSTITUTIVAS DE FACTOR SALARIAL,PRESTACIONES SOCIALES,VACACIONES,No Aplica,No Aplica,No Aplica,VIGENCIA ACTUAL,ENTIDADES DIFERENTES A ENTIDADES TERRITORIALES - UNIDAD DE SALUD,NO DEFINIDO,NO DEFINIDO,SALUD Y PROTECCION SOCIAL,,,2023,Tercer Trimestre,,,,NO APLICA,INGRESOS CORRIENTES DE LIBRE DESTINACION,,,,,,NO APLICA,,,,,,CON SITUACION DE FONDOS,NO APLICA,NO DEFINIDO,2285051.0,2285051.0,2285051.0
15204440,20230901,220115276,E.S.E. Centro de Salud - Floresta,2.1.1.01.03.001.02,INDEMNIZACION POR VACACIONES,GASTOS,FUNCIONAMIENTO,GASTOS DE PERSONAL,PLANTA DE PERSONAL PERMANENTE,REMUNERACIONES NO CONSTITUTIVAS DE FACTOR SALARIAL,PRESTACIONES SOCIALES,INDEMNIZACION POR VACACIONES,No Aplica,No Aplica,No Aplica,VIGENCIA ACTUAL,ENTIDADES DIFERENTES A ENTIDADES TERRITORIALES - UNIDAD DE SALUD,NO DEFINIDO,NO DEFINIDO,SALUD Y PROTECCION SOCIAL,,,2023,Tercer Trimestre,,,,NO APLICA,INGRESOS CORRIENTES DE LIBRE DESTINACION,,,,,,NO APLICA,,,,,,CON SITUACION DE FONDOS,NO APLICA,NO DEFINIDO,3021230.0,3021230.0,3021230.0
15205971,20230901,220115276,E.S.E. Centro de Salud - Floresta,2.4.1.01.01.001.08.02,PRIMA DE VACACIONES,GASTOS,GASTOS DE OPERACION COMERCIAL,GASTOS DE PERSONAL,PLANTA DE PERSONAL PERMANENTE,FACTORES CONSTITUTIVOS DE SALARIO,FACTORES SALARIALES COMUNES,PRESTACIONES SOCIALES,PRIMA DE VACACIONES,No Aplica,No Aplica,VIGENCIA ACTUAL,ENTIDADES DIFERENTES A ENTIDADES TERRITORIALES - UNIDAD DE SALUD,NO DEFINIDO,NO DEFINIDO,SALUD Y PROTECCION SOCIAL,,,2023,Tercer Trimestre,,,,NO APLICA,INGRESOS CORRIENTES DE LIBRE DESTINACION,,,,,,NO APLICA,,,,,,CON SITUACION DE FONDOS,NO APLICA,NO DEFINIDO,4908307.0,4908307.0,4908307.0
15208340,20230901,220115276,E.S.E. Centro de Salud - Floresta,2.1.2,ADQUISICION DE BIENES Y SERVICIOS,GASTOS,FUNCIONAMIENTO,ADQUISICION DE BIENES Y SERVICIOS,No Aplica,No Aplica,No Aplica,No Aplica,No Aplica,No Aplica,No Aplica,VIGENCIA ACTUAL,ENTIDADES DIFERENTES A ENTIDADES TERRITORIALES - UNIDAD DE SALUD,NO DEFINIDO,NO DEFINIDO,NO DEFINIDO,,,2023,Tercer Trimestre,,,,NO DEFINIDO,NO DEFINIDO,,,,,,NO DEFINIDO,,,,,,NO DEFINIDO,NO DEFINIDO,NO DEFINIDO,288040822.0,194117209.0,194104409.0
15222810,20230901,220115276,E.S.E. Centro de Salud - Floresta,2.1.2.02.02.008,SERVICIOS PRESTADOS A LAS EMPRESAS Y SERVICIOS DE PRODUCCION,GASTOS,FUNCIONAMIENTO,ADQUISICION DE BIENES Y SERVICIOS,ADQUISICIONES DIFERENTES DE ACTIVOS,ADQUISICION DE SERVICIOS,SERVICIOS PRESTADOS A LAS EMPRESAS Y SERVICIOS DE PRODUCCION,No Aplica,No Aplica,No Aplica,No Aplica,VIGENCIA ACTUAL,ENTIDADES DIFERENTES A ENTIDADES TERRITORIALES - UNIDAD DE SALUD,NO DEFINIDO,NO DEFINIDO,SALUD Y PROTECCION SOCIAL,,,2023,Tercer Trimestre,,,,OTROS SERVICIOS PROFESIONALES TECNICOS Y EMPRESARIALES N C P,INGRESOS CORRIENTES DE DESTINACION ESPECIFICA POR ACTO ADMINISTRATIVO,,,,,,NO APLICA,,,,,,CON SITUACION DE FONDOS,NO APLICA,NO DEFINIDO,62200000.0,12000000.0,12000000.0
15228409,20230901,220115276,E.S.E. Centro de Salud - Floresta,2.3.2.01.01.003.06.01,APARATOS MEDICOS Y QUIRURGICOS Y APARATOS ORTESICOS Y PROTESICOS,GASTOS,INVERSION,ADQUISICION DE BIENES Y SERVICIOS,ADQUISICION DE ACTIVOS NO FINANCIEROS,ACTIVOS FIJOS,MAQUINARIA Y EQUIPO,"APARATOS MEDICOS, INSTRUMENTOS OPTICOS Y DE PRECISION, RELOJES",APARATOS MEDICOS Y QUIRURGICOS Y APARATOS ORTESICOS Y PROTESICOS,No Aplica,No Aplica,VIGENCIA ACTUAL,ENTIDADES DIFERENTES A ENTIDADES TERRITORIALES - UNIDAD DE SALUD,NO DEFINIDO,NO DEFINIDO,SALUD Y PROTECCION SOCIAL,,,2023,Tercer Trimestre,,,,NO APLICA,INGRESOS CORRIENTES DE LIBRE DESTINACION,,,,,,NO APLICA,,,,,,CON SITUACION DE FONDOS,NO APLICA,NO DEFINIDO,14800000.0,14800000.0,14800000.0
15230804,20230901,220115276,E.S.E. Centro de Salud - Floresta,2.1.2.02.01.003,"OTROS BIENES TRANSPORTABLES EXCEPTO PRODUCTOS METALICOS, MAQUINARIA Y EQUIPO",GASTOS,FUNCIONAMIENTO,ADQUISICION DE BIENES Y SERVICIOS,ADQUISICIONES DIFERENTES DE ACTIVOS,MATERIALES Y SUMINISTROS,"OTROS BIENES TRANSPORTABLES EXCEPTO PRODUCTOS METALICOS, MAQUINARIA Y EQUIPO",No Aplica,No Aplica,No Aplica,No Aplica,VIGENCIA ACTUAL,ENTIDADES DIFERENTES A ENTIDADES TERRITORIALES - UNIDAD DE SALUD,NO DEFINIDO,NO DEFINIDO,SALUD Y PROTECCION SOCIAL,,,2023,Tercer Trimestre,,,,PAPEL CON MEMBRETE VENTA AL POR MENOR,INGRESOS CORRIENTES DE LIBRE DESTINACION,,,,,,NO APLICA,,,,,,CON SITUACION DE FONDOS,NO APLICA,NO DEFINIDO,14778273.0,14778273.0,14778273.0
15244288,20230901,220115276,E.S.E. Centro de Salud - Floresta,2.1.2.01.01.003.06.01,APARATOS MEDICOS Y QUIRURGICOS Y APARATOS ORTESICOS Y PROTESICOS,GASTOS,FUNCIONAMIENTO,ADQUISICION DE BIENES Y SERVICIOS,ADQUISICION DE ACTIVOS NO FINANCIEROS,ACTIVOS FIJOS,MAQUINARIA Y EQUIPO,"APARATOS MEDICOS, INSTRUMENTOS OPTICOS Y DE PRECISION, RELOJES",APARATOS MEDICOS Y QUIRURGICOS Y APARATOS ORTESICOS Y PROTESICOS,No Aplica,No Aplica,VIGENCIA ACTUAL,ENTIDADES DIFERENTES A ENTIDADES TERRITORIALES - UNIDAD DE SALUD,NO DEFINIDO,NO DEFINIDO,SALUD Y PROTECCION SOCIAL,,,2023,Tercer Trimestre,,,,NO APLICA,INGRESOS CORRIENTES DE LIBRE DESTINACION,,,,,,NO APLICA,,,,,,CON SITUACION DE FONDOS,NO APLICA,NO DEFINIDO,3925000.0,2025000.0,2025000.0
15248299,20230901,220115276,E.S.E. Centro de Salud - Floresta,2.4.1.01.01.001.08.01,PRIMA DE NAVIDAD,GASTOS,GASTOS DE OPERACION COMERCIAL,GASTOS DE PERSONAL,PLANTA DE PERSONAL PERMANENTE,FACTORES CONSTITUTIVOS DE SALARIO,FACTORES SALARIALES COMUNES,PRESTACIONES SOCIALES,PRIMA DE NAVIDAD,No Aplica,No Aplica,VIGENCIA ACTUAL,ENTIDADES DIFERENTES A ENTIDADES TERRITORIALES - UNIDAD DE SALUD,NO DEFINIDO,NO DEFINIDO,SALUD Y PROTECCION SOCIAL,,,2023,Tercer Trimestre,,,,NO APLICA,INGRESOS CORRIENTES DE LIBRE DESTINACION,,,,,,NO APLICA,,,,,,CON SITUACION DE FONDOS,NO APLICA,NO DEFINIDO,1044092.0,1044092.0,1044092.0
15252317,20230901,220115276,E.S.E. Centro de Salud - Floresta,2,GASTOS,GASTOS,No Aplica,No Aplica,No Aplica,No Aplica,No Aplica,No Aplica,No Aplica,No Aplica,No Aplica,VIGENCIA ACTUAL,ENTIDADES DIFERENTES A ENTIDADES TERRITORIALES - UNIDAD DE SALUD,NO DEFINIDO,NO DEFINIDO,NO DEFINIDO,,,2023,Tercer Trimestre,,,,NO DEFINIDO,NO DEFINIDO,,,,,,NO DEFINIDO,,,,,,NO DEFINIDO,NO DEFINIDO,NO DEFINIDO,845117249.0,652318922.0,652306122.0
15257386,20230901,220115276,E.S.E. Centro de Salud - Floresta,2.4.1.01.03,REMUNERACIONES NO CONSTITUTIVAS DE FACTOR SALARIAL,GASTOS,GASTOS DE OPERACION COMERCIAL,GASTOS DE PERSONAL,PLANTA DE PERSONAL PERMANENTE,REMUNERACIONES NO CONSTITUTIVAS DE FACTOR SALARIAL,No Aplica,No Aplica,No Aplica,No Aplica,No Aplica,VIGENCIA ACTUAL,ENTIDADES DIFERENTES A ENTIDADES TERRITORIALES - UNIDAD DE SALUD,NO DEFINIDO,NO DEFINIDO,NO DEFINIDO,,,2023,Tercer Trimestre,,,,NO DEFINIDO,NO DEFINIDO,,,,,,NO DEFINIDO,,,,,,NO DEFINIDO,NO DEFINIDO,NO DEFINIDO,7421668.0,7421668.0,7421668.0
15278681,20230901,220115276,E.S.E. Centro de Salud - Floresta,2.1.2.01.01.003.06,"APARATOS MEDICOS, INSTRUMENTOS OPTICOS Y DE PRECISION, RELOJES",GASTOS,FUNCIONAMIENTO,ADQUISICION DE BIENES Y SERVICIOS,ADQUISICION DE ACTIVOS NO FINANCIEROS,ACTIVOS FIJOS,MAQUINARIA Y EQUIPO,"APARATOS MEDICOS, INSTRUMENTOS OPTICOS Y DE PRECISION, RELOJES",No Aplica,No Aplica,No Aplica,VIGENCIA ACTUAL,ENTIDADES DIFERENTES A ENTIDADES TERRITORIALES - UNIDAD DE SALUD,NO DEFINIDO,NO DEFINIDO,NO DEFINIDO,,,2023,Tercer Trimestre,,,,NO DEFINIDO,NO DEFINIDO,,,,,,NO DEFINIDO,,,,,,NO DEFINIDO,NO DEFINIDO,NO DEFINIDO,3925000.0,2025000.0,2025000.0
15282725,20230901,220115276,E.S.E. Centro de Salud - Floresta,2.4.1.01.02.002,APORTES A LA SEGURIDAD SOCIAL EN SALUD,GASTOS,GASTOS DE OPERACION COMERCIAL,GASTOS DE PERSONAL,PLANTA DE PERSONAL PERMANENTE,CONTRIBUCIONES INHERENTES A LA NOMINA,APORTES A LA SEGURIDAD SOCIAL EN SALUD,No Aplica,No Aplica,No Aplica,No Aplica,VIGENCIA ACTUAL,ENTIDADES DIFERENTES A ENTIDADES TERRITORIALES - UNIDAD DE SALUD,NO DEFINIDO,NO DEFINIDO,SALUD Y PROTECCION SOCIAL,,,2023,Tercer Trimestre,,,,NO APLICA,INGRESOS CORRIENTES DE LIBRE DESTINACION,,,,,,NO APLICA,,,,,,CON SITUACION DE FONDOS,E.S.E. CENTRO DE SALUD - FLORESTA,NO DEFINIDO,10800794.0,10800794.0,10800794.0
15294436,20230901,220115276,E.S.E. Centro de Salud - Floresta,2.4.1.01.03.001.03,BONIFICACION ESPECIAL DE RECREACION,GASTOS,GASTOS DE OPERACION COMERCIAL,GASTOS DE PERSONAL,PLANTA DE PERSONAL PERMANENTE,REMUNERACIONES NO CONSTITUTIVAS DE FACTOR SALARIAL,PRESTACIONES SOCIALES,BONIFICACION ESPECIAL DE RECREACION,No Aplica,No Aplica,No Aplica,VIGENCIA ACTUAL,ENTIDADES DIFERENTES A ENTIDADES TERRITORIALES - UNIDAD DE SALUD,NO DEFINIDO,NO DEFINIDO,SALUD Y PROTECCION SOCIAL,,,2023,Tercer Trimestre,,,,NO APLICA,INGRESOS CORRIENTES DE LIBRE DESTINACION,,,,,,NO APLICA,,,,,,CON SITUACION DE FONDOS,NO APLICA,NO DEFINIDO,579131.0,579131.0,579131.0
15301137,20230901,220115276,E.S.E. Centro de Salud - Floresta,2.1.1.01.02.003,APORTES DE CESANTIAS,GASTOS,FUNCIONAMIENTO,GASTOS DE PERSONAL,PLANTA DE PERSONAL PERMANENTE,CONTRIBUCIONES INHERENTES A LA NOMINA,APORTES DE CESANTIAS,No Aplica,No Aplica,No Aplica,No Aplica,VIGENCIA ACTUAL,ENTIDADES DIFERENTES A ENTIDADES TERRITORIALES - UNIDAD DE SALUD,NO DEFINIDO,NO DEFINIDO,SALUD Y PROTECCION SOCIAL,,,2023,Tercer Trimestre,,,,NO APLICA,INGRESOS CORRIENTES DE LIBRE DESTINACION,,,,,,NO APLICA,,,,,,CON SITUACION DE FONDOS,NO APLICA,NO DEFINIDO,958103.0,958103.0,958103.0
15315693,20230901,220115276,E.S.E. Centro de Salud - Floresta,2.1.1.01.01.001.06,PRIMA DE SERVICIO,GASTOS,FUNCIONAMIENTO,GASTOS DE PERSONAL,PLANTA DE PERSONAL PERMANENTE,FACTORES CONSTITUTIVOS DE SALARIO,FACTORES SALARIALES COMUNES,PRIMA DE SERVICIO,No Aplica,No Aplica,No Aplica,VIGENCIA ACTUAL,ENTIDADES DIFERENTES A ENTIDADES TERRITORIALES - UNIDAD DE SALUD,NO DEFINIDO,NO DEFINIDO,SALUD Y PROTECCION SOCIAL,,,2023,Tercer Trimestre,,,,NO APLICA,INGRESOS CORRIENTES DE LIBRE DESTINACION,,,,,,NO APLICA,,,,,,CON SITUACION DE FONDOS,NO APLICA,NO DEFINIDO,3621978.0,3621978.0,3621978.0
15319083,20230901,220115276,E.S.E. Centro de Salud - Floresta,2.1.1.01.02.004,APORTES A CAJAS DE COMPENSACION FAMILIAR,GASTOS,FUNCIONAMIENTO,GASTOS DE PERSONAL,PLANTA DE PERSONAL PERMANENTE,CONTRIBUCIONES INHERENTES A LA NOMINA,APORTES A CAJAS DE COMPENSACION FAMILIAR,No Aplica,No Aplica,No Aplica,No Aplica,VIGENCIA ACTUAL,ENTIDADES DIFERENTES A ENTIDADES TERRITORIALES - UNIDAD DE SALUD,NO DEFINIDO,NO DEFINIDO,SALUD Y PROTECCION SOCIAL,,,2023,Tercer Trimestre,,,,NO APLICA,INGRESOS CORRIENTES DE LIBRE DESTINACION,,,,,,NO APLICA,,,,,,CON SITUACION DE FONDOS,NO APLICA,NO DEFINIDO,2931500.0,2931500.0,2931500.0
15319907,20230901,220115276,E.S.E. Centro de Salud - Floresta,2.1.1.01.01.001,FACTORES SALARIALES COMUNES,GASTOS,FUNCIONAMIENTO,GASTOS DE PERSONAL,PLANTA DE PERSONAL PERMANENTE,FACTORES CONSTITUTIVOS DE SALARIO,FACTORES SALARIALES COMUNES,No Aplica,No Aplica,No Aplica,No Aplica,VIGENCIA ACTUAL,ENTIDADES DIFERENTES A ENTIDADES TERRITORIALES - UNIDAD DE SALUD,NO DEFINIDO,NO DEFINIDO,NO DEFINIDO,,,2023,Tercer Trimestre,,,,NO DEFINIDO,NO DEFINIDO,,,,,,NO DEFINIDO,,,,,,NO DEFINIDO,NO DEFINIDO,NO DEFINIDO,76803899.0,76803899.0,76803899.0
15350472,20230901,220115276,E.S.E. Centro de Salud - Floresta,2.4.1.01.01.001.10,VIATICOS DE LOS FUNCIONARIOS EN COMISION,GASTOS,GASTOS DE OPERACION COMERCIAL,GASTOS DE PERSONAL,PLANTA DE PERSONAL PERMANENTE,FACTORES CONSTITUTIVOS DE SALARIO,FACTORES SALARIALES COMUNES,VIATICOS DE LOS FUNCIONARIOS EN COMISION,No Aplica,No Aplica,No Aplica,VIGENCIA ACTUAL,ENTIDADES DIFERENTES A ENTIDADES TERRITORIALES - UNIDAD DE SALUD,NO DEFINIDO,NO DEFINIDO,SALUD Y PROTECCION SOCIAL,,,2023,Tercer Trimestre,,,,NO APLICA,INGRESOS CORRIENTES DE LIBRE DESTINACION,,,,,,NO APLICA,,,,,,CON SITUACION DE FONDOS,NO APLICA,NO DEFINIDO,1680900.0,1680900.0,1680900.0
15354245,20230901,220115276,E.S.E. Centro de Salud - Floresta,2.1.1.01.01.001.01,SUELDO BASICO,GASTOS,FUNCIONAMIENTO,GASTOS DE PERSONAL,PLANTA DE PERSONAL PERMANENTE,FACTORES CONSTITUTIVOS DE SALARIO,FACTORES SALARIALES COMUNES,SUELDO BASICO,No Aplica,No Aplica,No Aplica,VIGENCIA ACTUAL,ENTIDADES DIFERENTES A ENTIDADES TERRITORIALES - UNIDAD DE SALUD,NO DEFINIDO,NO DEFINIDO,SALUD Y PROTECCION SOCIAL,,,2023,Tercer Trimestre,,,,NO APLICA,INGRESOS CORRIENTES DE LIBRE DESTINACION,,,,,,NO APLICA,,,,,,CON SITUACION DE FONDOS,NO APLICA,NO DEFINIDO,65586105.0,65586105.0,65586105.0
15372054,20230901,220115276,E.S.E. Centro de Salud - Floresta,2.4.5.02,ADQUISICION DE SERVICIOS,GASTOS,GASTOS DE OPERACION COMERCIAL,GASTOS DE COMERCIALIZACION Y PRODUCCION,ADQUISICION DE SERVICIOS,No Aplica,No Aplica,No Aplica,No Aplica,No Aplica,No Aplica,VIGENCIA ACTUAL,ENTIDADES DIFERENTES A ENTIDADES TERRITORIALES - UNIDAD DE SALUD,NO DEFINIDO,NO DEFINIDO,NO DEFINIDO,,,2023,Tercer Trimestre,,,,NO DEFINIDO,NO DEFINIDO,,,,,,NO DEFINIDO,,,,,,NO DEFINIDO,NO DEFINIDO,NO DEFINIDO,174957000.0,92027651.0,92027651.0
15383910,20230901,220115276,E.S.E. Centro de Salud - Floresta,2.4.1.01.03.001.02,INDEMNIZACION POR VACACIONES,GASTOS,GASTOS DE OPERACION COMERCIAL,GASTOS DE PERSONAL,PLANTA DE PERSONAL PERMANENTE,REMUNERACIONES NO CONSTITUTIVAS DE FACTOR SALARIAL,PRESTACIONES SOCIALES,INDEMNIZACION POR VACACIONES,No Aplica,No Aplica,No Aplica,VIGENCIA ACTUAL,ENTIDADES DIFERENTES A ENTIDADES TERRITORIALES - UNIDAD DE SALUD,NO DEFINIDO,NO DEFINIDO,SALUD Y PROTECCION SOCIAL,,,2023,Tercer Trimestre,,,,NO APLICA,INGRESOS CORRIENTES DE LIBRE DESTINACION,,,,,,NO APLICA,,,,,,CON SITUACION DE FONDOS,NO APLICA,NO DEFINIDO,4557486.0,4557486.0,4557486.0
15385807,20230901,220115276,E.S.E. Centro de Salud - Floresta,2.1.2.02.01.003,"OTROS BIENES TRANSPORTABLES EXCEPTO PRODUCTOS METALICOS, MAQUINARIA Y EQUIPO",GASTOS,FUNCIONAMIENTO,ADQUISICION DE BIENES Y SERVICIOS,ADQUISICIONES DIFERENTES DE ACTIVOS,MATERIALES Y SUMINISTROS,"OTROS BIENES TRANSPORTABLES EXCEPTO PRODUCTOS METALICOS, MAQUINARIA Y EQUIPO",No Aplica,No Aplica,No Aplica,No Aplica,VIGENCIA ACTUAL,ENTIDADES DIFERENTES A ENTIDADES TERRITORIALES - UNIDAD DE SALUD,NO DEFINIDO,NO DEFINIDO,SALUD Y PROTECCION SOCIAL,,,2023,Tercer Trimestre,,,,ARTICULOS N C P DE CARTON Y PAPEL,INGRESOS CORRIENTES DE LIBRE DESTINACION,,,,,,NO APLICA,,,,,,CON SITUACION DE FONDOS,NO APLICA,NO DEFINIDO,12681382.0,12681382.0,12681382.0
15387152,20230901,220115276,E.S.E. Centro de Salud - Floresta,2.1.1.01.02,CONTRIBUCIONES INHERENTES A LA NOMINA,GASTOS,FUNCIONAMIENTO,GASTOS DE PERSONAL,PLANTA DE PERSONAL PERMANENTE,CONTRIBUCIONES INHERENTES A LA NOMINA,No Aplica,No Aplica,No Aplica,No Aplica,No Aplica,VIGENCIA ACTUAL,ENTIDADES DIFERENTES A ENTIDADES TERRITORIALES - UNIDAD DE SALUD,NO DEFINIDO,NO DEFINIDO,NO DEFINIDO,,,2023,Tercer Trimestre,,,,NO DEFINIDO,NO DEFINIDO,,,,,,NO DEFINIDO,,,,,,NO DEFINIDO,NO DEFINIDO,NO DEFINIDO,23705423.0,23705423.0,23705423.0
15399257,20230901,220115276,E.S.E. Centro de Salud - Floresta,2.3.2.01.01.003.03.01,"MAQUINAS PARA OFICINA Y CONTABILIDAD, Y SUS PARTES Y ACCESORIOS",GASTOS,INVERSION,ADQUISICION DE BIENES Y SERVICIOS,ADQUISICION DE ACTIVOS NO FINANCIEROS,ACTIVOS FIJOS,MAQUINARIA Y EQUIPO,"MAQUINARIA DE OFICINA, CONTABILIDAD E INFORMATICA","MAQUINAS PARA OFICINA Y CONTABILIDAD, Y SUS PARTES Y ACCESORIOS",No Aplica,No Aplica,VIGENCIA ACTUAL,ENTIDADES DIFERENTES A ENTIDADES TERRITORIALES - UNIDAD DE SALUD,NO DEFINIDO,NO DEFINIDO,SALUD Y PROTECCION SOCIAL,,,2023,Tercer Trimestre,,,,NO APLICA,INGRESOS CORRIENTES DE LIBRE DESTINACION,,,,,,NO APLICA,,,,,,CON SITUACION DE FONDOS,NO APLICA,NO DEFINIDO,5530000.0,5530000.0,5530000.0
15402915,20230901,220115276,E.S.E. Centro de Salud - Floresta,2.4.5.01.03,"OTROS BIENES TRANSPORTABLES EXCEPTO PRODUCTOS METALICOS, MAQUINARIA Y EQUIPO",GASTOS,GASTOS DE OPERACION COMERCIAL,GASTOS DE COMERCIALIZACION Y PRODUCCION,MATERIALES Y SUMINISTROS,"OTROS BIENES TRANSPORTABLES EXCEPTO PRODUCTOS METALICOS, MAQUINARIA Y EQUIPO",No Aplica,No Aplica,No Aplica,No Aplica,No Aplica,VIGENCIA ACTUAL,ENTIDADES DIFERENTES A ENTIDADES TERRITORIALES - UNIDAD DE SALUD,NO DEFINIDO,NO DEFINIDO,SALUD Y PROTECCION SOCIAL,,,2023,Tercer Trimestre,,,,SUTURAS QUIRURGICAS,INGRESOS CORRIENTES DE LIBRE DESTINACION,,,,,,NO APLICA,,,,,,CON SITUACION DE FONDOS,NO APLICA,NO DEFINIDO,19615819.0,13456318.0,13456318.0
